voterId,rank1,rank2,rank3,rank4,rank5,rank6,rank7,rank8,rank9,rank10,numSeats,numCands
0,John BELL (SNP),skipped,skipped,skipped,skipped,skipped,skipped,skipped,skipped,skipped,3,9
1,John BELL (SNP),skipped,skipped,skipped,skipped,skipped,skipped,skipped,skipped,skipped,3,9
2,John BELL (SNP),skipped,skipped,skipped,skipped,skipped,skipped,skipped,skipped,skipped,3,9
3,John BELL (SNP),skipped,skipped,skipped,skipped,skipped,skipped,skipped,skipped,skipped,3,9
4,John BELL (SNP),skipped,skipped,skipped,skipped,skipped,skipped,skipped,skipped,skipped,3,9
5,John BELL (SNP),skipped,skipped,skipped,skipped,skipped,skipped,skipped,skipped,skipped,3,9
6,John BELL (SNP),skipped,skipped,skipped,skipped,skipped,skipped,skipped,skipped,skipped,3,9
7,John BELL (SNP),skipped,skipped,skipped,skipped,skipped,skipped,skipped,skipped,skipped,3,9
8,John BELL (SNP),skipped,skipped,skipped,skipped,skipped,skipped,skipped,skipped,skipped,3,9
9,John BELL (SNP),skipped,skipped,skipped,skipped,skipped,skipped,skipped,skipped,skipped,3,9
10,John BELL (SNP),skipped,skipped,skipped,skipped,skipped,skipped,skipped,skipped,skipped,3,9
11,John BELL (SNP),skipped,skipped,skipped,skipped,skipped,skipped,skipped,skipped,skipped,3,9
12,John BELL (SNP),skipped,skipped,skipped,skipped,skipped,skipped,skipped,skipped,skipped,3,9
13,John BELL (SNP),skipped,skipped,skipped,skipped,skipped,skipped,skipped,skipped,skipped,3,9
14,John BELL (SNP),skipped,skipped,skipped,skipped,skipped,skipped,skipped,skipped,skipped,3,9
15,John BELL (SNP),skipped,skipped,skipped,skipped,skipped,skipped,skipped,skipped,skipped,3,9
16,John BELL (SNP),skipped,skipped,skipped,skipped,skipped,skipped,skipped,skipped,skipped,3,9
17,John BELL (SNP),skipped,skipped,skipped,skipped,skipped,skipped,skipped,skipped,skipped,3,9
18,John BELL (SNP),skipped,skipped,skipped,skipped,skipped,skipped,skipped,skipped,skipped,3,9
19,John BELL (SNP),skipped,skipped,skipped,skipped,skipped,skipped,skipped,skipped,skipped,3,9
20,John BELL (SNP),skipped,skipped,skipped,skipped,skipped,skipped,skipped,skipped,skipped,3,9
21,John BELL (SNP),skipped,skipped,skipped,skipped,skipped,skipped,skipped,skipped,skipped,3,9
22,John BELL (SNP),skipped,skipped,skipped,skipped,skipped,skipped,skipped,skipped,skipped,3,9
23,John BELL (SNP),skipped,skipped,skipped,skipped,skipped,skipped,skipped,skipped,skipped,3,9
24,John BELL (SNP),skipped,skipped,skipped,skipped,skipped,skipped,skipped,skipped,skipped,3,9
25,John BELL (SNP),skipped,skipped,skipped,skipped,skipped,skipped,skipped,skipped,skipped,3,9
26,John BELL (SNP),skipped,skipped,skipped,skipped,skipped,skipped,skipped,skipped,skipped,3,9
27,John BELL (SNP),skipped,skipped,skipped,skipped,skipped,skipped,skipped,skipped,skipped,3,9
28,John BELL (SNP),skipped,skipped,skipped,skipped,skipped,skipped,skipped,skipped,skipped,3,9
29,John BELL (SNP),skipped,skipped,skipped,skipped,skipped,skipped,skipped,skipped,skipped,3,9
30,John BELL (SNP),skipped,skipped,skipped,skipped,skipped,skipped,skipped,skipped,skipped,3,9
31,John BELL (SNP),skipped,skipped,skipped,skipped,skipped,skipped,skipped,skipped,skipped,3,9
32,John BELL (SNP),skipped,skipped,skipped,skipped,skipped,skipped,skipped,skipped,skipped,3,9
33,John BELL (SNP),skipped,skipped,skipped,skipped,skipped,skipped,skipped,skipped,skipped,3,9
34,John BELL (SNP),skipped,skipped,skipped,skipped,skipped,skipped,skipped,skipped,skipped,3,9
35,John BELL (SNP),skipped,skipped,skipped,skipped,skipped,skipped,skipped,skipped,skipped,3,9
36,John BELL (SNP),skipped,skipped,skipped,skipped,skipped,skipped,skipped,skipped,skipped,3,9
37,John BELL (SNP),skipped,skipped,skipped,skipped,skipped,skipped,skipped,skipped,skipped,3,9
38,John BELL (SNP),skipped,skipped,skipped,skipped,skipped,skipped,skipped,skipped,skipped,3,9
39,John BELL (SNP),skipped,skipped,skipped,skipped,skipped,skipped,skipped,skipped,skipped,3,9
40,John BELL (SNP),skipped,skipped,skipped,skipped,skipped,skipped,skipped,skipped,skipped,3,9
41,John BELL (SNP),Elaine DINWOODIE (Lab),skipped,skipped,skipped,skipped,skipped,skipped,skipped,skipped,3,9
42,John BELL (SNP),Elaine DINWOODIE (Lab),skipped,skipped,skipped,skipped,skipped,skipped,skipped,skipped,3,9
43,John BELL (SNP),Elaine DINWOODIE (Lab),skipped,skipped,skipped,skipped,skipped,skipped,skipped,skipped,3,9
44,John BELL (SNP),Elaine DINWOODIE (Lab),skipped,skipped,skipped,skipped,skipped,skipped,skipped,skipped,3,9
45,John BELL (SNP),Elaine DINWOODIE (Lab),skipped,skipped,skipped,skipped,skipped,skipped,skipped,skipped,3,9
46,John BELL (SNP),Elaine DINWOODIE (Lab),skipped,skipped,skipped,skipped,skipped,skipped,skipped,skipped,3,9
47,John BELL (SNP),Elaine DINWOODIE (Lab),skipped,skipped,skipped,skipped,skipped,skipped,skipped,skipped,3,9
48,John BELL (SNP),Elaine DINWOODIE (Lab),skipped,skipped,skipped,skipped,skipped,skipped,skipped,skipped,3,9
49,John BELL (SNP),Elaine DINWOODIE (Lab),Anne FAIRLIE (SNP),skipped,skipped,skipped,skipped,skipped,skipped,skipped,3,9
50,John BELL (SNP),Elaine DINWOODIE (Lab),Anne FAIRLIE (SNP),skipped,skipped,skipped,skipped,skipped,skipped,skipped,3,9
51,John BELL (SNP),Elaine DINWOODIE (Lab),Anne FAIRLIE (SNP),skipped,skipped,skipped,skipped,skipped,skipped,skipped,3,9
52,John BELL (SNP),Elaine DINWOODIE (Lab),Anne FAIRLIE (SNP),skipped,skipped,skipped,skipped,skipped,skipped,skipped,3,9
53,John BELL (SNP),Elaine DINWOODIE (Lab),Anne FAIRLIE (SNP),skipped,skipped,skipped,skipped,skipped,skipped,skipped,3,9
54,John BELL (SNP),Elaine DINWOODIE (Lab),Anne FAIRLIE (SNP),skipped,skipped,skipped,skipped,skipped,skipped,skipped,3,9
55,John BELL (SNP),Elaine DINWOODIE (Lab),Anne FAIRLIE (SNP),skipped,skipped,skipped,skipped,skipped,skipped,skipped,3,9
56,John BELL (SNP),Elaine DINWOODIE (Lab),Anne FAIRLIE (SNP),skipped,skipped,skipped,skipped,skipped,skipped,skipped,3,9
57,John BELL (SNP),Elaine DINWOODIE (Lab),Anne FAIRLIE (SNP),Drew FILSON (Ind),skipped,skipped,skipped,skipped,skipped,skipped,3,9
58,John BELL (SNP),Elaine DINWOODIE (Lab),Anne FAIRLIE (SNP),Drew FILSON (Ind),Alison HARPER (C),Mark MITCHELL (Libtn),Craig MURRAY (Grn),Elaine STEWART (Lab),John YOUNG (Ind),skipped,3,9
59,John BELL (SNP),Elaine DINWOODIE (Lab),Anne FAIRLIE (SNP),Drew FILSON (Ind),Alison HARPER (C),Mark MITCHELL (Libtn),Craig MURRAY (Grn),Elaine STEWART (Lab),John YOUNG (Ind),skipped,3,9
60,John BELL (SNP),Elaine DINWOODIE (Lab),Anne FAIRLIE (SNP),Drew FILSON (Ind),Alison HARPER (C),Mark MITCHELL (Libtn),Craig MURRAY (Grn),Elaine STEWART (Lab),John YOUNG (Ind),skipped,3,9
61,John BELL (SNP),Elaine DINWOODIE (Lab),Anne FAIRLIE (SNP),Elaine STEWART (Lab),skipped,skipped,skipped,skipped,skipped,skipped,3,9
62,John BELL (SNP),Elaine DINWOODIE (Lab),Drew FILSON (Ind),skipped,skipped,skipped,skipped,skipped,skipped,skipped,3,9
63,John BELL (SNP),Elaine DINWOODIE (Lab),Drew FILSON (Ind),skipped,skipped,skipped,skipped,skipped,skipped,skipped,3,9
64,John BELL (SNP),Elaine DINWOODIE (Lab),Drew FILSON (Ind),Anne FAIRLIE (SNP),Alison HARPER (C),Mark MITCHELL (Libtn),Craig MURRAY (Grn),Elaine STEWART (Lab),skipped,skipped,3,9
65,John BELL (SNP),Elaine DINWOODIE (Lab),Drew FILSON (Ind),Anne FAIRLIE (SNP),Mark MITCHELL (Libtn),Alison HARPER (C),Elaine STEWART (Lab),Craig MURRAY (Grn),John YOUNG (Ind),skipped,3,9
66,John BELL (SNP),Elaine DINWOODIE (Lab),Drew FILSON (Ind),Anne FAIRLIE (SNP),Elaine STEWART (Lab),John YOUNG (Ind),Alison HARPER (C),Mark MITCHELL (Libtn),Craig MURRAY (Grn),skipped,3,9
67,John BELL (SNP),Elaine DINWOODIE (Lab),Drew FILSON (Ind),Elaine STEWART (Lab),skipped,skipped,skipped,skipped,skipped,skipped,3,9
68,John BELL (SNP),Elaine DINWOODIE (Lab),Drew FILSON (Ind),Elaine STEWART (Lab),skipped,skipped,skipped,skipped,skipped,skipped,3,9
69,John BELL (SNP),Elaine DINWOODIE (Lab),Drew FILSON (Ind),John YOUNG (Ind),Elaine STEWART (Lab),Anne FAIRLIE (SNP),Mark MITCHELL (Libtn),Craig MURRAY (Grn),Alison HARPER (C),skipped,3,9
70,John BELL (SNP),Elaine DINWOODIE (Lab),Craig MURRAY (Grn),skipped,skipped,skipped,skipped,skipped,skipped,skipped,3,9
71,John BELL (SNP),Elaine DINWOODIE (Lab),Craig MURRAY (Grn),skipped,skipped,skipped,skipped,skipped,skipped,skipped,3,9
72,John BELL (SNP),Elaine DINWOODIE (Lab),Craig MURRAY (Grn),Anne FAIRLIE (SNP),skipped,skipped,skipped,skipped,skipped,skipped,3,9
73,John BELL (SNP),Elaine DINWOODIE (Lab),Elaine STEWART (Lab),skipped,skipped,skipped,skipped,skipped,skipped,skipped,3,9
74,John BELL (SNP),Elaine DINWOODIE (Lab),Elaine STEWART (Lab),skipped,skipped,skipped,skipped,skipped,skipped,skipped,3,9
75,John BELL (SNP),Elaine DINWOODIE (Lab),Elaine STEWART (Lab),skipped,skipped,skipped,skipped,skipped,skipped,skipped,3,9
76,John BELL (SNP),Elaine DINWOODIE (Lab),Elaine STEWART (Lab),Anne FAIRLIE (SNP),Drew FILSON (Ind),John YOUNG (Ind),Craig MURRAY (Grn),Mark MITCHELL (Libtn),Alison HARPER (C),skipped,3,9
77,John BELL (SNP),Elaine DINWOODIE (Lab),John YOUNG (Ind),Alison HARPER (C),skipped,skipped,skipped,skipped,skipped,skipped,3,9
78,John BELL (SNP),Elaine DINWOODIE (Lab),John YOUNG (Ind),Mark MITCHELL (Libtn),Alison HARPER (C),Anne FAIRLIE (SNP),Drew FILSON (Ind),Craig MURRAY (Grn),Elaine STEWART (Lab),skipped,3,9
79,John BELL (SNP),Anne FAIRLIE (SNP),skipped,skipped,skipped,skipped,skipped,skipped,skipped,skipped,3,9
80,John BELL (SNP),Anne FAIRLIE (SNP),skipped,skipped,skipped,skipped,skipped,skipped,skipped,skipped,3,9
81,John BELL (SNP),Anne FAIRLIE (SNP),skipped,skipped,skipped,skipped,skipped,skipped,skipped,skipped,3,9
82,John BELL (SNP),Anne FAIRLIE (SNP),skipped,skipped,skipped,skipped,skipped,skipped,skipped,skipped,3,9
83,John BELL (SNP),Anne FAIRLIE (SNP),skipped,skipped,skipped,skipped,skipped,skipped,skipped,skipped,3,9
84,John BELL (SNP),Anne FAIRLIE (SNP),skipped,skipped,skipped,skipped,skipped,skipped,skipped,skipped,3,9
85,John BELL (SNP),Anne FAIRLIE (SNP),skipped,skipped,skipped,skipped,skipped,skipped,skipped,skipped,3,9
86,John BELL (SNP),Anne FAIRLIE (SNP),skipped,skipped,skipped,skipped,skipped,skipped,skipped,skipped,3,9
87,John BELL (SNP),Anne FAIRLIE (SNP),skipped,skipped,skipped,skipped,skipped,skipped,skipped,skipped,3,9
88,John BELL (SNP),Anne FAIRLIE (SNP),skipped,skipped,skipped,skipped,skipped,skipped,skipped,skipped,3,9
89,John BELL (SNP),Anne FAIRLIE (SNP),skipped,skipped,skipped,skipped,skipped,skipped,skipped,skipped,3,9
90,John BELL (SNP),Anne FAIRLIE (SNP),skipped,skipped,skipped,skipped,skipped,skipped,skipped,skipped,3,9
91,John BELL (SNP),Anne FAIRLIE (SNP),skipped,skipped,skipped,skipped,skipped,skipped,skipped,skipped,3,9
92,John BELL (SNP),Anne FAIRLIE (SNP),skipped,skipped,skipped,skipped,skipped,skipped,skipped,skipped,3,9
93,John BELL (SNP),Anne FAIRLIE (SNP),skipped,skipped,skipped,skipped,skipped,skipped,skipped,skipped,3,9
94,John BELL (SNP),Anne FAIRLIE (SNP),skipped,skipped,skipped,skipped,skipped,skipped,skipped,skipped,3,9
95,John BELL (SNP),Anne FAIRLIE (SNP),skipped,skipped,skipped,skipped,skipped,skipped,skipped,skipped,3,9
96,John BELL (SNP),Anne FAIRLIE (SNP),skipped,skipped,skipped,skipped,skipped,skipped,skipped,skipped,3,9
97,John BELL (SNP),Anne FAIRLIE (SNP),skipped,skipped,skipped,skipped,skipped,skipped,skipped,skipped,3,9
98,John BELL (SNP),Anne FAIRLIE (SNP),skipped,skipped,skipped,skipped,skipped,skipped,skipped,skipped,3,9
99,John BELL (SNP),Anne FAIRLIE (SNP),skipped,skipped,skipped,skipped,skipped,skipped,skipped,skipped,3,9
100,John BELL (SNP),Anne FAIRLIE (SNP),skipped,skipped,skipped,skipped,skipped,skipped,skipped,skipped,3,9
101,John BELL (SNP),Anne FAIRLIE (SNP),skipped,skipped,skipped,skipped,skipped,skipped,skipped,skipped,3,9
102,John BELL (SNP),Anne FAIRLIE (SNP),skipped,skipped,skipped,skipped,skipped,skipped,skipped,skipped,3,9
103,John BELL (SNP),Anne FAIRLIE (SNP),skipped,skipped,skipped,skipped,skipped,skipped,skipped,skipped,3,9
104,John BELL (SNP),Anne FAIRLIE (SNP),skipped,skipped,skipped,skipped,skipped,skipped,skipped,skipped,3,9
105,John BELL (SNP),Anne FAIRLIE (SNP),skipped,skipped,skipped,skipped,skipped,skipped,skipped,skipped,3,9
106,John BELL (SNP),Anne FAIRLIE (SNP),skipped,skipped,skipped,skipped,skipped,skipped,skipped,skipped,3,9
107,John BELL (SNP),Anne FAIRLIE (SNP),skipped,skipped,skipped,skipped,skipped,skipped,skipped,skipped,3,9
108,John BELL (SNP),Anne FAIRLIE (SNP),skipped,skipped,skipped,skipped,skipped,skipped,skipped,skipped,3,9
109,John BELL (SNP),Anne FAIRLIE (SNP),skipped,skipped,skipped,skipped,skipped,skipped,skipped,skipped,3,9
110,John BELL (SNP),Anne FAIRLIE (SNP),skipped,skipped,skipped,skipped,skipped,skipped,skipped,skipped,3,9
111,John BELL (SNP),Anne FAIRLIE (SNP),skipped,skipped,skipped,skipped,skipped,skipped,skipped,skipped,3,9
112,John BELL (SNP),Anne FAIRLIE (SNP),skipped,skipped,skipped,skipped,skipped,skipped,skipped,skipped,3,9
113,John BELL (SNP),Anne FAIRLIE (SNP),skipped,skipped,skipped,skipped,skipped,skipped,skipped,skipped,3,9
114,John BELL (SNP),Anne FAIRLIE (SNP),skipped,skipped,skipped,skipped,skipped,skipped,skipped,skipped,3,9
115,John BELL (SNP),Anne FAIRLIE (SNP),skipped,skipped,skipped,skipped,skipped,skipped,skipped,skipped,3,9
116,John BELL (SNP),Anne FAIRLIE (SNP),skipped,skipped,skipped,skipped,skipped,skipped,skipped,skipped,3,9
117,John BELL (SNP),Anne FAIRLIE (SNP),skipped,skipped,skipped,skipped,skipped,skipped,skipped,skipped,3,9
118,John BELL (SNP),Anne FAIRLIE (SNP),skipped,skipped,skipped,skipped,skipped,skipped,skipped,skipped,3,9
119,John BELL (SNP),Anne FAIRLIE (SNP),skipped,skipped,skipped,skipped,skipped,skipped,skipped,skipped,3,9
120,John BELL (SNP),Anne FAIRLIE (SNP),skipped,skipped,skipped,skipped,skipped,skipped,skipped,skipped,3,9
121,John BELL (SNP),Anne FAIRLIE (SNP),skipped,skipped,skipped,skipped,skipped,skipped,skipped,skipped,3,9
122,John BELL (SNP),Anne FAIRLIE (SNP),skipped,skipped,skipped,skipped,skipped,skipped,skipped,skipped,3,9
123,John BELL (SNP),Anne FAIRLIE (SNP),skipped,skipped,skipped,skipped,skipped,skipped,skipped,skipped,3,9
124,John BELL (SNP),Anne FAIRLIE (SNP),skipped,skipped,skipped,skipped,skipped,skipped,skipped,skipped,3,9
125,John BELL (SNP),Anne FAIRLIE (SNP),skipped,skipped,skipped,skipped,skipped,skipped,skipped,skipped,3,9
126,John BELL (SNP),Anne FAIRLIE (SNP),skipped,skipped,skipped,skipped,skipped,skipped,skipped,skipped,3,9
127,John BELL (SNP),Anne FAIRLIE (SNP),skipped,skipped,skipped,skipped,skipped,skipped,skipped,skipped,3,9
128,John BELL (SNP),Anne FAIRLIE (SNP),skipped,skipped,skipped,skipped,skipped,skipped,skipped,skipped,3,9
129,John BELL (SNP),Anne FAIRLIE (SNP),skipped,skipped,skipped,skipped,skipped,skipped,skipped,skipped,3,9
130,John BELL (SNP),Anne FAIRLIE (SNP),skipped,skipped,skipped,skipped,skipped,skipped,skipped,skipped,3,9
131,John BELL (SNP),Anne FAIRLIE (SNP),skipped,skipped,skipped,skipped,skipped,skipped,skipped,skipped,3,9
132,John BELL (SNP),Anne FAIRLIE (SNP),skipped,skipped,skipped,skipped,skipped,skipped,skipped,skipped,3,9
133,John BELL (SNP),Anne FAIRLIE (SNP),skipped,skipped,skipped,skipped,skipped,skipped,skipped,skipped,3,9
134,John BELL (SNP),Anne FAIRLIE (SNP),skipped,skipped,skipped,skipped,skipped,skipped,skipped,skipped,3,9
135,John BELL (SNP),Anne FAIRLIE (SNP),skipped,skipped,skipped,skipped,skipped,skipped,skipped,skipped,3,9
136,John BELL (SNP),Anne FAIRLIE (SNP),skipped,skipped,skipped,skipped,skipped,skipped,skipped,skipped,3,9
137,John BELL (SNP),Anne FAIRLIE (SNP),skipped,skipped,skipped,skipped,skipped,skipped,skipped,skipped,3,9
138,John BELL (SNP),Anne FAIRLIE (SNP),skipped,skipped,skipped,skipped,skipped,skipped,skipped,skipped,3,9
139,John BELL (SNP),Anne FAIRLIE (SNP),skipped,skipped,skipped,skipped,skipped,skipped,skipped,skipped,3,9
140,John BELL (SNP),Anne FAIRLIE (SNP),skipped,skipped,skipped,skipped,skipped,skipped,skipped,skipped,3,9
141,John BELL (SNP),Anne FAIRLIE (SNP),skipped,skipped,skipped,skipped,skipped,skipped,skipped,skipped,3,9
142,John BELL (SNP),Anne FAIRLIE (SNP),skipped,skipped,skipped,skipped,skipped,skipped,skipped,skipped,3,9
143,John BELL (SNP),Anne FAIRLIE (SNP),skipped,skipped,skipped,skipped,skipped,skipped,skipped,skipped,3,9
144,John BELL (SNP),Anne FAIRLIE (SNP),skipped,skipped,skipped,skipped,skipped,skipped,skipped,skipped,3,9
145,John BELL (SNP),Anne FAIRLIE (SNP),skipped,skipped,skipped,skipped,skipped,skipped,skipped,skipped,3,9
146,John BELL (SNP),Anne FAIRLIE (SNP),skipped,skipped,skipped,skipped,skipped,skipped,skipped,skipped,3,9
147,John BELL (SNP),Anne FAIRLIE (SNP),skipped,skipped,skipped,skipped,skipped,skipped,skipped,skipped,3,9
148,John BELL (SNP),Anne FAIRLIE (SNP),skipped,skipped,skipped,skipped,skipped,skipped,skipped,skipped,3,9
149,John BELL (SNP),Anne FAIRLIE (SNP),skipped,skipped,skipped,skipped,skipped,skipped,skipped,skipped,3,9
150,John BELL (SNP),Anne FAIRLIE (SNP),skipped,skipped,skipped,skipped,skipped,skipped,skipped,skipped,3,9
151,John BELL (SNP),Anne FAIRLIE (SNP),skipped,skipped,skipped,skipped,skipped,skipped,skipped,skipped,3,9
152,John BELL (SNP),Anne FAIRLIE (SNP),skipped,skipped,skipped,skipped,skipped,skipped,skipped,skipped,3,9
153,John BELL (SNP),Anne FAIRLIE (SNP),skipped,skipped,skipped,skipped,skipped,skipped,skipped,skipped,3,9
154,John BELL (SNP),Anne FAIRLIE (SNP),skipped,skipped,skipped,skipped,skipped,skipped,skipped,skipped,3,9
155,John BELL (SNP),Anne FAIRLIE (SNP),skipped,skipped,skipped,skipped,skipped,skipped,skipped,skipped,3,9
156,John BELL (SNP),Anne FAIRLIE (SNP),skipped,skipped,skipped,skipped,skipped,skipped,skipped,skipped,3,9
157,John BELL (SNP),Anne FAIRLIE (SNP),skipped,skipped,skipped,skipped,skipped,skipped,skipped,skipped,3,9
158,John BELL (SNP),Anne FAIRLIE (SNP),skipped,skipped,skipped,skipped,skipped,skipped,skipped,skipped,3,9
159,John BELL (SNP),Anne FAIRLIE (SNP),skipped,skipped,skipped,skipped,skipped,skipped,skipped,skipped,3,9
160,John BELL (SNP),Anne FAIRLIE (SNP),skipped,skipped,skipped,skipped,skipped,skipped,skipped,skipped,3,9
161,John BELL (SNP),Anne FAIRLIE (SNP),skipped,skipped,skipped,skipped,skipped,skipped,skipped,skipped,3,9
162,John BELL (SNP),Anne FAIRLIE (SNP),skipped,skipped,skipped,skipped,skipped,skipped,skipped,skipped,3,9
163,John BELL (SNP),Anne FAIRLIE (SNP),skipped,skipped,skipped,skipped,skipped,skipped,skipped,skipped,3,9
164,John BELL (SNP),Anne FAIRLIE (SNP),skipped,skipped,skipped,skipped,skipped,skipped,skipped,skipped,3,9
165,John BELL (SNP),Anne FAIRLIE (SNP),skipped,skipped,skipped,skipped,skipped,skipped,skipped,skipped,3,9
166,John BELL (SNP),Anne FAIRLIE (SNP),skipped,skipped,skipped,skipped,skipped,skipped,skipped,skipped,3,9
167,John BELL (SNP),Anne FAIRLIE (SNP),skipped,skipped,skipped,skipped,skipped,skipped,skipped,skipped,3,9
168,John BELL (SNP),Anne FAIRLIE (SNP),skipped,skipped,skipped,skipped,skipped,skipped,skipped,skipped,3,9
169,John BELL (SNP),Anne FAIRLIE (SNP),skipped,skipped,skipped,skipped,skipped,skipped,skipped,skipped,3,9
170,John BELL (SNP),Anne FAIRLIE (SNP),skipped,skipped,skipped,skipped,skipped,skipped,skipped,skipped,3,9
171,John BELL (SNP),Anne FAIRLIE (SNP),skipped,skipped,skipped,skipped,skipped,skipped,skipped,skipped,3,9
172,John BELL (SNP),Anne FAIRLIE (SNP),skipped,skipped,skipped,skipped,skipped,skipped,skipped,skipped,3,9
173,John BELL (SNP),Anne FAIRLIE (SNP),skipped,skipped,skipped,skipped,skipped,skipped,skipped,skipped,3,9
174,John BELL (SNP),Anne FAIRLIE (SNP),skipped,skipped,skipped,skipped,skipped,skipped,skipped,skipped,3,9
175,John BELL (SNP),Anne FAIRLIE (SNP),skipped,skipped,skipped,skipped,skipped,skipped,skipped,skipped,3,9
176,John BELL (SNP),Anne FAIRLIE (SNP),skipped,skipped,skipped,skipped,skipped,skipped,skipped,skipped,3,9
177,John BELL (SNP),Anne FAIRLIE (SNP),skipped,skipped,skipped,skipped,skipped,skipped,skipped,skipped,3,9
178,John BELL (SNP),Anne FAIRLIE (SNP),skipped,skipped,skipped,skipped,skipped,skipped,skipped,skipped,3,9
179,John BELL (SNP),Anne FAIRLIE (SNP),skipped,skipped,skipped,skipped,skipped,skipped,skipped,skipped,3,9
180,John BELL (SNP),Anne FAIRLIE (SNP),skipped,skipped,skipped,skipped,skipped,skipped,skipped,skipped,3,9
181,John BELL (SNP),Anne FAIRLIE (SNP),skipped,skipped,skipped,skipped,skipped,skipped,skipped,skipped,3,9
182,John BELL (SNP),Anne FAIRLIE (SNP),skipped,skipped,skipped,skipped,skipped,skipped,skipped,skipped,3,9
183,John BELL (SNP),Anne FAIRLIE (SNP),skipped,skipped,skipped,skipped,skipped,skipped,skipped,skipped,3,9
184,John BELL (SNP),Anne FAIRLIE (SNP),skipped,skipped,skipped,skipped,skipped,skipped,skipped,skipped,3,9
185,John BELL (SNP),Anne FAIRLIE (SNP),skipped,skipped,skipped,skipped,skipped,skipped,skipped,skipped,3,9
186,John BELL (SNP),Anne FAIRLIE (SNP),skipped,skipped,skipped,skipped,skipped,skipped,skipped,skipped,3,9
187,John BELL (SNP),Anne FAIRLIE (SNP),skipped,skipped,skipped,skipped,skipped,skipped,skipped,skipped,3,9
188,John BELL (SNP),Anne FAIRLIE (SNP),skipped,skipped,skipped,skipped,skipped,skipped,skipped,skipped,3,9
189,John BELL (SNP),Anne FAIRLIE (SNP),skipped,skipped,skipped,skipped,skipped,skipped,skipped,skipped,3,9
190,John BELL (SNP),Anne FAIRLIE (SNP),skipped,skipped,skipped,skipped,skipped,skipped,skipped,skipped,3,9
191,John BELL (SNP),Anne FAIRLIE (SNP),skipped,skipped,skipped,skipped,skipped,skipped,skipped,skipped,3,9
192,John BELL (SNP),Anne FAIRLIE (SNP),skipped,skipped,skipped,skipped,skipped,skipped,skipped,skipped,3,9
193,John BELL (SNP),Anne FAIRLIE (SNP),skipped,skipped,skipped,skipped,skipped,skipped,skipped,skipped,3,9
194,John BELL (SNP),Anne FAIRLIE (SNP),skipped,skipped,skipped,skipped,skipped,skipped,skipped,skipped,3,9
195,John BELL (SNP),Anne FAIRLIE (SNP),skipped,skipped,skipped,skipped,skipped,skipped,skipped,skipped,3,9
196,John BELL (SNP),Anne FAIRLIE (SNP),skipped,skipped,skipped,skipped,skipped,skipped,skipped,skipped,3,9
197,John BELL (SNP),Anne FAIRLIE (SNP),skipped,skipped,skipped,skipped,skipped,skipped,skipped,skipped,3,9
198,John BELL (SNP),Anne FAIRLIE (SNP),skipped,skipped,skipped,skipped,skipped,skipped,skipped,skipped,3,9
199,John BELL (SNP),Anne FAIRLIE (SNP),skipped,skipped,skipped,skipped,skipped,skipped,skipped,skipped,3,9
200,John BELL (SNP),Anne FAIRLIE (SNP),skipped,skipped,skipped,skipped,skipped,skipped,skipped,skipped,3,9
201,John BELL (SNP),Anne FAIRLIE (SNP),skipped,skipped,skipped,skipped,skipped,skipped,skipped,skipped,3,9
202,John BELL (SNP),Anne FAIRLIE (SNP),skipped,skipped,skipped,skipped,skipped,skipped,skipped,skipped,3,9
203,John BELL (SNP),Anne FAIRLIE (SNP),skipped,skipped,skipped,skipped,skipped,skipped,skipped,skipped,3,9
204,John BELL (SNP),Anne FAIRLIE (SNP),skipped,skipped,skipped,skipped,skipped,skipped,skipped,skipped,3,9
205,John BELL (SNP),Anne FAIRLIE (SNP),skipped,skipped,skipped,skipped,skipped,skipped,skipped,skipped,3,9
206,John BELL (SNP),Anne FAIRLIE (SNP),skipped,skipped,skipped,skipped,skipped,skipped,skipped,skipped,3,9
207,John BELL (SNP),Anne FAIRLIE (SNP),skipped,skipped,skipped,skipped,skipped,skipped,skipped,skipped,3,9
208,John BELL (SNP),Anne FAIRLIE (SNP),skipped,skipped,skipped,skipped,skipped,skipped,skipped,skipped,3,9
209,John BELL (SNP),Anne FAIRLIE (SNP),skipped,skipped,skipped,skipped,skipped,skipped,skipped,skipped,3,9
210,John BELL (SNP),Anne FAIRLIE (SNP),skipped,skipped,skipped,skipped,skipped,skipped,skipped,skipped,3,9
211,John BELL (SNP),Anne FAIRLIE (SNP),skipped,skipped,skipped,skipped,skipped,skipped,skipped,skipped,3,9
212,John BELL (SNP),Anne FAIRLIE (SNP),skipped,skipped,skipped,skipped,skipped,skipped,skipped,skipped,3,9
213,John BELL (SNP),Anne FAIRLIE (SNP),skipped,skipped,skipped,skipped,skipped,skipped,skipped,skipped,3,9
214,John BELL (SNP),Anne FAIRLIE (SNP),skipped,skipped,skipped,skipped,skipped,skipped,skipped,skipped,3,9
215,John BELL (SNP),Anne FAIRLIE (SNP),skipped,skipped,skipped,skipped,skipped,skipped,skipped,skipped,3,9
216,John BELL (SNP),Anne FAIRLIE (SNP),skipped,skipped,skipped,skipped,skipped,skipped,skipped,skipped,3,9
217,John BELL (SNP),Anne FAIRLIE (SNP),skipped,skipped,skipped,skipped,skipped,skipped,skipped,skipped,3,9
218,John BELL (SNP),Anne FAIRLIE (SNP),skipped,skipped,skipped,skipped,skipped,skipped,skipped,skipped,3,9
219,John BELL (SNP),Anne FAIRLIE (SNP),skipped,skipped,skipped,skipped,skipped,skipped,skipped,skipped,3,9
220,John BELL (SNP),Anne FAIRLIE (SNP),skipped,skipped,skipped,skipped,skipped,skipped,skipped,skipped,3,9
221,John BELL (SNP),Anne FAIRLIE (SNP),skipped,skipped,skipped,skipped,skipped,skipped,skipped,skipped,3,9
222,John BELL (SNP),Anne FAIRLIE (SNP),skipped,skipped,skipped,skipped,skipped,skipped,skipped,skipped,3,9
223,John BELL (SNP),Anne FAIRLIE (SNP),skipped,skipped,skipped,skipped,skipped,skipped,skipped,skipped,3,9
224,John BELL (SNP),Anne FAIRLIE (SNP),skipped,skipped,skipped,skipped,skipped,skipped,skipped,skipped,3,9
225,John BELL (SNP),Anne FAIRLIE (SNP),skipped,skipped,skipped,skipped,skipped,skipped,skipped,skipped,3,9
226,John BELL (SNP),Anne FAIRLIE (SNP),skipped,skipped,skipped,skipped,skipped,skipped,skipped,skipped,3,9
227,John BELL (SNP),Anne FAIRLIE (SNP),skipped,skipped,skipped,skipped,skipped,skipped,skipped,skipped,3,9
228,John BELL (SNP),Anne FAIRLIE (SNP),skipped,skipped,skipped,skipped,skipped,skipped,skipped,skipped,3,9
229,John BELL (SNP),Anne FAIRLIE (SNP),skipped,skipped,skipped,skipped,skipped,skipped,skipped,skipped,3,9
230,John BELL (SNP),Anne FAIRLIE (SNP),skipped,skipped,skipped,skipped,skipped,skipped,skipped,skipped,3,9
231,John BELL (SNP),Anne FAIRLIE (SNP),skipped,skipped,skipped,skipped,skipped,skipped,skipped,skipped,3,9
232,John BELL (SNP),Anne FAIRLIE (SNP),skipped,skipped,skipped,skipped,skipped,skipped,skipped,skipped,3,9
233,John BELL (SNP),Anne FAIRLIE (SNP),skipped,skipped,skipped,skipped,skipped,skipped,skipped,skipped,3,9
234,John BELL (SNP),Anne FAIRLIE (SNP),skipped,skipped,skipped,skipped,skipped,skipped,skipped,skipped,3,9
235,John BELL (SNP),Anne FAIRLIE (SNP),skipped,skipped,skipped,skipped,skipped,skipped,skipped,skipped,3,9
236,John BELL (SNP),Anne FAIRLIE (SNP),Elaine DINWOODIE (Lab),skipped,skipped,skipped,skipped,skipped,skipped,skipped,3,9
237,John BELL (SNP),Anne FAIRLIE (SNP),Elaine DINWOODIE (Lab),skipped,skipped,skipped,skipped,skipped,skipped,skipped,3,9
238,John BELL (SNP),Anne FAIRLIE (SNP),Elaine DINWOODIE (Lab),skipped,skipped,skipped,skipped,skipped,skipped,skipped,3,9
239,John BELL (SNP),Anne FAIRLIE (SNP),Elaine DINWOODIE (Lab),skipped,skipped,skipped,skipped,skipped,skipped,skipped,3,9
240,John BELL (SNP),Anne FAIRLIE (SNP),Elaine DINWOODIE (Lab),skipped,skipped,skipped,skipped,skipped,skipped,skipped,3,9
241,John BELL (SNP),Anne FAIRLIE (SNP),Elaine DINWOODIE (Lab),skipped,skipped,skipped,skipped,skipped,skipped,skipped,3,9
242,John BELL (SNP),Anne FAIRLIE (SNP),Elaine DINWOODIE (Lab),skipped,skipped,skipped,skipped,skipped,skipped,skipped,3,9
243,John BELL (SNP),Anne FAIRLIE (SNP),Elaine DINWOODIE (Lab),skipped,skipped,skipped,skipped,skipped,skipped,skipped,3,9
244,John BELL (SNP),Anne FAIRLIE (SNP),Elaine DINWOODIE (Lab),skipped,skipped,skipped,skipped,skipped,skipped,skipped,3,9
245,John BELL (SNP),Anne FAIRLIE (SNP),Elaine DINWOODIE (Lab),skipped,skipped,skipped,skipped,skipped,skipped,skipped,3,9
246,John BELL (SNP),Anne FAIRLIE (SNP),Elaine DINWOODIE (Lab),skipped,skipped,skipped,skipped,skipped,skipped,skipped,3,9
247,John BELL (SNP),Anne FAIRLIE (SNP),Elaine DINWOODIE (Lab),skipped,skipped,skipped,skipped,skipped,skipped,skipped,3,9
248,John BELL (SNP),Anne FAIRLIE (SNP),Elaine DINWOODIE (Lab),skipped,skipped,skipped,skipped,skipped,skipped,skipped,3,9
249,John BELL (SNP),Anne FAIRLIE (SNP),Elaine DINWOODIE (Lab),skipped,skipped,skipped,skipped,skipped,skipped,skipped,3,9
250,John BELL (SNP),Anne FAIRLIE (SNP),Elaine DINWOODIE (Lab),skipped,skipped,skipped,skipped,skipped,skipped,skipped,3,9
251,John BELL (SNP),Anne FAIRLIE (SNP),Elaine DINWOODIE (Lab),Drew FILSON (Ind),skipped,skipped,skipped,skipped,skipped,skipped,3,9
252,John BELL (SNP),Anne FAIRLIE (SNP),Elaine DINWOODIE (Lab),Drew FILSON (Ind),Craig MURRAY (Grn),Elaine STEWART (Lab),John YOUNG (Ind),skipped,skipped,skipped,3,9
253,John BELL (SNP),Anne FAIRLIE (SNP),Elaine DINWOODIE (Lab),Drew FILSON (Ind),Elaine STEWART (Lab),John YOUNG (Ind),Alison HARPER (C),Mark MITCHELL (Libtn),Craig MURRAY (Grn),skipped,3,9
254,John BELL (SNP),Anne FAIRLIE (SNP),Elaine DINWOODIE (Lab),Drew FILSON (Ind),Elaine STEWART (Lab),John YOUNG (Ind),Craig MURRAY (Grn),Mark MITCHELL (Libtn),Alison HARPER (C),skipped,3,9
255,John BELL (SNP),Anne FAIRLIE (SNP),Elaine DINWOODIE (Lab),Craig MURRAY (Grn),Drew FILSON (Ind),Elaine STEWART (Lab),John YOUNG (Ind),Mark MITCHELL (Libtn),Alison HARPER (C),skipped,3,9
256,John BELL (SNP),Anne FAIRLIE (SNP),Elaine DINWOODIE (Lab),Craig MURRAY (Grn),Elaine STEWART (Lab),Drew FILSON (Ind),Mark MITCHELL (Libtn),John YOUNG (Ind),Alison HARPER (C),skipped,3,9
257,John BELL (SNP),Anne FAIRLIE (SNP),Elaine DINWOODIE (Lab),Elaine STEWART (Lab),skipped,skipped,skipped,skipped,skipped,skipped,3,9
258,John BELL (SNP),Anne FAIRLIE (SNP),Elaine DINWOODIE (Lab),Elaine STEWART (Lab),skipped,skipped,skipped,skipped,skipped,skipped,3,9
259,John BELL (SNP),Anne FAIRLIE (SNP),Elaine DINWOODIE (Lab),Elaine STEWART (Lab),skipped,skipped,skipped,skipped,skipped,skipped,3,9
260,John BELL (SNP),Anne FAIRLIE (SNP),Elaine DINWOODIE (Lab),Elaine STEWART (Lab),skipped,skipped,skipped,skipped,skipped,skipped,3,9
261,John BELL (SNP),Anne FAIRLIE (SNP),Elaine DINWOODIE (Lab),Elaine STEWART (Lab),skipped,skipped,skipped,skipped,skipped,skipped,3,9
262,John BELL (SNP),Anne FAIRLIE (SNP),Elaine DINWOODIE (Lab),Elaine STEWART (Lab),skipped,skipped,skipped,skipped,skipped,skipped,3,9
263,John BELL (SNP),Anne FAIRLIE (SNP),Elaine DINWOODIE (Lab),Elaine STEWART (Lab),skipped,skipped,skipped,skipped,skipped,skipped,3,9
264,John BELL (SNP),Anne FAIRLIE (SNP),Elaine DINWOODIE (Lab),Elaine STEWART (Lab),skipped,skipped,skipped,skipped,skipped,skipped,3,9
265,John BELL (SNP),Anne FAIRLIE (SNP),Elaine DINWOODIE (Lab),Elaine STEWART (Lab),Drew FILSON (Ind),skipped,skipped,skipped,skipped,skipped,3,9
266,John BELL (SNP),Anne FAIRLIE (SNP),Elaine DINWOODIE (Lab),Elaine STEWART (Lab),Drew FILSON (Ind),Craig MURRAY (Grn),John YOUNG (Ind),Alison HARPER (C),Mark MITCHELL (Libtn),skipped,3,9
267,John BELL (SNP),Anne FAIRLIE (SNP),Elaine DINWOODIE (Lab),Elaine STEWART (Lab),Drew FILSON (Ind),John YOUNG (Ind),skipped,skipped,skipped,skipped,3,9
268,John BELL (SNP),Anne FAIRLIE (SNP),Elaine DINWOODIE (Lab),Elaine STEWART (Lab),Mark MITCHELL (Libtn),Craig MURRAY (Grn),Drew FILSON (Ind),John YOUNG (Ind),Alison HARPER (C),skipped,3,9
269,John BELL (SNP),Anne FAIRLIE (SNP),Elaine DINWOODIE (Lab),Elaine STEWART (Lab),Craig MURRAY (Grn),skipped,skipped,skipped,skipped,skipped,3,9
270,John BELL (SNP),Anne FAIRLIE (SNP),Elaine DINWOODIE (Lab),Elaine STEWART (Lab),Craig MURRAY (Grn),skipped,skipped,skipped,skipped,skipped,3,9
271,John BELL (SNP),Anne FAIRLIE (SNP),Elaine DINWOODIE (Lab),Elaine STEWART (Lab),Craig MURRAY (Grn),skipped,skipped,skipped,skipped,skipped,3,9
272,John BELL (SNP),Anne FAIRLIE (SNP),Elaine DINWOODIE (Lab),Elaine STEWART (Lab),Craig MURRAY (Grn),John YOUNG (Ind),skipped,skipped,skipped,skipped,3,9
273,John BELL (SNP),Anne FAIRLIE (SNP),Elaine DINWOODIE (Lab),Elaine STEWART (Lab),Craig MURRAY (Grn),John YOUNG (Ind),skipped,skipped,skipped,skipped,3,9
274,John BELL (SNP),Anne FAIRLIE (SNP),Elaine DINWOODIE (Lab),Elaine STEWART (Lab),Craig MURRAY (Grn),John YOUNG (Ind),Drew FILSON (Ind),Mark MITCHELL (Libtn),Alison HARPER (C),skipped,3,9
275,John BELL (SNP),Anne FAIRLIE (SNP),Elaine DINWOODIE (Lab),Elaine STEWART (Lab),John YOUNG (Ind),Drew FILSON (Ind),Alison HARPER (C),Mark MITCHELL (Libtn),Craig MURRAY (Grn),skipped,3,9
276,John BELL (SNP),Anne FAIRLIE (SNP),Elaine DINWOODIE (Lab),Elaine STEWART (Lab),John YOUNG (Ind),Drew FILSON (Ind),Craig MURRAY (Grn),Mark MITCHELL (Libtn),Alison HARPER (C),skipped,3,9
277,John BELL (SNP),Anne FAIRLIE (SNP),Elaine DINWOODIE (Lab),Elaine STEWART (Lab),John YOUNG (Ind),Drew FILSON (Ind),Craig MURRAY (Grn),Mark MITCHELL (Libtn),Alison HARPER (C),skipped,3,9
278,John BELL (SNP),Anne FAIRLIE (SNP),Drew FILSON (Ind),skipped,skipped,skipped,skipped,skipped,skipped,skipped,3,9
279,John BELL (SNP),Anne FAIRLIE (SNP),Drew FILSON (Ind),skipped,skipped,skipped,skipped,skipped,skipped,skipped,3,9
280,John BELL (SNP),Anne FAIRLIE (SNP),Drew FILSON (Ind),skipped,skipped,skipped,skipped,skipped,skipped,skipped,3,9
281,John BELL (SNP),Anne FAIRLIE (SNP),Drew FILSON (Ind),skipped,skipped,skipped,skipped,skipped,skipped,skipped,3,9
282,John BELL (SNP),Anne FAIRLIE (SNP),Drew FILSON (Ind),skipped,skipped,skipped,skipped,skipped,skipped,skipped,3,9
283,John BELL (SNP),Anne FAIRLIE (SNP),Drew FILSON (Ind),skipped,skipped,skipped,skipped,skipped,skipped,skipped,3,9
284,John BELL (SNP),Anne FAIRLIE (SNP),Drew FILSON (Ind),skipped,skipped,skipped,skipped,skipped,skipped,skipped,3,9
285,John BELL (SNP),Anne FAIRLIE (SNP),Drew FILSON (Ind),skipped,skipped,skipped,skipped,skipped,skipped,skipped,3,9
286,John BELL (SNP),Anne FAIRLIE (SNP),Drew FILSON (Ind),skipped,skipped,skipped,skipped,skipped,skipped,skipped,3,9
287,John BELL (SNP),Anne FAIRLIE (SNP),Drew FILSON (Ind),skipped,skipped,skipped,skipped,skipped,skipped,skipped,3,9
288,John BELL (SNP),Anne FAIRLIE (SNP),Drew FILSON (Ind),skipped,skipped,skipped,skipped,skipped,skipped,skipped,3,9
289,John BELL (SNP),Anne FAIRLIE (SNP),Drew FILSON (Ind),skipped,skipped,skipped,skipped,skipped,skipped,skipped,3,9
290,John BELL (SNP),Anne FAIRLIE (SNP),Drew FILSON (Ind),skipped,skipped,skipped,skipped,skipped,skipped,skipped,3,9
291,John BELL (SNP),Anne FAIRLIE (SNP),Drew FILSON (Ind),skipped,skipped,skipped,skipped,skipped,skipped,skipped,3,9
292,John BELL (SNP),Anne FAIRLIE (SNP),Drew FILSON (Ind),skipped,skipped,skipped,skipped,skipped,skipped,skipped,3,9
293,John BELL (SNP),Anne FAIRLIE (SNP),Drew FILSON (Ind),skipped,skipped,skipped,skipped,skipped,skipped,skipped,3,9
294,John BELL (SNP),Anne FAIRLIE (SNP),Drew FILSON (Ind),skipped,skipped,skipped,skipped,skipped,skipped,skipped,3,9
295,John BELL (SNP),Anne FAIRLIE (SNP),Drew FILSON (Ind),skipped,skipped,skipped,skipped,skipped,skipped,skipped,3,9
296,John BELL (SNP),Anne FAIRLIE (SNP),Drew FILSON (Ind),skipped,skipped,skipped,skipped,skipped,skipped,skipped,3,9
297,John BELL (SNP),Anne FAIRLIE (SNP),Drew FILSON (Ind),skipped,skipped,skipped,skipped,skipped,skipped,skipped,3,9
298,John BELL (SNP),Anne FAIRLIE (SNP),Drew FILSON (Ind),skipped,skipped,skipped,skipped,skipped,skipped,skipped,3,9
299,John BELL (SNP),Anne FAIRLIE (SNP),Drew FILSON (Ind),skipped,skipped,skipped,skipped,skipped,skipped,skipped,3,9
300,John BELL (SNP),Anne FAIRLIE (SNP),Drew FILSON (Ind),skipped,skipped,skipped,skipped,skipped,skipped,skipped,3,9
301,John BELL (SNP),Anne FAIRLIE (SNP),Drew FILSON (Ind),skipped,skipped,skipped,skipped,skipped,skipped,skipped,3,9
302,John BELL (SNP),Anne FAIRLIE (SNP),Drew FILSON (Ind),skipped,skipped,skipped,skipped,skipped,skipped,skipped,3,9
303,John BELL (SNP),Anne FAIRLIE (SNP),Drew FILSON (Ind),skipped,skipped,skipped,skipped,skipped,skipped,skipped,3,9
304,John BELL (SNP),Anne FAIRLIE (SNP),Drew FILSON (Ind),skipped,skipped,skipped,skipped,skipped,skipped,skipped,3,9
305,John BELL (SNP),Anne FAIRLIE (SNP),Drew FILSON (Ind),skipped,skipped,skipped,skipped,skipped,skipped,skipped,3,9
306,John BELL (SNP),Anne FAIRLIE (SNP),Drew FILSON (Ind),skipped,skipped,skipped,skipped,skipped,skipped,skipped,3,9
307,John BELL (SNP),Anne FAIRLIE (SNP),Drew FILSON (Ind),skipped,skipped,skipped,skipped,skipped,skipped,skipped,3,9
308,John BELL (SNP),Anne FAIRLIE (SNP),Drew FILSON (Ind),skipped,skipped,skipped,skipped,skipped,skipped,skipped,3,9
309,John BELL (SNP),Anne FAIRLIE (SNP),Drew FILSON (Ind),skipped,skipped,skipped,skipped,skipped,skipped,skipped,3,9
310,John BELL (SNP),Anne FAIRLIE (SNP),Drew FILSON (Ind),skipped,skipped,skipped,skipped,skipped,skipped,skipped,3,9
311,John BELL (SNP),Anne FAIRLIE (SNP),Drew FILSON (Ind),skipped,skipped,skipped,skipped,skipped,skipped,skipped,3,9
312,John BELL (SNP),Anne FAIRLIE (SNP),Drew FILSON (Ind),skipped,skipped,skipped,skipped,skipped,skipped,skipped,3,9
313,John BELL (SNP),Anne FAIRLIE (SNP),Drew FILSON (Ind),skipped,skipped,skipped,skipped,skipped,skipped,skipped,3,9
314,John BELL (SNP),Anne FAIRLIE (SNP),Drew FILSON (Ind),skipped,skipped,skipped,skipped,skipped,skipped,skipped,3,9
315,John BELL (SNP),Anne FAIRLIE (SNP),Drew FILSON (Ind),skipped,skipped,skipped,skipped,skipped,skipped,skipped,3,9
316,John BELL (SNP),Anne FAIRLIE (SNP),Drew FILSON (Ind),skipped,skipped,skipped,skipped,skipped,skipped,skipped,3,9
317,John BELL (SNP),Anne FAIRLIE (SNP),Drew FILSON (Ind),skipped,skipped,skipped,skipped,skipped,skipped,skipped,3,9
318,John BELL (SNP),Anne FAIRLIE (SNP),Drew FILSON (Ind),Elaine DINWOODIE (Lab),Craig MURRAY (Grn),John YOUNG (Ind),Elaine STEWART (Lab),Mark MITCHELL (Libtn),Alison HARPER (C),skipped,3,9
319,John BELL (SNP),Anne FAIRLIE (SNP),Drew FILSON (Ind),Alison HARPER (C),skipped,skipped,skipped,skipped,skipped,skipped,3,9
320,John BELL (SNP),Anne FAIRLIE (SNP),Drew FILSON (Ind),Alison HARPER (C),Elaine DINWOODIE (Lab),skipped,skipped,skipped,skipped,skipped,3,9
321,John BELL (SNP),Anne FAIRLIE (SNP),Drew FILSON (Ind),Mark MITCHELL (Libtn),skipped,skipped,skipped,skipped,skipped,skipped,3,9
322,John BELL (SNP),Anne FAIRLIE (SNP),Drew FILSON (Ind),Mark MITCHELL (Libtn),Elaine DINWOODIE (Lab),Alison HARPER (C),Craig MURRAY (Grn),Elaine STEWART (Lab),John YOUNG (Ind),skipped,3,9
323,John BELL (SNP),Anne FAIRLIE (SNP),Drew FILSON (Ind),Mark MITCHELL (Libtn),Craig MURRAY (Grn),John YOUNG (Ind),Elaine DINWOODIE (Lab),Alison HARPER (C),Elaine STEWART (Lab),skipped,3,9
324,John BELL (SNP),Anne FAIRLIE (SNP),Drew FILSON (Ind),Mark MITCHELL (Libtn),Craig MURRAY (Grn),John YOUNG (Ind),Elaine STEWART (Lab),Elaine DINWOODIE (Lab),Alison HARPER (C),skipped,3,9
325,John BELL (SNP),Anne FAIRLIE (SNP),Drew FILSON (Ind),Craig MURRAY (Grn),skipped,skipped,skipped,skipped,skipped,skipped,3,9
326,John BELL (SNP),Anne FAIRLIE (SNP),Drew FILSON (Ind),Craig MURRAY (Grn),Elaine DINWOODIE (Lab),skipped,skipped,skipped,skipped,skipped,3,9
327,John BELL (SNP),Anne FAIRLIE (SNP),Drew FILSON (Ind),Craig MURRAY (Grn),Elaine STEWART (Lab),Elaine DINWOODIE (Lab),Mark MITCHELL (Libtn),John YOUNG (Ind),Alison HARPER (C),skipped,3,9
328,John BELL (SNP),Anne FAIRLIE (SNP),Drew FILSON (Ind),Craig MURRAY (Grn),John YOUNG (Ind),skipped,skipped,skipped,skipped,skipped,3,9
329,John BELL (SNP),Anne FAIRLIE (SNP),Drew FILSON (Ind),Craig MURRAY (Grn),John YOUNG (Ind),skipped,skipped,skipped,skipped,skipped,3,9
330,John BELL (SNP),Anne FAIRLIE (SNP),Drew FILSON (Ind),Craig MURRAY (Grn),John YOUNG (Ind),skipped,skipped,skipped,skipped,skipped,3,9
331,John BELL (SNP),Anne FAIRLIE (SNP),Drew FILSON (Ind),Craig MURRAY (Grn),John YOUNG (Ind),Mark MITCHELL (Libtn),Elaine STEWART (Lab),Elaine DINWOODIE (Lab),Alison HARPER (C),skipped,3,9
332,John BELL (SNP),Anne FAIRLIE (SNP),Drew FILSON (Ind),Craig MURRAY (Grn),John YOUNG (Ind),Mark MITCHELL (Libtn),Elaine STEWART (Lab),Elaine DINWOODIE (Lab),Alison HARPER (C),skipped,3,9
333,John BELL (SNP),Anne FAIRLIE (SNP),Drew FILSON (Ind),Craig MURRAY (Grn),John YOUNG (Ind),Mark MITCHELL (Libtn),Elaine STEWART (Lab),Elaine DINWOODIE (Lab),Alison HARPER (C),skipped,3,9
334,John BELL (SNP),Anne FAIRLIE (SNP),Drew FILSON (Ind),Craig MURRAY (Grn),John YOUNG (Ind),Mark MITCHELL (Libtn),Elaine STEWART (Lab),Elaine DINWOODIE (Lab),Alison HARPER (C),skipped,3,9
335,John BELL (SNP),Anne FAIRLIE (SNP),Drew FILSON (Ind),Craig MURRAY (Grn),John YOUNG (Ind),Mark MITCHELL (Libtn),Elaine STEWART (Lab),Elaine DINWOODIE (Lab),Alison HARPER (C),skipped,3,9
336,John BELL (SNP),Anne FAIRLIE (SNP),Drew FILSON (Ind),Craig MURRAY (Grn),John YOUNG (Ind),Mark MITCHELL (Libtn),Elaine STEWART (Lab),Alison HARPER (C),Elaine DINWOODIE (Lab),skipped,3,9
337,John BELL (SNP),Anne FAIRLIE (SNP),Drew FILSON (Ind),Elaine STEWART (Lab),skipped,skipped,skipped,skipped,skipped,skipped,3,9
338,John BELL (SNP),Anne FAIRLIE (SNP),Drew FILSON (Ind),Elaine STEWART (Lab),skipped,skipped,skipped,skipped,skipped,skipped,3,9
339,John BELL (SNP),Anne FAIRLIE (SNP),Drew FILSON (Ind),Elaine STEWART (Lab),Elaine DINWOODIE (Lab),skipped,skipped,skipped,skipped,skipped,3,9
340,John BELL (SNP),Anne FAIRLIE (SNP),Drew FILSON (Ind),Elaine STEWART (Lab),Elaine DINWOODIE (Lab),Craig MURRAY (Grn),skipped,skipped,skipped,skipped,3,9
341,John BELL (SNP),Anne FAIRLIE (SNP),Drew FILSON (Ind),Elaine STEWART (Lab),Elaine DINWOODIE (Lab),John YOUNG (Ind),Craig MURRAY (Grn),Mark MITCHELL (Libtn),Alison HARPER (C),skipped,3,9
342,John BELL (SNP),Anne FAIRLIE (SNP),Drew FILSON (Ind),John YOUNG (Ind),skipped,skipped,skipped,skipped,skipped,skipped,3,9
343,John BELL (SNP),Anne FAIRLIE (SNP),Drew FILSON (Ind),John YOUNG (Ind),skipped,skipped,skipped,skipped,skipped,skipped,3,9
344,John BELL (SNP),Anne FAIRLIE (SNP),Drew FILSON (Ind),John YOUNG (Ind),skipped,skipped,skipped,skipped,skipped,skipped,3,9
345,John BELL (SNP),Anne FAIRLIE (SNP),Drew FILSON (Ind),John YOUNG (Ind),skipped,skipped,skipped,skipped,skipped,skipped,3,9
346,John BELL (SNP),Anne FAIRLIE (SNP),Drew FILSON (Ind),John YOUNG (Ind),Elaine DINWOODIE (Lab),skipped,skipped,skipped,skipped,skipped,3,9
347,John BELL (SNP),Anne FAIRLIE (SNP),Drew FILSON (Ind),John YOUNG (Ind),Elaine DINWOODIE (Lab),Elaine STEWART (Lab),Craig MURRAY (Grn),Mark MITCHELL (Libtn),Alison HARPER (C),skipped,3,9
348,John BELL (SNP),Anne FAIRLIE (SNP),Drew FILSON (Ind),John YOUNG (Ind),Craig MURRAY (Grn),skipped,skipped,skipped,skipped,skipped,3,9
349,John BELL (SNP),Anne FAIRLIE (SNP),Drew FILSON (Ind),John YOUNG (Ind),Craig MURRAY (Grn),Mark MITCHELL (Libtn),Elaine DINWOODIE (Lab),Elaine STEWART (Lab),Alison HARPER (C),skipped,3,9
350,John BELL (SNP),Anne FAIRLIE (SNP),Drew FILSON (Ind),John YOUNG (Ind),Craig MURRAY (Grn),Mark MITCHELL (Libtn),Elaine STEWART (Lab),Elaine DINWOODIE (Lab),Alison HARPER (C),skipped,3,9
351,John BELL (SNP),Anne FAIRLIE (SNP),Alison HARPER (C),skipped,skipped,skipped,skipped,skipped,skipped,skipped,3,9
352,John BELL (SNP),Anne FAIRLIE (SNP),Alison HARPER (C),skipped,skipped,skipped,skipped,skipped,skipped,skipped,3,9
353,John BELL (SNP),Anne FAIRLIE (SNP),Alison HARPER (C),skipped,skipped,skipped,skipped,skipped,skipped,skipped,3,9
354,John BELL (SNP),Anne FAIRLIE (SNP),Alison HARPER (C),Elaine DINWOODIE (Lab),Drew FILSON (Ind),Elaine STEWART (Lab),Craig MURRAY (Grn),Mark MITCHELL (Libtn),John YOUNG (Ind),skipped,3,9
355,John BELL (SNP),Anne FAIRLIE (SNP),Alison HARPER (C),Elaine DINWOODIE (Lab),Craig MURRAY (Grn),skipped,skipped,skipped,skipped,skipped,3,9
356,John BELL (SNP),Anne FAIRLIE (SNP),Alison HARPER (C),Craig MURRAY (Grn),Drew FILSON (Ind),skipped,skipped,skipped,skipped,skipped,3,9
357,John BELL (SNP),Anne FAIRLIE (SNP),Alison HARPER (C),Elaine STEWART (Lab),John YOUNG (Ind),Drew FILSON (Ind),skipped,skipped,skipped,skipped,3,9
358,John BELL (SNP),Anne FAIRLIE (SNP),Mark MITCHELL (Libtn),skipped,skipped,skipped,skipped,skipped,skipped,skipped,3,9
359,John BELL (SNP),Anne FAIRLIE (SNP),Mark MITCHELL (Libtn),skipped,skipped,skipped,skipped,skipped,skipped,skipped,3,9
360,John BELL (SNP),Anne FAIRLIE (SNP),Mark MITCHELL (Libtn),skipped,skipped,skipped,skipped,skipped,skipped,skipped,3,9
361,John BELL (SNP),Anne FAIRLIE (SNP),Mark MITCHELL (Libtn),Drew FILSON (Ind),Craig MURRAY (Grn),Elaine STEWART (Lab),Elaine DINWOODIE (Lab),Alison HARPER (C),John YOUNG (Ind),skipped,3,9
362,John BELL (SNP),Anne FAIRLIE (SNP),Mark MITCHELL (Libtn),Drew FILSON (Ind),John YOUNG (Ind),Craig MURRAY (Grn),Elaine STEWART (Lab),Alison HARPER (C),Elaine DINWOODIE (Lab),skipped,3,9
363,John BELL (SNP),Anne FAIRLIE (SNP),Mark MITCHELL (Libtn),Craig MURRAY (Grn),Elaine DINWOODIE (Lab),John YOUNG (Ind),skipped,skipped,skipped,skipped,3,9
364,John BELL (SNP),Anne FAIRLIE (SNP),Mark MITCHELL (Libtn),Craig MURRAY (Grn),Drew FILSON (Ind),skipped,skipped,skipped,skipped,skipped,3,9
365,John BELL (SNP),Anne FAIRLIE (SNP),Mark MITCHELL (Libtn),Craig MURRAY (Grn),Drew FILSON (Ind),Elaine DINWOODIE (Lab),Elaine STEWART (Lab),John YOUNG (Ind),Alison HARPER (C),skipped,3,9
366,John BELL (SNP),Anne FAIRLIE (SNP),Craig MURRAY (Grn),skipped,skipped,skipped,skipped,skipped,skipped,skipped,3,9
367,John BELL (SNP),Anne FAIRLIE (SNP),Craig MURRAY (Grn),skipped,skipped,skipped,skipped,skipped,skipped,skipped,3,9
368,John BELL (SNP),Anne FAIRLIE (SNP),Craig MURRAY (Grn),skipped,skipped,skipped,skipped,skipped,skipped,skipped,3,9
369,John BELL (SNP),Anne FAIRLIE (SNP),Craig MURRAY (Grn),skipped,skipped,skipped,skipped,skipped,skipped,skipped,3,9
370,John BELL (SNP),Anne FAIRLIE (SNP),Craig MURRAY (Grn),skipped,skipped,skipped,skipped,skipped,skipped,skipped,3,9
371,John BELL (SNP),Anne FAIRLIE (SNP),Craig MURRAY (Grn),skipped,skipped,skipped,skipped,skipped,skipped,skipped,3,9
372,John BELL (SNP),Anne FAIRLIE (SNP),Craig MURRAY (Grn),skipped,skipped,skipped,skipped,skipped,skipped,skipped,3,9
373,John BELL (SNP),Anne FAIRLIE (SNP),Craig MURRAY (Grn),skipped,skipped,skipped,skipped,skipped,skipped,skipped,3,9
374,John BELL (SNP),Anne FAIRLIE (SNP),Craig MURRAY (Grn),skipped,skipped,skipped,skipped,skipped,skipped,skipped,3,9
375,John BELL (SNP),Anne FAIRLIE (SNP),Craig MURRAY (Grn),skipped,skipped,skipped,skipped,skipped,skipped,skipped,3,9
376,John BELL (SNP),Anne FAIRLIE (SNP),Craig MURRAY (Grn),skipped,skipped,skipped,skipped,skipped,skipped,skipped,3,9
377,John BELL (SNP),Anne FAIRLIE (SNP),Craig MURRAY (Grn),skipped,skipped,skipped,skipped,skipped,skipped,skipped,3,9
378,John BELL (SNP),Anne FAIRLIE (SNP),Craig MURRAY (Grn),skipped,skipped,skipped,skipped,skipped,skipped,skipped,3,9
379,John BELL (SNP),Anne FAIRLIE (SNP),Craig MURRAY (Grn),skipped,skipped,skipped,skipped,skipped,skipped,skipped,3,9
380,John BELL (SNP),Anne FAIRLIE (SNP),Craig MURRAY (Grn),skipped,skipped,skipped,skipped,skipped,skipped,skipped,3,9
381,John BELL (SNP),Anne FAIRLIE (SNP),Craig MURRAY (Grn),skipped,skipped,skipped,skipped,skipped,skipped,skipped,3,9
382,John BELL (SNP),Anne FAIRLIE (SNP),Craig MURRAY (Grn),skipped,skipped,skipped,skipped,skipped,skipped,skipped,3,9
383,John BELL (SNP),Anne FAIRLIE (SNP),Craig MURRAY (Grn),skipped,skipped,skipped,skipped,skipped,skipped,skipped,3,9
384,John BELL (SNP),Anne FAIRLIE (SNP),Craig MURRAY (Grn),skipped,skipped,skipped,skipped,skipped,skipped,skipped,3,9
385,John BELL (SNP),Anne FAIRLIE (SNP),Craig MURRAY (Grn),skipped,skipped,skipped,skipped,skipped,skipped,skipped,3,9
386,John BELL (SNP),Anne FAIRLIE (SNP),Craig MURRAY (Grn),skipped,skipped,skipped,skipped,skipped,skipped,skipped,3,9
387,John BELL (SNP),Anne FAIRLIE (SNP),Craig MURRAY (Grn),skipped,skipped,skipped,skipped,skipped,skipped,skipped,3,9
388,John BELL (SNP),Anne FAIRLIE (SNP),Craig MURRAY (Grn),skipped,skipped,skipped,skipped,skipped,skipped,skipped,3,9
389,John BELL (SNP),Anne FAIRLIE (SNP),Craig MURRAY (Grn),skipped,skipped,skipped,skipped,skipped,skipped,skipped,3,9
390,John BELL (SNP),Anne FAIRLIE (SNP),Craig MURRAY (Grn),skipped,skipped,skipped,skipped,skipped,skipped,skipped,3,9
391,John BELL (SNP),Anne FAIRLIE (SNP),Craig MURRAY (Grn),skipped,skipped,skipped,skipped,skipped,skipped,skipped,3,9
392,John BELL (SNP),Anne FAIRLIE (SNP),Craig MURRAY (Grn),skipped,skipped,skipped,skipped,skipped,skipped,skipped,3,9
393,John BELL (SNP),Anne FAIRLIE (SNP),Craig MURRAY (Grn),skipped,skipped,skipped,skipped,skipped,skipped,skipped,3,9
394,John BELL (SNP),Anne FAIRLIE (SNP),Craig MURRAY (Grn),skipped,skipped,skipped,skipped,skipped,skipped,skipped,3,9
395,John BELL (SNP),Anne FAIRLIE (SNP),Craig MURRAY (Grn),skipped,skipped,skipped,skipped,skipped,skipped,skipped,3,9
396,John BELL (SNP),Anne FAIRLIE (SNP),Craig MURRAY (Grn),skipped,skipped,skipped,skipped,skipped,skipped,skipped,3,9
397,John BELL (SNP),Anne FAIRLIE (SNP),Craig MURRAY (Grn),skipped,skipped,skipped,skipped,skipped,skipped,skipped,3,9
398,John BELL (SNP),Anne FAIRLIE (SNP),Craig MURRAY (Grn),skipped,skipped,skipped,skipped,skipped,skipped,skipped,3,9
399,John BELL (SNP),Anne FAIRLIE (SNP),Craig MURRAY (Grn),skipped,skipped,skipped,skipped,skipped,skipped,skipped,3,9
400,John BELL (SNP),Anne FAIRLIE (SNP),Craig MURRAY (Grn),skipped,skipped,skipped,skipped,skipped,skipped,skipped,3,9
401,John BELL (SNP),Anne FAIRLIE (SNP),Craig MURRAY (Grn),skipped,skipped,skipped,skipped,skipped,skipped,skipped,3,9
402,John BELL (SNP),Anne FAIRLIE (SNP),Craig MURRAY (Grn),skipped,skipped,skipped,skipped,skipped,skipped,skipped,3,9
403,John BELL (SNP),Anne FAIRLIE (SNP),Craig MURRAY (Grn),skipped,skipped,skipped,skipped,skipped,skipped,skipped,3,9
404,John BELL (SNP),Anne FAIRLIE (SNP),Craig MURRAY (Grn),skipped,skipped,skipped,skipped,skipped,skipped,skipped,3,9
405,John BELL (SNP),Anne FAIRLIE (SNP),Craig MURRAY (Grn),skipped,skipped,skipped,skipped,skipped,skipped,skipped,3,9
406,John BELL (SNP),Anne FAIRLIE (SNP),Craig MURRAY (Grn),skipped,skipped,skipped,skipped,skipped,skipped,skipped,3,9
407,John BELL (SNP),Anne FAIRLIE (SNP),Craig MURRAY (Grn),skipped,skipped,skipped,skipped,skipped,skipped,skipped,3,9
408,John BELL (SNP),Anne FAIRLIE (SNP),Craig MURRAY (Grn),skipped,skipped,skipped,skipped,skipped,skipped,skipped,3,9
409,John BELL (SNP),Anne FAIRLIE (SNP),Craig MURRAY (Grn),skipped,skipped,skipped,skipped,skipped,skipped,skipped,3,9
410,John BELL (SNP),Anne FAIRLIE (SNP),Craig MURRAY (Grn),skipped,skipped,skipped,skipped,skipped,skipped,skipped,3,9
411,John BELL (SNP),Anne FAIRLIE (SNP),Craig MURRAY (Grn),skipped,skipped,skipped,skipped,skipped,skipped,skipped,3,9
412,John BELL (SNP),Anne FAIRLIE (SNP),Craig MURRAY (Grn),skipped,skipped,skipped,skipped,skipped,skipped,skipped,3,9
413,John BELL (SNP),Anne FAIRLIE (SNP),Craig MURRAY (Grn),skipped,skipped,skipped,skipped,skipped,skipped,skipped,3,9
414,John BELL (SNP),Anne FAIRLIE (SNP),Craig MURRAY (Grn),skipped,skipped,skipped,skipped,skipped,skipped,skipped,3,9
415,John BELL (SNP),Anne FAIRLIE (SNP),Craig MURRAY (Grn),skipped,skipped,skipped,skipped,skipped,skipped,skipped,3,9
416,John BELL (SNP),Anne FAIRLIE (SNP),Craig MURRAY (Grn),skipped,skipped,skipped,skipped,skipped,skipped,skipped,3,9
417,John BELL (SNP),Anne FAIRLIE (SNP),Craig MURRAY (Grn),skipped,skipped,skipped,skipped,skipped,skipped,skipped,3,9
418,John BELL (SNP),Anne FAIRLIE (SNP),Craig MURRAY (Grn),skipped,skipped,skipped,skipped,skipped,skipped,skipped,3,9
419,John BELL (SNP),Anne FAIRLIE (SNP),Craig MURRAY (Grn),skipped,skipped,skipped,skipped,skipped,skipped,skipped,3,9
420,John BELL (SNP),Anne FAIRLIE (SNP),Craig MURRAY (Grn),skipped,skipped,skipped,skipped,skipped,skipped,skipped,3,9
421,John BELL (SNP),Anne FAIRLIE (SNP),Craig MURRAY (Grn),skipped,skipped,skipped,skipped,skipped,skipped,skipped,3,9
422,John BELL (SNP),Anne FAIRLIE (SNP),Craig MURRAY (Grn),skipped,skipped,skipped,skipped,skipped,skipped,skipped,3,9
423,John BELL (SNP),Anne FAIRLIE (SNP),Craig MURRAY (Grn),skipped,skipped,skipped,skipped,skipped,skipped,skipped,3,9
424,John BELL (SNP),Anne FAIRLIE (SNP),Craig MURRAY (Grn),skipped,skipped,skipped,skipped,skipped,skipped,skipped,3,9
425,John BELL (SNP),Anne FAIRLIE (SNP),Craig MURRAY (Grn),skipped,skipped,skipped,skipped,skipped,skipped,skipped,3,9
426,John BELL (SNP),Anne FAIRLIE (SNP),Craig MURRAY (Grn),skipped,skipped,skipped,skipped,skipped,skipped,skipped,3,9
427,John BELL (SNP),Anne FAIRLIE (SNP),Craig MURRAY (Grn),Elaine DINWOODIE (Lab),skipped,skipped,skipped,skipped,skipped,skipped,3,9
428,John BELL (SNP),Anne FAIRLIE (SNP),Craig MURRAY (Grn),Elaine DINWOODIE (Lab),Drew FILSON (Ind),Elaine STEWART (Lab),John YOUNG (Ind),skipped,skipped,skipped,3,9
429,John BELL (SNP),Anne FAIRLIE (SNP),Craig MURRAY (Grn),Elaine DINWOODIE (Lab),Elaine STEWART (Lab),skipped,skipped,skipped,skipped,skipped,3,9
430,John BELL (SNP),Anne FAIRLIE (SNP),Craig MURRAY (Grn),Elaine DINWOODIE (Lab),Elaine STEWART (Lab),Mark MITCHELL (Libtn),Drew FILSON (Ind),John YOUNG (Ind),Alison HARPER (C),skipped,3,9
431,John BELL (SNP),Anne FAIRLIE (SNP),Craig MURRAY (Grn),Elaine DINWOODIE (Lab),Elaine STEWART (Lab),Mark MITCHELL (Libtn),Drew FILSON (Ind),John YOUNG (Ind),Alison HARPER (C),skipped,3,9
432,John BELL (SNP),Anne FAIRLIE (SNP),Craig MURRAY (Grn),Elaine DINWOODIE (Lab),Elaine STEWART (Lab),John YOUNG (Ind),Drew FILSON (Ind),Alison HARPER (C),Mark MITCHELL (Libtn),skipped,3,9
433,John BELL (SNP),Anne FAIRLIE (SNP),Craig MURRAY (Grn),Drew FILSON (Ind),skipped,skipped,skipped,skipped,skipped,skipped,3,9
434,John BELL (SNP),Anne FAIRLIE (SNP),Craig MURRAY (Grn),Drew FILSON (Ind),skipped,skipped,skipped,skipped,skipped,skipped,3,9
435,John BELL (SNP),Anne FAIRLIE (SNP),Craig MURRAY (Grn),Drew FILSON (Ind),Mark MITCHELL (Libtn),skipped,skipped,skipped,skipped,skipped,3,9
436,John BELL (SNP),Anne FAIRLIE (SNP),Craig MURRAY (Grn),Drew FILSON (Ind),John YOUNG (Ind),skipped,skipped,skipped,skipped,skipped,3,9
437,John BELL (SNP),Anne FAIRLIE (SNP),Craig MURRAY (Grn),Drew FILSON (Ind),John YOUNG (Ind),skipped,skipped,skipped,skipped,skipped,3,9
438,John BELL (SNP),Anne FAIRLIE (SNP),Craig MURRAY (Grn),Drew FILSON (Ind),John YOUNG (Ind),Elaine DINWOODIE (Lab),Elaine STEWART (Lab),Mark MITCHELL (Libtn),Alison HARPER (C),skipped,3,9
439,John BELL (SNP),Anne FAIRLIE (SNP),Craig MURRAY (Grn),Drew FILSON (Ind),John YOUNG (Ind),Elaine DINWOODIE (Lab),Elaine STEWART (Lab),Mark MITCHELL (Libtn),Alison HARPER (C),skipped,3,9
440,John BELL (SNP),Anne FAIRLIE (SNP),Craig MURRAY (Grn),Drew FILSON (Ind),John YOUNG (Ind),Alison HARPER (C),Mark MITCHELL (Libtn),Elaine DINWOODIE (Lab),Elaine STEWART (Lab),skipped,3,9
441,John BELL (SNP),Anne FAIRLIE (SNP),Craig MURRAY (Grn),Drew FILSON (Ind),John YOUNG (Ind),Mark MITCHELL (Libtn),skipped,skipped,skipped,skipped,3,9
442,John BELL (SNP),Anne FAIRLIE (SNP),Craig MURRAY (Grn),Drew FILSON (Ind),John YOUNG (Ind),Mark MITCHELL (Libtn),Elaine DINWOODIE (Lab),Elaine STEWART (Lab),Alison HARPER (C),skipped,3,9
443,John BELL (SNP),Anne FAIRLIE (SNP),Craig MURRAY (Grn),Drew FILSON (Ind),John YOUNG (Ind),Mark MITCHELL (Libtn),Elaine DINWOODIE (Lab),Elaine STEWART (Lab),Alison HARPER (C),skipped,3,9
444,John BELL (SNP),Anne FAIRLIE (SNP),Craig MURRAY (Grn),Drew FILSON (Ind),John YOUNG (Ind),Mark MITCHELL (Libtn),Alison HARPER (C),Elaine DINWOODIE (Lab),Elaine STEWART (Lab),skipped,3,9
445,John BELL (SNP),Anne FAIRLIE (SNP),Craig MURRAY (Grn),Drew FILSON (Ind),John YOUNG (Ind),Mark MITCHELL (Libtn),Alison HARPER (C),Elaine STEWART (Lab),Elaine DINWOODIE (Lab),skipped,3,9
446,John BELL (SNP),Anne FAIRLIE (SNP),Craig MURRAY (Grn),Alison HARPER (C),skipped,skipped,skipped,skipped,skipped,skipped,3,9
447,John BELL (SNP),Anne FAIRLIE (SNP),Craig MURRAY (Grn),Alison HARPER (C),Drew FILSON (Ind),John YOUNG (Ind),Elaine STEWART (Lab),Mark MITCHELL (Libtn),Elaine DINWOODIE (Lab),skipped,3,9
448,John BELL (SNP),Anne FAIRLIE (SNP),Craig MURRAY (Grn),Alison HARPER (C),Mark MITCHELL (Libtn),Drew FILSON (Ind),John YOUNG (Ind),Elaine DINWOODIE (Lab),Elaine STEWART (Lab),skipped,3,9
449,John BELL (SNP),Anne FAIRLIE (SNP),Craig MURRAY (Grn),Mark MITCHELL (Libtn),Elaine DINWOODIE (Lab),Elaine STEWART (Lab),Drew FILSON (Ind),John YOUNG (Ind),Alison HARPER (C),skipped,3,9
450,John BELL (SNP),Anne FAIRLIE (SNP),Craig MURRAY (Grn),Mark MITCHELL (Libtn),Elaine DINWOODIE (Lab),Elaine STEWART (Lab),Drew FILSON (Ind),John YOUNG (Ind),Alison HARPER (C),skipped,3,9
451,John BELL (SNP),Anne FAIRLIE (SNP),Craig MURRAY (Grn),Mark MITCHELL (Libtn),Elaine DINWOODIE (Lab),Elaine STEWART (Lab),Drew FILSON (Ind),John YOUNG (Ind),Alison HARPER (C),skipped,3,9
452,John BELL (SNP),Anne FAIRLIE (SNP),Craig MURRAY (Grn),Mark MITCHELL (Libtn),Drew FILSON (Ind),John YOUNG (Ind),Elaine STEWART (Lab),Elaine DINWOODIE (Lab),Alison HARPER (C),skipped,3,9
453,John BELL (SNP),Anne FAIRLIE (SNP),Craig MURRAY (Grn),Mark MITCHELL (Libtn),Elaine STEWART (Lab),Elaine DINWOODIE (Lab),Drew FILSON (Ind),John YOUNG (Ind),Alison HARPER (C),skipped,3,9
454,John BELL (SNP),Anne FAIRLIE (SNP),Craig MURRAY (Grn),Mark MITCHELL (Libtn),Elaine STEWART (Lab),Elaine DINWOODIE (Lab),Drew FILSON (Ind),John YOUNG (Ind),Alison HARPER (C),skipped,3,9
455,John BELL (SNP),Anne FAIRLIE (SNP),Craig MURRAY (Grn),Mark MITCHELL (Libtn),John YOUNG (Ind),Drew FILSON (Ind),Elaine DINWOODIE (Lab),Elaine STEWART (Lab),Alison HARPER (C),skipped,3,9
456,John BELL (SNP),Anne FAIRLIE (SNP),Craig MURRAY (Grn),Mark MITCHELL (Libtn),John YOUNG (Ind),Drew FILSON (Ind),Elaine STEWART (Lab),Elaine DINWOODIE (Lab),Alison HARPER (C),skipped,3,9
457,John BELL (SNP),Anne FAIRLIE (SNP),Craig MURRAY (Grn),Elaine STEWART (Lab),Elaine DINWOODIE (Lab),skipped,skipped,skipped,skipped,skipped,3,9
458,John BELL (SNP),Anne FAIRLIE (SNP),Craig MURRAY (Grn),Elaine STEWART (Lab),Elaine DINWOODIE (Lab),Drew FILSON (Ind),Mark MITCHELL (Libtn),John YOUNG (Ind),Alison HARPER (C),skipped,3,9
459,John BELL (SNP),Anne FAIRLIE (SNP),Craig MURRAY (Grn),Elaine STEWART (Lab),Elaine DINWOODIE (Lab),Mark MITCHELL (Libtn),Drew FILSON (Ind),John YOUNG (Ind),Alison HARPER (C),skipped,3,9
460,John BELL (SNP),Anne FAIRLIE (SNP),Craig MURRAY (Grn),Elaine STEWART (Lab),John YOUNG (Ind),Elaine DINWOODIE (Lab),Drew FILSON (Ind),Mark MITCHELL (Libtn),Alison HARPER (C),skipped,3,9
461,John BELL (SNP),Anne FAIRLIE (SNP),Craig MURRAY (Grn),John YOUNG (Ind),skipped,skipped,skipped,skipped,skipped,skipped,3,9
462,John BELL (SNP),Anne FAIRLIE (SNP),Craig MURRAY (Grn),John YOUNG (Ind),skipped,skipped,skipped,skipped,skipped,skipped,3,9
463,John BELL (SNP),Anne FAIRLIE (SNP),Craig MURRAY (Grn),John YOUNG (Ind),skipped,skipped,skipped,skipped,skipped,skipped,3,9
464,John BELL (SNP),Anne FAIRLIE (SNP),Craig MURRAY (Grn),John YOUNG (Ind),skipped,skipped,skipped,skipped,skipped,skipped,3,9
465,John BELL (SNP),Anne FAIRLIE (SNP),Craig MURRAY (Grn),John YOUNG (Ind),Elaine DINWOODIE (Lab),Elaine STEWART (Lab),Drew FILSON (Ind),Alison HARPER (C),Mark MITCHELL (Libtn),skipped,3,9
466,John BELL (SNP),Anne FAIRLIE (SNP),Craig MURRAY (Grn),John YOUNG (Ind),Drew FILSON (Ind),skipped,skipped,skipped,skipped,skipped,3,9
467,John BELL (SNP),Anne FAIRLIE (SNP),Craig MURRAY (Grn),John YOUNG (Ind),Drew FILSON (Ind),Elaine DINWOODIE (Lab),Elaine STEWART (Lab),Mark MITCHELL (Libtn),Alison HARPER (C),skipped,3,9
468,John BELL (SNP),Anne FAIRLIE (SNP),Craig MURRAY (Grn),John YOUNG (Ind),Drew FILSON (Ind),Elaine DINWOODIE (Lab),Elaine STEWART (Lab),Mark MITCHELL (Libtn),Alison HARPER (C),skipped,3,9
469,John BELL (SNP),Anne FAIRLIE (SNP),Craig MURRAY (Grn),John YOUNG (Ind),Drew FILSON (Ind),Elaine DINWOODIE (Lab),Elaine STEWART (Lab),Mark MITCHELL (Libtn),Alison HARPER (C),skipped,3,9
470,John BELL (SNP),Anne FAIRLIE (SNP),Craig MURRAY (Grn),John YOUNG (Ind),Drew FILSON (Ind),Mark MITCHELL (Libtn),Elaine DINWOODIE (Lab),Elaine STEWART (Lab),Alison HARPER (C),skipped,3,9
471,John BELL (SNP),Anne FAIRLIE (SNP),Craig MURRAY (Grn),John YOUNG (Ind),Drew FILSON (Ind),Mark MITCHELL (Libtn),Elaine DINWOODIE (Lab),Elaine STEWART (Lab),Alison HARPER (C),skipped,3,9
472,John BELL (SNP),Anne FAIRLIE (SNP),Craig MURRAY (Grn),John YOUNG (Ind),Drew FILSON (Ind),Mark MITCHELL (Libtn),Alison HARPER (C),Elaine STEWART (Lab),Elaine DINWOODIE (Lab),skipped,3,9
473,John BELL (SNP),Anne FAIRLIE (SNP),Craig MURRAY (Grn),John YOUNG (Ind),Mark MITCHELL (Libtn),Drew FILSON (Ind),Elaine STEWART (Lab),Elaine DINWOODIE (Lab),Alison HARPER (C),skipped,3,9
474,John BELL (SNP),Anne FAIRLIE (SNP),Elaine STEWART (Lab),skipped,skipped,skipped,skipped,skipped,skipped,skipped,3,9
475,John BELL (SNP),Anne FAIRLIE (SNP),Elaine STEWART (Lab),skipped,skipped,skipped,skipped,skipped,skipped,skipped,3,9
476,John BELL (SNP),Anne FAIRLIE (SNP),Elaine STEWART (Lab),skipped,skipped,skipped,skipped,skipped,skipped,skipped,3,9
477,John BELL (SNP),Anne FAIRLIE (SNP),Elaine STEWART (Lab),skipped,skipped,skipped,skipped,skipped,skipped,skipped,3,9
478,John BELL (SNP),Anne FAIRLIE (SNP),Elaine STEWART (Lab),skipped,skipped,skipped,skipped,skipped,skipped,skipped,3,9
479,John BELL (SNP),Anne FAIRLIE (SNP),Elaine STEWART (Lab),skipped,skipped,skipped,skipped,skipped,skipped,skipped,3,9
480,John BELL (SNP),Anne FAIRLIE (SNP),Elaine STEWART (Lab),skipped,skipped,skipped,skipped,skipped,skipped,skipped,3,9
481,John BELL (SNP),Anne FAIRLIE (SNP),Elaine STEWART (Lab),skipped,skipped,skipped,skipped,skipped,skipped,skipped,3,9
482,John BELL (SNP),Anne FAIRLIE (SNP),Elaine STEWART (Lab),skipped,skipped,skipped,skipped,skipped,skipped,skipped,3,9
483,John BELL (SNP),Anne FAIRLIE (SNP),Elaine STEWART (Lab),Elaine DINWOODIE (Lab),skipped,skipped,skipped,skipped,skipped,skipped,3,9
484,John BELL (SNP),Anne FAIRLIE (SNP),Elaine STEWART (Lab),Elaine DINWOODIE (Lab),skipped,skipped,skipped,skipped,skipped,skipped,3,9
485,John BELL (SNP),Anne FAIRLIE (SNP),Elaine STEWART (Lab),Elaine DINWOODIE (Lab),skipped,skipped,skipped,skipped,skipped,skipped,3,9
486,John BELL (SNP),Anne FAIRLIE (SNP),Elaine STEWART (Lab),Elaine DINWOODIE (Lab),skipped,skipped,skipped,skipped,skipped,skipped,3,9
487,John BELL (SNP),Anne FAIRLIE (SNP),Elaine STEWART (Lab),Elaine DINWOODIE (Lab),Drew FILSON (Ind),skipped,skipped,skipped,skipped,skipped,3,9
488,John BELL (SNP),Anne FAIRLIE (SNP),Elaine STEWART (Lab),Elaine DINWOODIE (Lab),Drew FILSON (Ind),Alison HARPER (C),Mark MITCHELL (Libtn),Craig MURRAY (Grn),skipped,skipped,3,9
489,John BELL (SNP),Anne FAIRLIE (SNP),Elaine STEWART (Lab),Elaine DINWOODIE (Lab),Drew FILSON (Ind),John YOUNG (Ind),Craig MURRAY (Grn),Mark MITCHELL (Libtn),Alison HARPER (C),skipped,3,9
490,John BELL (SNP),Anne FAIRLIE (SNP),Elaine STEWART (Lab),Elaine DINWOODIE (Lab),Drew FILSON (Ind),John YOUNG (Ind),Craig MURRAY (Grn),Mark MITCHELL (Libtn),Alison HARPER (C),skipped,3,9
491,John BELL (SNP),Anne FAIRLIE (SNP),Elaine STEWART (Lab),Elaine DINWOODIE (Lab),Craig MURRAY (Grn),skipped,skipped,skipped,skipped,skipped,3,9
492,John BELL (SNP),Anne FAIRLIE (SNP),Elaine STEWART (Lab),Elaine DINWOODIE (Lab),John YOUNG (Ind),Drew FILSON (Ind),Alison HARPER (C),Mark MITCHELL (Libtn),Craig MURRAY (Grn),skipped,3,9
493,John BELL (SNP),Anne FAIRLIE (SNP),Elaine STEWART (Lab),Craig MURRAY (Grn),skipped,skipped,skipped,skipped,skipped,skipped,3,9
494,John BELL (SNP),Anne FAIRLIE (SNP),Elaine STEWART (Lab),John YOUNG (Ind),Craig MURRAY (Grn),Mark MITCHELL (Libtn),Elaine DINWOODIE (Lab),Alison HARPER (C),Drew FILSON (Ind),skipped,3,9
495,John BELL (SNP),Anne FAIRLIE (SNP),Elaine STEWART (Lab),John YOUNG (Ind),Craig MURRAY (Grn),Mark MITCHELL (Libtn),Alison HARPER (C),Elaine DINWOODIE (Lab),Drew FILSON (Ind),skipped,3,9
496,John BELL (SNP),Anne FAIRLIE (SNP),John YOUNG (Ind),skipped,skipped,skipped,skipped,skipped,skipped,skipped,3,9
497,John BELL (SNP),Anne FAIRLIE (SNP),John YOUNG (Ind),skipped,skipped,skipped,skipped,skipped,skipped,skipped,3,9
498,John BELL (SNP),Anne FAIRLIE (SNP),John YOUNG (Ind),skipped,skipped,skipped,skipped,skipped,skipped,skipped,3,9
499,John BELL (SNP),Anne FAIRLIE (SNP),John YOUNG (Ind),skipped,skipped,skipped,skipped,skipped,skipped,skipped,3,9
500,John BELL (SNP),Anne FAIRLIE (SNP),John YOUNG (Ind),skipped,skipped,skipped,skipped,skipped,skipped,skipped,3,9
501,John BELL (SNP),Anne FAIRLIE (SNP),John YOUNG (Ind),Drew FILSON (Ind),skipped,skipped,skipped,skipped,skipped,skipped,3,9
502,John BELL (SNP),Anne FAIRLIE (SNP),John YOUNG (Ind),Drew FILSON (Ind),Elaine DINWOODIE (Lab),skipped,skipped,skipped,skipped,skipped,3,9
503,John BELL (SNP),Anne FAIRLIE (SNP),John YOUNG (Ind),Craig MURRAY (Grn),skipped,skipped,skipped,skipped,skipped,skipped,3,9
504,John BELL (SNP),Anne FAIRLIE (SNP),John YOUNG (Ind),Elaine STEWART (Lab),Craig MURRAY (Grn),Drew FILSON (Ind),Elaine DINWOODIE (Lab),Alison HARPER (C),Mark MITCHELL (Libtn),skipped,3,9
505,John BELL (SNP),Anne FAIRLIE (SNP),John YOUNG (Ind),Elaine STEWART (Lab),Craig MURRAY (Grn),Mark MITCHELL (Libtn),Drew FILSON (Ind),Elaine DINWOODIE (Lab),Alison HARPER (C),skipped,3,9
506,John BELL (SNP),Drew FILSON (Ind),skipped,skipped,skipped,skipped,skipped,skipped,skipped,skipped,3,9
507,John BELL (SNP),Drew FILSON (Ind),skipped,skipped,skipped,skipped,skipped,skipped,skipped,skipped,3,9
508,John BELL (SNP),Drew FILSON (Ind),skipped,skipped,skipped,skipped,skipped,skipped,skipped,skipped,3,9
509,John BELL (SNP),Drew FILSON (Ind),skipped,skipped,skipped,skipped,skipped,skipped,skipped,skipped,3,9
510,John BELL (SNP),Drew FILSON (Ind),skipped,skipped,skipped,skipped,skipped,skipped,skipped,skipped,3,9
511,John BELL (SNP),Drew FILSON (Ind),skipped,skipped,skipped,skipped,skipped,skipped,skipped,skipped,3,9
512,John BELL (SNP),Drew FILSON (Ind),skipped,skipped,skipped,skipped,skipped,skipped,skipped,skipped,3,9
513,John BELL (SNP),Drew FILSON (Ind),skipped,skipped,skipped,skipped,skipped,skipped,skipped,skipped,3,9
514,John BELL (SNP),Drew FILSON (Ind),skipped,skipped,skipped,skipped,skipped,skipped,skipped,skipped,3,9
515,John BELL (SNP),Drew FILSON (Ind),skipped,skipped,skipped,skipped,skipped,skipped,skipped,skipped,3,9
516,John BELL (SNP),Drew FILSON (Ind),skipped,skipped,skipped,skipped,skipped,skipped,skipped,skipped,3,9
517,John BELL (SNP),Drew FILSON (Ind),Elaine DINWOODIE (Lab),skipped,skipped,skipped,skipped,skipped,skipped,skipped,3,9
518,John BELL (SNP),Drew FILSON (Ind),Elaine DINWOODIE (Lab),Anne FAIRLIE (SNP),skipped,skipped,skipped,skipped,skipped,skipped,3,9
519,John BELL (SNP),Drew FILSON (Ind),Elaine DINWOODIE (Lab),Anne FAIRLIE (SNP),Alison HARPER (C),Craig MURRAY (Grn),Elaine STEWART (Lab),John YOUNG (Ind),Mark MITCHELL (Libtn),skipped,3,9
520,John BELL (SNP),Drew FILSON (Ind),Elaine DINWOODIE (Lab),Anne FAIRLIE (SNP),Mark MITCHELL (Libtn),Elaine STEWART (Lab),Craig MURRAY (Grn),Alison HARPER (C),skipped,skipped,3,9
521,John BELL (SNP),Drew FILSON (Ind),Elaine DINWOODIE (Lab),John YOUNG (Ind),skipped,skipped,skipped,skipped,skipped,skipped,3,9
522,John BELL (SNP),Drew FILSON (Ind),Anne FAIRLIE (SNP),skipped,skipped,skipped,skipped,skipped,skipped,skipped,3,9
523,John BELL (SNP),Drew FILSON (Ind),Anne FAIRLIE (SNP),skipped,skipped,skipped,skipped,skipped,skipped,skipped,3,9
524,John BELL (SNP),Drew FILSON (Ind),Anne FAIRLIE (SNP),skipped,skipped,skipped,skipped,skipped,skipped,skipped,3,9
525,John BELL (SNP),Drew FILSON (Ind),Anne FAIRLIE (SNP),skipped,skipped,skipped,skipped,skipped,skipped,skipped,3,9
526,John BELL (SNP),Drew FILSON (Ind),Anne FAIRLIE (SNP),skipped,skipped,skipped,skipped,skipped,skipped,skipped,3,9
527,John BELL (SNP),Drew FILSON (Ind),Anne FAIRLIE (SNP),skipped,skipped,skipped,skipped,skipped,skipped,skipped,3,9
528,John BELL (SNP),Drew FILSON (Ind),Anne FAIRLIE (SNP),skipped,skipped,skipped,skipped,skipped,skipped,skipped,3,9
529,John BELL (SNP),Drew FILSON (Ind),Anne FAIRLIE (SNP),skipped,skipped,skipped,skipped,skipped,skipped,skipped,3,9
530,John BELL (SNP),Drew FILSON (Ind),Anne FAIRLIE (SNP),Elaine DINWOODIE (Lab),Alison HARPER (C),John YOUNG (Ind),Elaine STEWART (Lab),Craig MURRAY (Grn),Mark MITCHELL (Libtn),skipped,3,9
531,John BELL (SNP),Drew FILSON (Ind),Anne FAIRLIE (SNP),John YOUNG (Ind),Elaine DINWOODIE (Lab),Elaine STEWART (Lab),skipped,skipped,skipped,skipped,3,9
532,John BELL (SNP),Drew FILSON (Ind),Mark MITCHELL (Libtn),Elaine STEWART (Lab),skipped,skipped,skipped,skipped,skipped,skipped,3,9
533,John BELL (SNP),Drew FILSON (Ind),Craig MURRAY (Grn),skipped,skipped,skipped,skipped,skipped,skipped,skipped,3,9
534,John BELL (SNP),Drew FILSON (Ind),Elaine STEWART (Lab),skipped,skipped,skipped,skipped,skipped,skipped,skipped,3,9
535,John BELL (SNP),Drew FILSON (Ind),Elaine STEWART (Lab),Elaine DINWOODIE (Lab),skipped,skipped,skipped,skipped,skipped,skipped,3,9
536,John BELL (SNP),Drew FILSON (Ind),John YOUNG (Ind),skipped,skipped,skipped,skipped,skipped,skipped,skipped,3,9
537,John BELL (SNP),Drew FILSON (Ind),John YOUNG (Ind),skipped,skipped,skipped,skipped,skipped,skipped,skipped,3,9
538,John BELL (SNP),Drew FILSON (Ind),John YOUNG (Ind),skipped,skipped,skipped,skipped,skipped,skipped,skipped,3,9
539,John BELL (SNP),Drew FILSON (Ind),John YOUNG (Ind),skipped,skipped,skipped,skipped,skipped,skipped,skipped,3,9
540,John BELL (SNP),Drew FILSON (Ind),John YOUNG (Ind),Elaine DINWOODIE (Lab),skipped,skipped,skipped,skipped,skipped,skipped,3,9
541,John BELL (SNP),Drew FILSON (Ind),John YOUNG (Ind),Elaine DINWOODIE (Lab),Anne FAIRLIE (SNP),skipped,skipped,skipped,skipped,skipped,3,9
542,John BELL (SNP),Alison HARPER (C),skipped,skipped,skipped,skipped,skipped,skipped,skipped,skipped,3,9
543,John BELL (SNP),Alison HARPER (C),Anne FAIRLIE (SNP),Drew FILSON (Ind),John YOUNG (Ind),Craig MURRAY (Grn),Mark MITCHELL (Libtn),Elaine STEWART (Lab),Elaine DINWOODIE (Lab),skipped,3,9
544,John BELL (SNP),Craig MURRAY (Grn),skipped,skipped,skipped,skipped,skipped,skipped,skipped,skipped,3,9
545,John BELL (SNP),Craig MURRAY (Grn),skipped,skipped,skipped,skipped,skipped,skipped,skipped,skipped,3,9
546,John BELL (SNP),Craig MURRAY (Grn),skipped,skipped,skipped,skipped,skipped,skipped,skipped,skipped,3,9
547,John BELL (SNP),Craig MURRAY (Grn),skipped,skipped,skipped,skipped,skipped,skipped,skipped,skipped,3,9
548,John BELL (SNP),Craig MURRAY (Grn),Elaine DINWOODIE (Lab),skipped,skipped,skipped,skipped,skipped,skipped,skipped,3,9
549,John BELL (SNP),Craig MURRAY (Grn),Elaine DINWOODIE (Lab),Mark MITCHELL (Libtn),John YOUNG (Ind),skipped,skipped,skipped,skipped,skipped,3,9
550,John BELL (SNP),Craig MURRAY (Grn),Anne FAIRLIE (SNP),skipped,skipped,skipped,skipped,skipped,skipped,skipped,3,9
551,John BELL (SNP),Craig MURRAY (Grn),Anne FAIRLIE (SNP),skipped,skipped,skipped,skipped,skipped,skipped,skipped,3,9
552,John BELL (SNP),Craig MURRAY (Grn),Anne FAIRLIE (SNP),skipped,skipped,skipped,skipped,skipped,skipped,skipped,3,9
553,John BELL (SNP),Craig MURRAY (Grn),Anne FAIRLIE (SNP),Elaine DINWOODIE (Lab),skipped,skipped,skipped,skipped,skipped,skipped,3,9
554,John BELL (SNP),Craig MURRAY (Grn),Drew FILSON (Ind),skipped,skipped,skipped,skipped,skipped,skipped,skipped,3,9
555,John BELL (SNP),Craig MURRAY (Grn),Mark MITCHELL (Libtn),John YOUNG (Ind),Anne FAIRLIE (SNP),Drew FILSON (Ind),Elaine STEWART (Lab),Elaine DINWOODIE (Lab),Alison HARPER (C),skipped,3,9
556,John BELL (SNP),Elaine STEWART (Lab),skipped,skipped,skipped,skipped,skipped,skipped,skipped,skipped,3,9
557,John BELL (SNP),Elaine STEWART (Lab),skipped,skipped,skipped,skipped,skipped,skipped,skipped,skipped,3,9
558,John BELL (SNP),Elaine STEWART (Lab),skipped,skipped,skipped,skipped,skipped,skipped,skipped,skipped,3,9
559,John BELL (SNP),Elaine STEWART (Lab),Elaine DINWOODIE (Lab),skipped,skipped,skipped,skipped,skipped,skipped,skipped,3,9
560,John BELL (SNP),Elaine STEWART (Lab),Elaine DINWOODIE (Lab),skipped,skipped,skipped,skipped,skipped,skipped,skipped,3,9
561,John BELL (SNP),Elaine STEWART (Lab),Elaine DINWOODIE (Lab),skipped,skipped,skipped,skipped,skipped,skipped,skipped,3,9
562,John BELL (SNP),Elaine STEWART (Lab),Elaine DINWOODIE (Lab),skipped,skipped,skipped,skipped,skipped,skipped,skipped,3,9
563,John BELL (SNP),Elaine STEWART (Lab),Anne FAIRLIE (SNP),skipped,skipped,skipped,skipped,skipped,skipped,skipped,3,9
564,John BELL (SNP),Elaine STEWART (Lab),Anne FAIRLIE (SNP),skipped,skipped,skipped,skipped,skipped,skipped,skipped,3,9
565,John BELL (SNP),Elaine STEWART (Lab),Drew FILSON (Ind),skipped,skipped,skipped,skipped,skipped,skipped,skipped,3,9
566,John BELL (SNP),Elaine STEWART (Lab),Drew FILSON (Ind),skipped,skipped,skipped,skipped,skipped,skipped,skipped,3,9
567,John BELL (SNP),Elaine STEWART (Lab),Drew FILSON (Ind),Elaine DINWOODIE (Lab),skipped,skipped,skipped,skipped,skipped,skipped,3,9
568,John BELL (SNP),Elaine STEWART (Lab),John YOUNG (Ind),skipped,skipped,skipped,skipped,skipped,skipped,skipped,3,9
569,John BELL (SNP),John YOUNG (Ind),skipped,skipped,skipped,skipped,skipped,skipped,skipped,skipped,3,9
570,John BELL (SNP),John YOUNG (Ind),skipped,skipped,skipped,skipped,skipped,skipped,skipped,skipped,3,9
571,John BELL (SNP),John YOUNG (Ind),Elaine DINWOODIE (Lab),skipped,skipped,skipped,skipped,skipped,skipped,skipped,3,9
572,John BELL (SNP),John YOUNG (Ind),Anne FAIRLIE (SNP),Drew FILSON (Ind),skipped,skipped,skipped,skipped,skipped,skipped,3,9
573,John BELL (SNP),John YOUNG (Ind),Anne FAIRLIE (SNP),Craig MURRAY (Grn),Drew FILSON (Ind),Alison HARPER (C),Mark MITCHELL (Libtn),Elaine STEWART (Lab),Elaine DINWOODIE (Lab),skipped,3,9
574,John BELL (SNP),John YOUNG (Ind),Anne FAIRLIE (SNP),Craig MURRAY (Grn),Alison HARPER (C),Drew FILSON (Ind),Mark MITCHELL (Libtn),Elaine STEWART (Lab),Elaine DINWOODIE (Lab),skipped,3,9
575,John BELL (SNP),John YOUNG (Ind),Drew FILSON (Ind),skipped,skipped,skipped,skipped,skipped,skipped,skipped,3,9
576,John BELL (SNP),John YOUNG (Ind),Drew FILSON (Ind),skipped,skipped,skipped,skipped,skipped,skipped,skipped,3,9
577,John BELL (SNP),John YOUNG (Ind),Alison HARPER (C),Drew FILSON (Ind),Anne FAIRLIE (SNP),Craig MURRAY (Grn),Mark MITCHELL (Libtn),Elaine STEWART (Lab),Elaine DINWOODIE (Lab),skipped,3,9
578,John BELL (SNP),John YOUNG (Ind),Craig MURRAY (Grn),skipped,skipped,skipped,skipped,skipped,skipped,skipped,3,9
579,John BELL (SNP),John YOUNG (Ind),Craig MURRAY (Grn),skipped,skipped,skipped,skipped,skipped,skipped,skipped,3,9
580,John BELL (SNP),John YOUNG (Ind),Craig MURRAY (Grn),skipped,skipped,skipped,skipped,skipped,skipped,skipped,3,9
581,John BELL (SNP),John YOUNG (Ind),Elaine STEWART (Lab),skipped,skipped,skipped,skipped,skipped,skipped,skipped,3,9
582,John BELL (SNP),John YOUNG (Ind),Elaine STEWART (Lab),Anne FAIRLIE (SNP),skipped,skipped,skipped,skipped,skipped,skipped,3,9
583,Elaine DINWOODIE (Lab),skipped,skipped,skipped,skipped,skipped,skipped,skipped,skipped,skipped,3,9
584,Elaine DINWOODIE (Lab),skipped,skipped,skipped,skipped,skipped,skipped,skipped,skipped,skipped,3,9
585,Elaine DINWOODIE (Lab),skipped,skipped,skipped,skipped,skipped,skipped,skipped,skipped,skipped,3,9
586,Elaine DINWOODIE (Lab),skipped,skipped,skipped,skipped,skipped,skipped,skipped,skipped,skipped,3,9
587,Elaine DINWOODIE (Lab),skipped,skipped,skipped,skipped,skipped,skipped,skipped,skipped,skipped,3,9
588,Elaine DINWOODIE (Lab),skipped,skipped,skipped,skipped,skipped,skipped,skipped,skipped,skipped,3,9
589,Elaine DINWOODIE (Lab),skipped,skipped,skipped,skipped,skipped,skipped,skipped,skipped,skipped,3,9
590,Elaine DINWOODIE (Lab),skipped,skipped,skipped,skipped,skipped,skipped,skipped,skipped,skipped,3,9
591,Elaine DINWOODIE (Lab),skipped,skipped,skipped,skipped,skipped,skipped,skipped,skipped,skipped,3,9
592,Elaine DINWOODIE (Lab),skipped,skipped,skipped,skipped,skipped,skipped,skipped,skipped,skipped,3,9
593,Elaine DINWOODIE (Lab),skipped,skipped,skipped,skipped,skipped,skipped,skipped,skipped,skipped,3,9
594,Elaine DINWOODIE (Lab),skipped,skipped,skipped,skipped,skipped,skipped,skipped,skipped,skipped,3,9
595,Elaine DINWOODIE (Lab),skipped,skipped,skipped,skipped,skipped,skipped,skipped,skipped,skipped,3,9
596,Elaine DINWOODIE (Lab),skipped,skipped,skipped,skipped,skipped,skipped,skipped,skipped,skipped,3,9
597,Elaine DINWOODIE (Lab),skipped,skipped,skipped,skipped,skipped,skipped,skipped,skipped,skipped,3,9
598,Elaine DINWOODIE (Lab),skipped,skipped,skipped,skipped,skipped,skipped,skipped,skipped,skipped,3,9
599,Elaine DINWOODIE (Lab),skipped,skipped,skipped,skipped,skipped,skipped,skipped,skipped,skipped,3,9
600,Elaine DINWOODIE (Lab),skipped,skipped,skipped,skipped,skipped,skipped,skipped,skipped,skipped,3,9
601,Elaine DINWOODIE (Lab),skipped,skipped,skipped,skipped,skipped,skipped,skipped,skipped,skipped,3,9
602,Elaine DINWOODIE (Lab),skipped,skipped,skipped,skipped,skipped,skipped,skipped,skipped,skipped,3,9
603,Elaine DINWOODIE (Lab),skipped,skipped,skipped,skipped,skipped,skipped,skipped,skipped,skipped,3,9
604,Elaine DINWOODIE (Lab),skipped,skipped,skipped,skipped,skipped,skipped,skipped,skipped,skipped,3,9
605,Elaine DINWOODIE (Lab),skipped,skipped,skipped,skipped,skipped,skipped,skipped,skipped,skipped,3,9
606,Elaine DINWOODIE (Lab),skipped,skipped,skipped,skipped,skipped,skipped,skipped,skipped,skipped,3,9
607,Elaine DINWOODIE (Lab),skipped,skipped,skipped,skipped,skipped,skipped,skipped,skipped,skipped,3,9
608,Elaine DINWOODIE (Lab),skipped,skipped,skipped,skipped,skipped,skipped,skipped,skipped,skipped,3,9
609,Elaine DINWOODIE (Lab),skipped,skipped,skipped,skipped,skipped,skipped,skipped,skipped,skipped,3,9
610,Elaine DINWOODIE (Lab),skipped,skipped,skipped,skipped,skipped,skipped,skipped,skipped,skipped,3,9
611,Elaine DINWOODIE (Lab),skipped,skipped,skipped,skipped,skipped,skipped,skipped,skipped,skipped,3,9
612,Elaine DINWOODIE (Lab),skipped,skipped,skipped,skipped,skipped,skipped,skipped,skipped,skipped,3,9
613,Elaine DINWOODIE (Lab),skipped,skipped,skipped,skipped,skipped,skipped,skipped,skipped,skipped,3,9
614,Elaine DINWOODIE (Lab),skipped,skipped,skipped,skipped,skipped,skipped,skipped,skipped,skipped,3,9
615,Elaine DINWOODIE (Lab),skipped,skipped,skipped,skipped,skipped,skipped,skipped,skipped,skipped,3,9
616,Elaine DINWOODIE (Lab),skipped,skipped,skipped,skipped,skipped,skipped,skipped,skipped,skipped,3,9
617,Elaine DINWOODIE (Lab),skipped,skipped,skipped,skipped,skipped,skipped,skipped,skipped,skipped,3,9
618,Elaine DINWOODIE (Lab),skipped,skipped,skipped,skipped,skipped,skipped,skipped,skipped,skipped,3,9
619,Elaine DINWOODIE (Lab),skipped,skipped,skipped,skipped,skipped,skipped,skipped,skipped,skipped,3,9
620,Elaine DINWOODIE (Lab),skipped,skipped,skipped,skipped,skipped,skipped,skipped,skipped,skipped,3,9
621,Elaine DINWOODIE (Lab),skipped,skipped,skipped,skipped,skipped,skipped,skipped,skipped,skipped,3,9
622,Elaine DINWOODIE (Lab),skipped,skipped,skipped,skipped,skipped,skipped,skipped,skipped,skipped,3,9
623,Elaine DINWOODIE (Lab),skipped,skipped,skipped,skipped,skipped,skipped,skipped,skipped,skipped,3,9
624,Elaine DINWOODIE (Lab),skipped,skipped,skipped,skipped,skipped,skipped,skipped,skipped,skipped,3,9
625,Elaine DINWOODIE (Lab),skipped,skipped,skipped,skipped,skipped,skipped,skipped,skipped,skipped,3,9
626,Elaine DINWOODIE (Lab),skipped,skipped,skipped,skipped,skipped,skipped,skipped,skipped,skipped,3,9
627,Elaine DINWOODIE (Lab),skipped,skipped,skipped,skipped,skipped,skipped,skipped,skipped,skipped,3,9
628,Elaine DINWOODIE (Lab),skipped,skipped,skipped,skipped,skipped,skipped,skipped,skipped,skipped,3,9
629,Elaine DINWOODIE (Lab),skipped,skipped,skipped,skipped,skipped,skipped,skipped,skipped,skipped,3,9
630,Elaine DINWOODIE (Lab),skipped,skipped,skipped,skipped,skipped,skipped,skipped,skipped,skipped,3,9
631,Elaine DINWOODIE (Lab),skipped,skipped,skipped,skipped,skipped,skipped,skipped,skipped,skipped,3,9
632,Elaine DINWOODIE (Lab),skipped,skipped,skipped,skipped,skipped,skipped,skipped,skipped,skipped,3,9
633,Elaine DINWOODIE (Lab),skipped,skipped,skipped,skipped,skipped,skipped,skipped,skipped,skipped,3,9
634,Elaine DINWOODIE (Lab),skipped,skipped,skipped,skipped,skipped,skipped,skipped,skipped,skipped,3,9
635,Elaine DINWOODIE (Lab),skipped,skipped,skipped,skipped,skipped,skipped,skipped,skipped,skipped,3,9
636,Elaine DINWOODIE (Lab),skipped,skipped,skipped,skipped,skipped,skipped,skipped,skipped,skipped,3,9
637,Elaine DINWOODIE (Lab),skipped,skipped,skipped,skipped,skipped,skipped,skipped,skipped,skipped,3,9
638,Elaine DINWOODIE (Lab),skipped,skipped,skipped,skipped,skipped,skipped,skipped,skipped,skipped,3,9
639,Elaine DINWOODIE (Lab),skipped,skipped,skipped,skipped,skipped,skipped,skipped,skipped,skipped,3,9
640,Elaine DINWOODIE (Lab),skipped,skipped,skipped,skipped,skipped,skipped,skipped,skipped,skipped,3,9
641,Elaine DINWOODIE (Lab),skipped,skipped,skipped,skipped,skipped,skipped,skipped,skipped,skipped,3,9
642,Elaine DINWOODIE (Lab),skipped,skipped,skipped,skipped,skipped,skipped,skipped,skipped,skipped,3,9
643,Elaine DINWOODIE (Lab),skipped,skipped,skipped,skipped,skipped,skipped,skipped,skipped,skipped,3,9
644,Elaine DINWOODIE (Lab),skipped,skipped,skipped,skipped,skipped,skipped,skipped,skipped,skipped,3,9
645,Elaine DINWOODIE (Lab),skipped,skipped,skipped,skipped,skipped,skipped,skipped,skipped,skipped,3,9
646,Elaine DINWOODIE (Lab),skipped,skipped,skipped,skipped,skipped,skipped,skipped,skipped,skipped,3,9
647,Elaine DINWOODIE (Lab),skipped,skipped,skipped,skipped,skipped,skipped,skipped,skipped,skipped,3,9
648,Elaine DINWOODIE (Lab),skipped,skipped,skipped,skipped,skipped,skipped,skipped,skipped,skipped,3,9
649,Elaine DINWOODIE (Lab),skipped,skipped,skipped,skipped,skipped,skipped,skipped,skipped,skipped,3,9
650,Elaine DINWOODIE (Lab),skipped,skipped,skipped,skipped,skipped,skipped,skipped,skipped,skipped,3,9
651,Elaine DINWOODIE (Lab),skipped,skipped,skipped,skipped,skipped,skipped,skipped,skipped,skipped,3,9
652,Elaine DINWOODIE (Lab),skipped,skipped,skipped,skipped,skipped,skipped,skipped,skipped,skipped,3,9
653,Elaine DINWOODIE (Lab),skipped,skipped,skipped,skipped,skipped,skipped,skipped,skipped,skipped,3,9
654,Elaine DINWOODIE (Lab),skipped,skipped,skipped,skipped,skipped,skipped,skipped,skipped,skipped,3,9
655,Elaine DINWOODIE (Lab),skipped,skipped,skipped,skipped,skipped,skipped,skipped,skipped,skipped,3,9
656,Elaine DINWOODIE (Lab),skipped,skipped,skipped,skipped,skipped,skipped,skipped,skipped,skipped,3,9
657,Elaine DINWOODIE (Lab),skipped,skipped,skipped,skipped,skipped,skipped,skipped,skipped,skipped,3,9
658,Elaine DINWOODIE (Lab),skipped,skipped,skipped,skipped,skipped,skipped,skipped,skipped,skipped,3,9
659,Elaine DINWOODIE (Lab),skipped,skipped,skipped,skipped,skipped,skipped,skipped,skipped,skipped,3,9
660,Elaine DINWOODIE (Lab),skipped,skipped,skipped,skipped,skipped,skipped,skipped,skipped,skipped,3,9
661,Elaine DINWOODIE (Lab),skipped,skipped,skipped,skipped,skipped,skipped,skipped,skipped,skipped,3,9
662,Elaine DINWOODIE (Lab),skipped,skipped,skipped,skipped,skipped,skipped,skipped,skipped,skipped,3,9
663,Elaine DINWOODIE (Lab),skipped,skipped,skipped,skipped,skipped,skipped,skipped,skipped,skipped,3,9
664,Elaine DINWOODIE (Lab),skipped,skipped,skipped,skipped,skipped,skipped,skipped,skipped,skipped,3,9
665,Elaine DINWOODIE (Lab),skipped,skipped,skipped,skipped,skipped,skipped,skipped,skipped,skipped,3,9
666,Elaine DINWOODIE (Lab),skipped,skipped,skipped,skipped,skipped,skipped,skipped,skipped,skipped,3,9
667,Elaine DINWOODIE (Lab),skipped,skipped,skipped,skipped,skipped,skipped,skipped,skipped,skipped,3,9
668,Elaine DINWOODIE (Lab),skipped,skipped,skipped,skipped,skipped,skipped,skipped,skipped,skipped,3,9
669,Elaine DINWOODIE (Lab),skipped,skipped,skipped,skipped,skipped,skipped,skipped,skipped,skipped,3,9
670,Elaine DINWOODIE (Lab),skipped,skipped,skipped,skipped,skipped,skipped,skipped,skipped,skipped,3,9
671,Elaine DINWOODIE (Lab),skipped,skipped,skipped,skipped,skipped,skipped,skipped,skipped,skipped,3,9
672,Elaine DINWOODIE (Lab),skipped,skipped,skipped,skipped,skipped,skipped,skipped,skipped,skipped,3,9
673,Elaine DINWOODIE (Lab),skipped,skipped,skipped,skipped,skipped,skipped,skipped,skipped,skipped,3,9
674,Elaine DINWOODIE (Lab),skipped,skipped,skipped,skipped,skipped,skipped,skipped,skipped,skipped,3,9
675,Elaine DINWOODIE (Lab),skipped,skipped,skipped,skipped,skipped,skipped,skipped,skipped,skipped,3,9
676,Elaine DINWOODIE (Lab),skipped,skipped,skipped,skipped,skipped,skipped,skipped,skipped,skipped,3,9
677,Elaine DINWOODIE (Lab),skipped,skipped,skipped,skipped,skipped,skipped,skipped,skipped,skipped,3,9
678,Elaine DINWOODIE (Lab),skipped,skipped,skipped,skipped,skipped,skipped,skipped,skipped,skipped,3,9
679,Elaine DINWOODIE (Lab),skipped,skipped,skipped,skipped,skipped,skipped,skipped,skipped,skipped,3,9
680,Elaine DINWOODIE (Lab),skipped,skipped,skipped,skipped,skipped,skipped,skipped,skipped,skipped,3,9
681,Elaine DINWOODIE (Lab),skipped,skipped,skipped,skipped,skipped,skipped,skipped,skipped,skipped,3,9
682,Elaine DINWOODIE (Lab),skipped,skipped,skipped,skipped,skipped,skipped,skipped,skipped,skipped,3,9
683,Elaine DINWOODIE (Lab),skipped,skipped,skipped,skipped,skipped,skipped,skipped,skipped,skipped,3,9
684,Elaine DINWOODIE (Lab),skipped,skipped,skipped,skipped,skipped,skipped,skipped,skipped,skipped,3,9
685,Elaine DINWOODIE (Lab),skipped,skipped,skipped,skipped,skipped,skipped,skipped,skipped,skipped,3,9
686,Elaine DINWOODIE (Lab),skipped,skipped,skipped,skipped,skipped,skipped,skipped,skipped,skipped,3,9
687,Elaine DINWOODIE (Lab),skipped,skipped,skipped,skipped,skipped,skipped,skipped,skipped,skipped,3,9
688,Elaine DINWOODIE (Lab),skipped,skipped,skipped,skipped,skipped,skipped,skipped,skipped,skipped,3,9
689,Elaine DINWOODIE (Lab),skipped,skipped,skipped,skipped,skipped,skipped,skipped,skipped,skipped,3,9
690,Elaine DINWOODIE (Lab),skipped,skipped,skipped,skipped,skipped,skipped,skipped,skipped,skipped,3,9
691,Elaine DINWOODIE (Lab),skipped,skipped,skipped,skipped,skipped,skipped,skipped,skipped,skipped,3,9
692,Elaine DINWOODIE (Lab),skipped,skipped,skipped,skipped,skipped,skipped,skipped,skipped,skipped,3,9
693,Elaine DINWOODIE (Lab),skipped,skipped,skipped,skipped,skipped,skipped,skipped,skipped,skipped,3,9
694,Elaine DINWOODIE (Lab),skipped,skipped,skipped,skipped,skipped,skipped,skipped,skipped,skipped,3,9
695,Elaine DINWOODIE (Lab),skipped,skipped,skipped,skipped,skipped,skipped,skipped,skipped,skipped,3,9
696,Elaine DINWOODIE (Lab),skipped,skipped,skipped,skipped,skipped,skipped,skipped,skipped,skipped,3,9
697,Elaine DINWOODIE (Lab),skipped,skipped,skipped,skipped,skipped,skipped,skipped,skipped,skipped,3,9
698,Elaine DINWOODIE (Lab),skipped,skipped,skipped,skipped,skipped,skipped,skipped,skipped,skipped,3,9
699,Elaine DINWOODIE (Lab),skipped,skipped,skipped,skipped,skipped,skipped,skipped,skipped,skipped,3,9
700,Elaine DINWOODIE (Lab),skipped,skipped,skipped,skipped,skipped,skipped,skipped,skipped,skipped,3,9
701,Elaine DINWOODIE (Lab),skipped,skipped,skipped,skipped,skipped,skipped,skipped,skipped,skipped,3,9
702,Elaine DINWOODIE (Lab),skipped,skipped,skipped,skipped,skipped,skipped,skipped,skipped,skipped,3,9
703,Elaine DINWOODIE (Lab),skipped,skipped,skipped,skipped,skipped,skipped,skipped,skipped,skipped,3,9
704,Elaine DINWOODIE (Lab),skipped,skipped,skipped,skipped,skipped,skipped,skipped,skipped,skipped,3,9
705,Elaine DINWOODIE (Lab),skipped,skipped,skipped,skipped,skipped,skipped,skipped,skipped,skipped,3,9
706,Elaine DINWOODIE (Lab),skipped,skipped,skipped,skipped,skipped,skipped,skipped,skipped,skipped,3,9
707,Elaine DINWOODIE (Lab),skipped,skipped,skipped,skipped,skipped,skipped,skipped,skipped,skipped,3,9
708,Elaine DINWOODIE (Lab),skipped,skipped,skipped,skipped,skipped,skipped,skipped,skipped,skipped,3,9
709,Elaine DINWOODIE (Lab),skipped,skipped,skipped,skipped,skipped,skipped,skipped,skipped,skipped,3,9
710,Elaine DINWOODIE (Lab),skipped,skipped,skipped,skipped,skipped,skipped,skipped,skipped,skipped,3,9
711,Elaine DINWOODIE (Lab),skipped,skipped,skipped,skipped,skipped,skipped,skipped,skipped,skipped,3,9
712,Elaine DINWOODIE (Lab),skipped,skipped,skipped,skipped,skipped,skipped,skipped,skipped,skipped,3,9
713,Elaine DINWOODIE (Lab),skipped,skipped,skipped,skipped,skipped,skipped,skipped,skipped,skipped,3,9
714,Elaine DINWOODIE (Lab),skipped,skipped,skipped,skipped,skipped,skipped,skipped,skipped,skipped,3,9
715,Elaine DINWOODIE (Lab),skipped,skipped,skipped,skipped,skipped,skipped,skipped,skipped,skipped,3,9
716,Elaine DINWOODIE (Lab),skipped,skipped,skipped,skipped,skipped,skipped,skipped,skipped,skipped,3,9
717,Elaine DINWOODIE (Lab),skipped,skipped,skipped,skipped,skipped,skipped,skipped,skipped,skipped,3,9
718,Elaine DINWOODIE (Lab),skipped,skipped,skipped,skipped,skipped,skipped,skipped,skipped,skipped,3,9
719,Elaine DINWOODIE (Lab),skipped,skipped,skipped,skipped,skipped,skipped,skipped,skipped,skipped,3,9
720,Elaine DINWOODIE (Lab),John BELL (SNP),skipped,skipped,skipped,skipped,skipped,skipped,skipped,skipped,3,9
721,Elaine DINWOODIE (Lab),John BELL (SNP),skipped,skipped,skipped,skipped,skipped,skipped,skipped,skipped,3,9
722,Elaine DINWOODIE (Lab),John BELL (SNP),skipped,skipped,skipped,skipped,skipped,skipped,skipped,skipped,3,9
723,Elaine DINWOODIE (Lab),John BELL (SNP),skipped,skipped,skipped,skipped,skipped,skipped,skipped,skipped,3,9
724,Elaine DINWOODIE (Lab),John BELL (SNP),skipped,skipped,skipped,skipped,skipped,skipped,skipped,skipped,3,9
725,Elaine DINWOODIE (Lab),John BELL (SNP),skipped,skipped,skipped,skipped,skipped,skipped,skipped,skipped,3,9
726,Elaine DINWOODIE (Lab),John BELL (SNP),skipped,skipped,skipped,skipped,skipped,skipped,skipped,skipped,3,9
727,Elaine DINWOODIE (Lab),John BELL (SNP),skipped,skipped,skipped,skipped,skipped,skipped,skipped,skipped,3,9
728,Elaine DINWOODIE (Lab),John BELL (SNP),skipped,skipped,skipped,skipped,skipped,skipped,skipped,skipped,3,9
729,Elaine DINWOODIE (Lab),John BELL (SNP),Anne FAIRLIE (SNP),skipped,skipped,skipped,skipped,skipped,skipped,skipped,3,9
730,Elaine DINWOODIE (Lab),John BELL (SNP),Anne FAIRLIE (SNP),skipped,skipped,skipped,skipped,skipped,skipped,skipped,3,9
731,Elaine DINWOODIE (Lab),John BELL (SNP),Anne FAIRLIE (SNP),skipped,skipped,skipped,skipped,skipped,skipped,skipped,3,9
732,Elaine DINWOODIE (Lab),John BELL (SNP),Anne FAIRLIE (SNP),skipped,skipped,skipped,skipped,skipped,skipped,skipped,3,9
733,Elaine DINWOODIE (Lab),John BELL (SNP),Anne FAIRLIE (SNP),skipped,skipped,skipped,skipped,skipped,skipped,skipped,3,9
734,Elaine DINWOODIE (Lab),John BELL (SNP),Anne FAIRLIE (SNP),skipped,skipped,skipped,skipped,skipped,skipped,skipped,3,9
735,Elaine DINWOODIE (Lab),John BELL (SNP),Anne FAIRLIE (SNP),Drew FILSON (Ind),skipped,skipped,skipped,skipped,skipped,skipped,3,9
736,Elaine DINWOODIE (Lab),John BELL (SNP),Anne FAIRLIE (SNP),Elaine STEWART (Lab),Craig MURRAY (Grn),skipped,skipped,skipped,skipped,skipped,3,9
737,Elaine DINWOODIE (Lab),John BELL (SNP),Anne FAIRLIE (SNP),Elaine STEWART (Lab),Craig MURRAY (Grn),Drew FILSON (Ind),Mark MITCHELL (Libtn),John YOUNG (Ind),Alison HARPER (C),skipped,3,9
738,Elaine DINWOODIE (Lab),John BELL (SNP),Drew FILSON (Ind),skipped,skipped,skipped,skipped,skipped,skipped,skipped,3,9
739,Elaine DINWOODIE (Lab),John BELL (SNP),Drew FILSON (Ind),skipped,skipped,skipped,skipped,skipped,skipped,skipped,3,9
740,Elaine DINWOODIE (Lab),John BELL (SNP),Drew FILSON (Ind),skipped,skipped,skipped,skipped,skipped,skipped,skipped,3,9
741,Elaine DINWOODIE (Lab),John BELL (SNP),Drew FILSON (Ind),skipped,skipped,skipped,skipped,skipped,skipped,skipped,3,9
742,Elaine DINWOODIE (Lab),John BELL (SNP),Drew FILSON (Ind),skipped,skipped,skipped,skipped,skipped,skipped,skipped,3,9
743,Elaine DINWOODIE (Lab),John BELL (SNP),Drew FILSON (Ind),skipped,skipped,skipped,skipped,skipped,skipped,skipped,3,9
744,Elaine DINWOODIE (Lab),John BELL (SNP),Drew FILSON (Ind),Elaine STEWART (Lab),skipped,skipped,skipped,skipped,skipped,skipped,3,9
745,Elaine DINWOODIE (Lab),John BELL (SNP),Alison HARPER (C),skipped,skipped,skipped,skipped,skipped,skipped,skipped,3,9
746,Elaine DINWOODIE (Lab),John BELL (SNP),Alison HARPER (C),skipped,skipped,skipped,skipped,skipped,skipped,skipped,3,9
747,Elaine DINWOODIE (Lab),John BELL (SNP),Elaine STEWART (Lab),skipped,skipped,skipped,skipped,skipped,skipped,skipped,3,9
748,Elaine DINWOODIE (Lab),John BELL (SNP),Elaine STEWART (Lab),skipped,skipped,skipped,skipped,skipped,skipped,skipped,3,9
749,Elaine DINWOODIE (Lab),John BELL (SNP),Elaine STEWART (Lab),skipped,skipped,skipped,skipped,skipped,skipped,skipped,3,9
750,Elaine DINWOODIE (Lab),John BELL (SNP),Elaine STEWART (Lab),skipped,skipped,skipped,skipped,skipped,skipped,skipped,3,9
751,Elaine DINWOODIE (Lab),John BELL (SNP),Elaine STEWART (Lab),skipped,skipped,skipped,skipped,skipped,skipped,skipped,3,9
752,Elaine DINWOODIE (Lab),John BELL (SNP),Elaine STEWART (Lab),skipped,skipped,skipped,skipped,skipped,skipped,skipped,3,9
753,Elaine DINWOODIE (Lab),John BELL (SNP),Elaine STEWART (Lab),skipped,skipped,skipped,skipped,skipped,skipped,skipped,3,9
754,Elaine DINWOODIE (Lab),John BELL (SNP),Elaine STEWART (Lab),skipped,skipped,skipped,skipped,skipped,skipped,skipped,3,9
755,Elaine DINWOODIE (Lab),John BELL (SNP),Elaine STEWART (Lab),skipped,skipped,skipped,skipped,skipped,skipped,skipped,3,9
756,Elaine DINWOODIE (Lab),John BELL (SNP),Elaine STEWART (Lab),skipped,skipped,skipped,skipped,skipped,skipped,skipped,3,9
757,Elaine DINWOODIE (Lab),John BELL (SNP),Elaine STEWART (Lab),Anne FAIRLIE (SNP),Drew FILSON (Ind),Alison HARPER (C),Mark MITCHELL (Libtn),Craig MURRAY (Grn),John YOUNG (Ind),skipped,3,9
758,Elaine DINWOODIE (Lab),John BELL (SNP),Elaine STEWART (Lab),Anne FAIRLIE (SNP),Drew FILSON (Ind),Alison HARPER (C),Mark MITCHELL (Libtn),Craig MURRAY (Grn),John YOUNG (Ind),skipped,3,9
759,Elaine DINWOODIE (Lab),John BELL (SNP),Elaine STEWART (Lab),John YOUNG (Ind),Anne FAIRLIE (SNP),Drew FILSON (Ind),skipped,skipped,skipped,skipped,3,9
760,Elaine DINWOODIE (Lab),John BELL (SNP),John YOUNG (Ind),skipped,skipped,skipped,skipped,skipped,skipped,skipped,3,9
761,Elaine DINWOODIE (Lab),Anne FAIRLIE (SNP),skipped,skipped,skipped,skipped,skipped,skipped,skipped,skipped,3,9
762,Elaine DINWOODIE (Lab),Anne FAIRLIE (SNP),skipped,skipped,skipped,skipped,skipped,skipped,skipped,skipped,3,9
763,Elaine DINWOODIE (Lab),Anne FAIRLIE (SNP),skipped,skipped,skipped,skipped,skipped,skipped,skipped,skipped,3,9
764,Elaine DINWOODIE (Lab),Anne FAIRLIE (SNP),John BELL (SNP),skipped,skipped,skipped,skipped,skipped,skipped,skipped,3,9
765,Elaine DINWOODIE (Lab),Anne FAIRLIE (SNP),John BELL (SNP),skipped,skipped,skipped,skipped,skipped,skipped,skipped,3,9
766,Elaine DINWOODIE (Lab),Anne FAIRLIE (SNP),John BELL (SNP),skipped,skipped,skipped,skipped,skipped,skipped,skipped,3,9
767,Elaine DINWOODIE (Lab),Anne FAIRLIE (SNP),John BELL (SNP),skipped,skipped,skipped,skipped,skipped,skipped,skipped,3,9
768,Elaine DINWOODIE (Lab),Anne FAIRLIE (SNP),John BELL (SNP),skipped,skipped,skipped,skipped,skipped,skipped,skipped,3,9
769,Elaine DINWOODIE (Lab),Anne FAIRLIE (SNP),John BELL (SNP),skipped,skipped,skipped,skipped,skipped,skipped,skipped,3,9
770,Elaine DINWOODIE (Lab),Anne FAIRLIE (SNP),John BELL (SNP),Craig MURRAY (Grn),Elaine STEWART (Lab),John YOUNG (Ind),Drew FILSON (Ind),Mark MITCHELL (Libtn),Alison HARPER (C),skipped,3,9
771,Elaine DINWOODIE (Lab),Anne FAIRLIE (SNP),John BELL (SNP),John YOUNG (Ind),Craig MURRAY (Grn),Elaine STEWART (Lab),Alison HARPER (C),Mark MITCHELL (Libtn),Drew FILSON (Ind),skipped,3,9
772,Elaine DINWOODIE (Lab),Anne FAIRLIE (SNP),Drew FILSON (Ind),skipped,skipped,skipped,skipped,skipped,skipped,skipped,3,9
773,Elaine DINWOODIE (Lab),Anne FAIRLIE (SNP),Drew FILSON (Ind),Mark MITCHELL (Libtn),Alison HARPER (C),Craig MURRAY (Grn),John YOUNG (Ind),Elaine STEWART (Lab),John BELL (SNP),skipped,3,9
774,Elaine DINWOODIE (Lab),Anne FAIRLIE (SNP),Drew FILSON (Ind),John YOUNG (Ind),Elaine STEWART (Lab),Alison HARPER (C),Mark MITCHELL (Libtn),Craig MURRAY (Grn),John BELL (SNP),skipped,3,9
775,Elaine DINWOODIE (Lab),Anne FAIRLIE (SNP),Mark MITCHELL (Libtn),Elaine STEWART (Lab),skipped,skipped,skipped,skipped,skipped,skipped,3,9
776,Elaine DINWOODIE (Lab),Anne FAIRLIE (SNP),Craig MURRAY (Grn),skipped,skipped,skipped,skipped,skipped,skipped,skipped,3,9
777,Elaine DINWOODIE (Lab),Anne FAIRLIE (SNP),Craig MURRAY (Grn),Elaine STEWART (Lab),skipped,skipped,skipped,skipped,skipped,skipped,3,9
778,Elaine DINWOODIE (Lab),Anne FAIRLIE (SNP),Elaine STEWART (Lab),skipped,skipped,skipped,skipped,skipped,skipped,skipped,3,9
779,Elaine DINWOODIE (Lab),Anne FAIRLIE (SNP),Elaine STEWART (Lab),skipped,skipped,skipped,skipped,skipped,skipped,skipped,3,9
780,Elaine DINWOODIE (Lab),Anne FAIRLIE (SNP),Elaine STEWART (Lab),skipped,skipped,skipped,skipped,skipped,skipped,skipped,3,9
781,Elaine DINWOODIE (Lab),Anne FAIRLIE (SNP),Elaine STEWART (Lab),skipped,skipped,skipped,skipped,skipped,skipped,skipped,3,9
782,Elaine DINWOODIE (Lab),Anne FAIRLIE (SNP),Elaine STEWART (Lab),skipped,skipped,skipped,skipped,skipped,skipped,skipped,3,9
783,Elaine DINWOODIE (Lab),Anne FAIRLIE (SNP),Elaine STEWART (Lab),skipped,skipped,skipped,skipped,skipped,skipped,skipped,3,9
784,Elaine DINWOODIE (Lab),Anne FAIRLIE (SNP),Elaine STEWART (Lab),skipped,skipped,skipped,skipped,skipped,skipped,skipped,3,9
785,Elaine DINWOODIE (Lab),Anne FAIRLIE (SNP),Elaine STEWART (Lab),John BELL (SNP),Craig MURRAY (Grn),John YOUNG (Ind),Mark MITCHELL (Libtn),Drew FILSON (Ind),Alison HARPER (C),skipped,3,9
786,Elaine DINWOODIE (Lab),Drew FILSON (Ind),skipped,skipped,skipped,skipped,skipped,skipped,skipped,skipped,3,9
787,Elaine DINWOODIE (Lab),Drew FILSON (Ind),skipped,skipped,skipped,skipped,skipped,skipped,skipped,skipped,3,9
788,Elaine DINWOODIE (Lab),Drew FILSON (Ind),skipped,skipped,skipped,skipped,skipped,skipped,skipped,skipped,3,9
789,Elaine DINWOODIE (Lab),Drew FILSON (Ind),skipped,skipped,skipped,skipped,skipped,skipped,skipped,skipped,3,9
790,Elaine DINWOODIE (Lab),Drew FILSON (Ind),skipped,skipped,skipped,skipped,skipped,skipped,skipped,skipped,3,9
791,Elaine DINWOODIE (Lab),Drew FILSON (Ind),skipped,skipped,skipped,skipped,skipped,skipped,skipped,skipped,3,9
792,Elaine DINWOODIE (Lab),Drew FILSON (Ind),skipped,skipped,skipped,skipped,skipped,skipped,skipped,skipped,3,9
793,Elaine DINWOODIE (Lab),Drew FILSON (Ind),skipped,skipped,skipped,skipped,skipped,skipped,skipped,skipped,3,9
794,Elaine DINWOODIE (Lab),Drew FILSON (Ind),skipped,skipped,skipped,skipped,skipped,skipped,skipped,skipped,3,9
795,Elaine DINWOODIE (Lab),Drew FILSON (Ind),skipped,skipped,skipped,skipped,skipped,skipped,skipped,skipped,3,9
796,Elaine DINWOODIE (Lab),Drew FILSON (Ind),skipped,skipped,skipped,skipped,skipped,skipped,skipped,skipped,3,9
797,Elaine DINWOODIE (Lab),Drew FILSON (Ind),skipped,skipped,skipped,skipped,skipped,skipped,skipped,skipped,3,9
798,Elaine DINWOODIE (Lab),Drew FILSON (Ind),skipped,skipped,skipped,skipped,skipped,skipped,skipped,skipped,3,9
799,Elaine DINWOODIE (Lab),Drew FILSON (Ind),skipped,skipped,skipped,skipped,skipped,skipped,skipped,skipped,3,9
800,Elaine DINWOODIE (Lab),Drew FILSON (Ind),skipped,skipped,skipped,skipped,skipped,skipped,skipped,skipped,3,9
801,Elaine DINWOODIE (Lab),Drew FILSON (Ind),skipped,skipped,skipped,skipped,skipped,skipped,skipped,skipped,3,9
802,Elaine DINWOODIE (Lab),Drew FILSON (Ind),skipped,skipped,skipped,skipped,skipped,skipped,skipped,skipped,3,9
803,Elaine DINWOODIE (Lab),Drew FILSON (Ind),skipped,skipped,skipped,skipped,skipped,skipped,skipped,skipped,3,9
804,Elaine DINWOODIE (Lab),Drew FILSON (Ind),skipped,skipped,skipped,skipped,skipped,skipped,skipped,skipped,3,9
805,Elaine DINWOODIE (Lab),Drew FILSON (Ind),skipped,skipped,skipped,skipped,skipped,skipped,skipped,skipped,3,9
806,Elaine DINWOODIE (Lab),Drew FILSON (Ind),skipped,skipped,skipped,skipped,skipped,skipped,skipped,skipped,3,9
807,Elaine DINWOODIE (Lab),Drew FILSON (Ind),skipped,skipped,skipped,skipped,skipped,skipped,skipped,skipped,3,9
808,Elaine DINWOODIE (Lab),Drew FILSON (Ind),skipped,skipped,skipped,skipped,skipped,skipped,skipped,skipped,3,9
809,Elaine DINWOODIE (Lab),Drew FILSON (Ind),skipped,skipped,skipped,skipped,skipped,skipped,skipped,skipped,3,9
810,Elaine DINWOODIE (Lab),Drew FILSON (Ind),skipped,skipped,skipped,skipped,skipped,skipped,skipped,skipped,3,9
811,Elaine DINWOODIE (Lab),Drew FILSON (Ind),skipped,skipped,skipped,skipped,skipped,skipped,skipped,skipped,3,9
812,Elaine DINWOODIE (Lab),Drew FILSON (Ind),John BELL (SNP),skipped,skipped,skipped,skipped,skipped,skipped,skipped,3,9
813,Elaine DINWOODIE (Lab),Drew FILSON (Ind),John BELL (SNP),skipped,skipped,skipped,skipped,skipped,skipped,skipped,3,9
814,Elaine DINWOODIE (Lab),Drew FILSON (Ind),John BELL (SNP),skipped,skipped,skipped,skipped,skipped,skipped,skipped,3,9
815,Elaine DINWOODIE (Lab),Drew FILSON (Ind),John BELL (SNP),skipped,skipped,skipped,skipped,skipped,skipped,skipped,3,9
816,Elaine DINWOODIE (Lab),Drew FILSON (Ind),John BELL (SNP),skipped,skipped,skipped,skipped,skipped,skipped,skipped,3,9
817,Elaine DINWOODIE (Lab),Drew FILSON (Ind),John BELL (SNP),skipped,skipped,skipped,skipped,skipped,skipped,skipped,3,9
818,Elaine DINWOODIE (Lab),Drew FILSON (Ind),John BELL (SNP),skipped,skipped,skipped,skipped,skipped,skipped,skipped,3,9
819,Elaine DINWOODIE (Lab),Drew FILSON (Ind),John BELL (SNP),skipped,skipped,skipped,skipped,skipped,skipped,skipped,3,9
820,Elaine DINWOODIE (Lab),Drew FILSON (Ind),John BELL (SNP),skipped,skipped,skipped,skipped,skipped,skipped,skipped,3,9
821,Elaine DINWOODIE (Lab),Drew FILSON (Ind),John BELL (SNP),skipped,skipped,skipped,skipped,skipped,skipped,skipped,3,9
822,Elaine DINWOODIE (Lab),Drew FILSON (Ind),John BELL (SNP),Anne FAIRLIE (SNP),Alison HARPER (C),skipped,skipped,skipped,skipped,skipped,3,9
823,Elaine DINWOODIE (Lab),Drew FILSON (Ind),John BELL (SNP),Alison HARPER (C),Anne FAIRLIE (SNP),Mark MITCHELL (Libtn),John YOUNG (Ind),Elaine STEWART (Lab),Craig MURRAY (Grn),skipped,3,9
824,Elaine DINWOODIE (Lab),Drew FILSON (Ind),John BELL (SNP),Elaine STEWART (Lab),Anne FAIRLIE (SNP),skipped,skipped,skipped,skipped,skipped,3,9
825,Elaine DINWOODIE (Lab),Drew FILSON (Ind),Anne FAIRLIE (SNP),skipped,skipped,skipped,skipped,skipped,skipped,skipped,3,9
826,Elaine DINWOODIE (Lab),Drew FILSON (Ind),Anne FAIRLIE (SNP),John BELL (SNP),Alison HARPER (C),skipped,skipped,skipped,skipped,skipped,3,9
827,Elaine DINWOODIE (Lab),Drew FILSON (Ind),Alison HARPER (C),skipped,skipped,skipped,skipped,skipped,skipped,skipped,3,9
828,Elaine DINWOODIE (Lab),Drew FILSON (Ind),Alison HARPER (C),skipped,skipped,skipped,skipped,skipped,skipped,skipped,3,9
829,Elaine DINWOODIE (Lab),Drew FILSON (Ind),Alison HARPER (C),skipped,skipped,skipped,skipped,skipped,skipped,skipped,3,9
830,Elaine DINWOODIE (Lab),Drew FILSON (Ind),Alison HARPER (C),Elaine STEWART (Lab),skipped,skipped,skipped,skipped,skipped,skipped,3,9
831,Elaine DINWOODIE (Lab),Drew FILSON (Ind),Alison HARPER (C),Elaine STEWART (Lab),skipped,skipped,skipped,skipped,skipped,skipped,3,9
832,Elaine DINWOODIE (Lab),Drew FILSON (Ind),Alison HARPER (C),Elaine STEWART (Lab),John YOUNG (Ind),skipped,skipped,skipped,skipped,skipped,3,9
833,Elaine DINWOODIE (Lab),Drew FILSON (Ind),Alison HARPER (C),Elaine STEWART (Lab),John YOUNG (Ind),Mark MITCHELL (Libtn),Anne FAIRLIE (SNP),John BELL (SNP),Craig MURRAY (Grn),skipped,3,9
834,Elaine DINWOODIE (Lab),Drew FILSON (Ind),Mark MITCHELL (Libtn),skipped,skipped,skipped,skipped,skipped,skipped,skipped,3,9
835,Elaine DINWOODIE (Lab),Drew FILSON (Ind),Mark MITCHELL (Libtn),Craig MURRAY (Grn),skipped,skipped,skipped,skipped,skipped,skipped,3,9
836,Elaine DINWOODIE (Lab),Drew FILSON (Ind),Craig MURRAY (Grn),skipped,skipped,skipped,skipped,skipped,skipped,skipped,3,9
837,Elaine DINWOODIE (Lab),Drew FILSON (Ind),Craig MURRAY (Grn),skipped,skipped,skipped,skipped,skipped,skipped,skipped,3,9
838,Elaine DINWOODIE (Lab),Drew FILSON (Ind),Craig MURRAY (Grn),skipped,skipped,skipped,skipped,skipped,skipped,skipped,3,9
839,Elaine DINWOODIE (Lab),Drew FILSON (Ind),Craig MURRAY (Grn),Elaine STEWART (Lab),John YOUNG (Ind),Mark MITCHELL (Libtn),Alison HARPER (C),Anne FAIRLIE (SNP),John BELL (SNP),skipped,3,9
840,Elaine DINWOODIE (Lab),Drew FILSON (Ind),Craig MURRAY (Grn),Elaine STEWART (Lab),John YOUNG (Ind),Mark MITCHELL (Libtn),Alison HARPER (C),Anne FAIRLIE (SNP),John BELL (SNP),skipped,3,9
841,Elaine DINWOODIE (Lab),Drew FILSON (Ind),Elaine STEWART (Lab),skipped,skipped,skipped,skipped,skipped,skipped,skipped,3,9
842,Elaine DINWOODIE (Lab),Drew FILSON (Ind),Elaine STEWART (Lab),skipped,skipped,skipped,skipped,skipped,skipped,skipped,3,9
843,Elaine DINWOODIE (Lab),Drew FILSON (Ind),Elaine STEWART (Lab),skipped,skipped,skipped,skipped,skipped,skipped,skipped,3,9
844,Elaine DINWOODIE (Lab),Drew FILSON (Ind),Elaine STEWART (Lab),skipped,skipped,skipped,skipped,skipped,skipped,skipped,3,9
845,Elaine DINWOODIE (Lab),Drew FILSON (Ind),Elaine STEWART (Lab),skipped,skipped,skipped,skipped,skipped,skipped,skipped,3,9
846,Elaine DINWOODIE (Lab),Drew FILSON (Ind),Elaine STEWART (Lab),skipped,skipped,skipped,skipped,skipped,skipped,skipped,3,9
847,Elaine DINWOODIE (Lab),Drew FILSON (Ind),Elaine STEWART (Lab),skipped,skipped,skipped,skipped,skipped,skipped,skipped,3,9
848,Elaine DINWOODIE (Lab),Drew FILSON (Ind),Elaine STEWART (Lab),skipped,skipped,skipped,skipped,skipped,skipped,skipped,3,9
849,Elaine DINWOODIE (Lab),Drew FILSON (Ind),Elaine STEWART (Lab),skipped,skipped,skipped,skipped,skipped,skipped,skipped,3,9
850,Elaine DINWOODIE (Lab),Drew FILSON (Ind),Elaine STEWART (Lab),skipped,skipped,skipped,skipped,skipped,skipped,skipped,3,9
851,Elaine DINWOODIE (Lab),Drew FILSON (Ind),Elaine STEWART (Lab),skipped,skipped,skipped,skipped,skipped,skipped,skipped,3,9
852,Elaine DINWOODIE (Lab),Drew FILSON (Ind),Elaine STEWART (Lab),skipped,skipped,skipped,skipped,skipped,skipped,skipped,3,9
853,Elaine DINWOODIE (Lab),Drew FILSON (Ind),Elaine STEWART (Lab),skipped,skipped,skipped,skipped,skipped,skipped,skipped,3,9
854,Elaine DINWOODIE (Lab),Drew FILSON (Ind),Elaine STEWART (Lab),skipped,skipped,skipped,skipped,skipped,skipped,skipped,3,9
855,Elaine DINWOODIE (Lab),Drew FILSON (Ind),Elaine STEWART (Lab),skipped,skipped,skipped,skipped,skipped,skipped,skipped,3,9
856,Elaine DINWOODIE (Lab),Drew FILSON (Ind),Elaine STEWART (Lab),skipped,skipped,skipped,skipped,skipped,skipped,skipped,3,9
857,Elaine DINWOODIE (Lab),Drew FILSON (Ind),Elaine STEWART (Lab),skipped,skipped,skipped,skipped,skipped,skipped,skipped,3,9
858,Elaine DINWOODIE (Lab),Drew FILSON (Ind),Elaine STEWART (Lab),skipped,skipped,skipped,skipped,skipped,skipped,skipped,3,9
859,Elaine DINWOODIE (Lab),Drew FILSON (Ind),Elaine STEWART (Lab),skipped,skipped,skipped,skipped,skipped,skipped,skipped,3,9
860,Elaine DINWOODIE (Lab),Drew FILSON (Ind),Elaine STEWART (Lab),skipped,skipped,skipped,skipped,skipped,skipped,skipped,3,9
861,Elaine DINWOODIE (Lab),Drew FILSON (Ind),Elaine STEWART (Lab),skipped,skipped,skipped,skipped,skipped,skipped,skipped,3,9
862,Elaine DINWOODIE (Lab),Drew FILSON (Ind),Elaine STEWART (Lab),skipped,skipped,skipped,skipped,skipped,skipped,skipped,3,9
863,Elaine DINWOODIE (Lab),Drew FILSON (Ind),Elaine STEWART (Lab),skipped,skipped,skipped,skipped,skipped,skipped,skipped,3,9
864,Elaine DINWOODIE (Lab),Drew FILSON (Ind),Elaine STEWART (Lab),skipped,skipped,skipped,skipped,skipped,skipped,skipped,3,9
865,Elaine DINWOODIE (Lab),Drew FILSON (Ind),Elaine STEWART (Lab),skipped,skipped,skipped,skipped,skipped,skipped,skipped,3,9
866,Elaine DINWOODIE (Lab),Drew FILSON (Ind),Elaine STEWART (Lab),Alison HARPER (C),John YOUNG (Ind),skipped,skipped,skipped,skipped,skipped,3,9
867,Elaine DINWOODIE (Lab),Drew FILSON (Ind),Elaine STEWART (Lab),Alison HARPER (C),John YOUNG (Ind),Mark MITCHELL (Libtn),Craig MURRAY (Grn),Anne FAIRLIE (SNP),John BELL (SNP),skipped,3,9
868,Elaine DINWOODIE (Lab),Drew FILSON (Ind),Elaine STEWART (Lab),John YOUNG (Ind),skipped,skipped,skipped,skipped,skipped,skipped,3,9
869,Elaine DINWOODIE (Lab),Drew FILSON (Ind),Elaine STEWART (Lab),John YOUNG (Ind),skipped,skipped,skipped,skipped,skipped,skipped,3,9
870,Elaine DINWOODIE (Lab),Drew FILSON (Ind),Elaine STEWART (Lab),John YOUNG (Ind),skipped,skipped,skipped,skipped,skipped,skipped,3,9
871,Elaine DINWOODIE (Lab),Drew FILSON (Ind),Elaine STEWART (Lab),John YOUNG (Ind),skipped,skipped,skipped,skipped,skipped,skipped,3,9
872,Elaine DINWOODIE (Lab),Drew FILSON (Ind),Elaine STEWART (Lab),John YOUNG (Ind),skipped,skipped,skipped,skipped,skipped,skipped,3,9
873,Elaine DINWOODIE (Lab),Drew FILSON (Ind),Elaine STEWART (Lab),John YOUNG (Ind),skipped,skipped,skipped,skipped,skipped,skipped,3,9
874,Elaine DINWOODIE (Lab),Drew FILSON (Ind),Elaine STEWART (Lab),John YOUNG (Ind),Anne FAIRLIE (SNP),Alison HARPER (C),Craig MURRAY (Grn),Mark MITCHELL (Libtn),John BELL (SNP),skipped,3,9
875,Elaine DINWOODIE (Lab),Drew FILSON (Ind),Elaine STEWART (Lab),John YOUNG (Ind),Alison HARPER (C),skipped,skipped,skipped,skipped,skipped,3,9
876,Elaine DINWOODIE (Lab),Drew FILSON (Ind),Elaine STEWART (Lab),John YOUNG (Ind),Alison HARPER (C),Craig MURRAY (Grn),Mark MITCHELL (Libtn),Anne FAIRLIE (SNP),John BELL (SNP),skipped,3,9
877,Elaine DINWOODIE (Lab),Drew FILSON (Ind),John YOUNG (Ind),skipped,skipped,skipped,skipped,skipped,skipped,skipped,3,9
878,Elaine DINWOODIE (Lab),Drew FILSON (Ind),John YOUNG (Ind),skipped,skipped,skipped,skipped,skipped,skipped,skipped,3,9
879,Elaine DINWOODIE (Lab),Drew FILSON (Ind),John YOUNG (Ind),skipped,skipped,skipped,skipped,skipped,skipped,skipped,3,9
880,Elaine DINWOODIE (Lab),Drew FILSON (Ind),John YOUNG (Ind),skipped,skipped,skipped,skipped,skipped,skipped,skipped,3,9
881,Elaine DINWOODIE (Lab),Drew FILSON (Ind),John YOUNG (Ind),skipped,skipped,skipped,skipped,skipped,skipped,skipped,3,9
882,Elaine DINWOODIE (Lab),Drew FILSON (Ind),John YOUNG (Ind),skipped,skipped,skipped,skipped,skipped,skipped,skipped,3,9
883,Elaine DINWOODIE (Lab),Drew FILSON (Ind),John YOUNG (Ind),skipped,skipped,skipped,skipped,skipped,skipped,skipped,3,9
884,Elaine DINWOODIE (Lab),Drew FILSON (Ind),John YOUNG (Ind),skipped,skipped,skipped,skipped,skipped,skipped,skipped,3,9
885,Elaine DINWOODIE (Lab),Drew FILSON (Ind),John YOUNG (Ind),skipped,skipped,skipped,skipped,skipped,skipped,skipped,3,9
886,Elaine DINWOODIE (Lab),Drew FILSON (Ind),John YOUNG (Ind),skipped,skipped,skipped,skipped,skipped,skipped,skipped,3,9
887,Elaine DINWOODIE (Lab),Drew FILSON (Ind),John YOUNG (Ind),skipped,skipped,skipped,skipped,skipped,skipped,skipped,3,9
888,Elaine DINWOODIE (Lab),Drew FILSON (Ind),John YOUNG (Ind),skipped,skipped,skipped,skipped,skipped,skipped,skipped,3,9
889,Elaine DINWOODIE (Lab),Drew FILSON (Ind),John YOUNG (Ind),skipped,skipped,skipped,skipped,skipped,skipped,skipped,3,9
890,Elaine DINWOODIE (Lab),Drew FILSON (Ind),John YOUNG (Ind),Alison HARPER (C),skipped,skipped,skipped,skipped,skipped,skipped,3,9
891,Elaine DINWOODIE (Lab),Drew FILSON (Ind),John YOUNG (Ind),Elaine STEWART (Lab),skipped,skipped,skipped,skipped,skipped,skipped,3,9
892,Elaine DINWOODIE (Lab),Alison HARPER (C),skipped,skipped,skipped,skipped,skipped,skipped,skipped,skipped,3,9
893,Elaine DINWOODIE (Lab),Alison HARPER (C),skipped,skipped,skipped,skipped,skipped,skipped,skipped,skipped,3,9
894,Elaine DINWOODIE (Lab),Alison HARPER (C),skipped,skipped,skipped,skipped,skipped,skipped,skipped,skipped,3,9
895,Elaine DINWOODIE (Lab),Alison HARPER (C),John BELL (SNP),skipped,skipped,skipped,skipped,skipped,skipped,skipped,3,9
896,Elaine DINWOODIE (Lab),Alison HARPER (C),John BELL (SNP),skipped,skipped,skipped,skipped,skipped,skipped,skipped,3,9
897,Elaine DINWOODIE (Lab),Alison HARPER (C),John BELL (SNP),Anne FAIRLIE (SNP),skipped,skipped,skipped,skipped,skipped,skipped,3,9
898,Elaine DINWOODIE (Lab),Alison HARPER (C),Anne FAIRLIE (SNP),skipped,skipped,skipped,skipped,skipped,skipped,skipped,3,9
899,Elaine DINWOODIE (Lab),Alison HARPER (C),Drew FILSON (Ind),skipped,skipped,skipped,skipped,skipped,skipped,skipped,3,9
900,Elaine DINWOODIE (Lab),Alison HARPER (C),Drew FILSON (Ind),skipped,skipped,skipped,skipped,skipped,skipped,skipped,3,9
901,Elaine DINWOODIE (Lab),Alison HARPER (C),Drew FILSON (Ind),skipped,skipped,skipped,skipped,skipped,skipped,skipped,3,9
902,Elaine DINWOODIE (Lab),Alison HARPER (C),Drew FILSON (Ind),Anne FAIRLIE (SNP),John BELL (SNP),skipped,skipped,skipped,skipped,skipped,3,9
903,Elaine DINWOODIE (Lab),Alison HARPER (C),Drew FILSON (Ind),Elaine STEWART (Lab),skipped,skipped,skipped,skipped,skipped,skipped,3,9
904,Elaine DINWOODIE (Lab),Alison HARPER (C),Mark MITCHELL (Libtn),Elaine STEWART (Lab),skipped,skipped,skipped,skipped,skipped,skipped,3,9
905,Elaine DINWOODIE (Lab),Alison HARPER (C),Mark MITCHELL (Libtn),Elaine STEWART (Lab),Anne FAIRLIE (SNP),John BELL (SNP),skipped,skipped,skipped,skipped,3,9
906,Elaine DINWOODIE (Lab),Alison HARPER (C),Mark MITCHELL (Libtn),Elaine STEWART (Lab),John YOUNG (Ind),Drew FILSON (Ind),Craig MURRAY (Grn),Anne FAIRLIE (SNP),John BELL (SNP),skipped,3,9
907,Elaine DINWOODIE (Lab),Alison HARPER (C),Elaine STEWART (Lab),skipped,skipped,skipped,skipped,skipped,skipped,skipped,3,9
908,Elaine DINWOODIE (Lab),Alison HARPER (C),Elaine STEWART (Lab),skipped,skipped,skipped,skipped,skipped,skipped,skipped,3,9
909,Elaine DINWOODIE (Lab),Alison HARPER (C),Elaine STEWART (Lab),skipped,skipped,skipped,skipped,skipped,skipped,skipped,3,9
910,Elaine DINWOODIE (Lab),Alison HARPER (C),Elaine STEWART (Lab),skipped,skipped,skipped,skipped,skipped,skipped,skipped,3,9
911,Elaine DINWOODIE (Lab),Alison HARPER (C),Elaine STEWART (Lab),skipped,skipped,skipped,skipped,skipped,skipped,skipped,3,9
912,Elaine DINWOODIE (Lab),Alison HARPER (C),Elaine STEWART (Lab),skipped,skipped,skipped,skipped,skipped,skipped,skipped,3,9
913,Elaine DINWOODIE (Lab),Alison HARPER (C),Elaine STEWART (Lab),skipped,skipped,skipped,skipped,skipped,skipped,skipped,3,9
914,Elaine DINWOODIE (Lab),Alison HARPER (C),Elaine STEWART (Lab),skipped,skipped,skipped,skipped,skipped,skipped,skipped,3,9
915,Elaine DINWOODIE (Lab),Alison HARPER (C),Elaine STEWART (Lab),skipped,skipped,skipped,skipped,skipped,skipped,skipped,3,9
916,Elaine DINWOODIE (Lab),Alison HARPER (C),Elaine STEWART (Lab),skipped,skipped,skipped,skipped,skipped,skipped,skipped,3,9
917,Elaine DINWOODIE (Lab),Alison HARPER (C),Elaine STEWART (Lab),skipped,skipped,skipped,skipped,skipped,skipped,skipped,3,9
918,Elaine DINWOODIE (Lab),Alison HARPER (C),Elaine STEWART (Lab),skipped,skipped,skipped,skipped,skipped,skipped,skipped,3,9
919,Elaine DINWOODIE (Lab),Alison HARPER (C),Elaine STEWART (Lab),skipped,skipped,skipped,skipped,skipped,skipped,skipped,3,9
920,Elaine DINWOODIE (Lab),Alison HARPER (C),Elaine STEWART (Lab),Drew FILSON (Ind),skipped,skipped,skipped,skipped,skipped,skipped,3,9
921,Elaine DINWOODIE (Lab),Alison HARPER (C),Elaine STEWART (Lab),Drew FILSON (Ind),Mark MITCHELL (Libtn),skipped,skipped,skipped,skipped,skipped,3,9
922,Elaine DINWOODIE (Lab),Alison HARPER (C),Elaine STEWART (Lab),Mark MITCHELL (Libtn),John YOUNG (Ind),Drew FILSON (Ind),Craig MURRAY (Grn),Anne FAIRLIE (SNP),John BELL (SNP),skipped,3,9
923,Elaine DINWOODIE (Lab),Alison HARPER (C),Elaine STEWART (Lab),John YOUNG (Ind),Drew FILSON (Ind),skipped,skipped,skipped,skipped,skipped,3,9
924,Elaine DINWOODIE (Lab),Alison HARPER (C),John YOUNG (Ind),skipped,skipped,skipped,skipped,skipped,skipped,skipped,3,9
925,Elaine DINWOODIE (Lab),Mark MITCHELL (Libtn),Elaine STEWART (Lab),skipped,skipped,skipped,skipped,skipped,skipped,skipped,3,9
926,Elaine DINWOODIE (Lab),Craig MURRAY (Grn),skipped,skipped,skipped,skipped,skipped,skipped,skipped,skipped,3,9
927,Elaine DINWOODIE (Lab),Craig MURRAY (Grn),skipped,skipped,skipped,skipped,skipped,skipped,skipped,skipped,3,9
928,Elaine DINWOODIE (Lab),Craig MURRAY (Grn),John BELL (SNP),skipped,skipped,skipped,skipped,skipped,skipped,skipped,3,9
929,Elaine DINWOODIE (Lab),Craig MURRAY (Grn),Anne FAIRLIE (SNP),John BELL (SNP),skipped,skipped,skipped,skipped,skipped,skipped,3,9
930,Elaine DINWOODIE (Lab),Craig MURRAY (Grn),Drew FILSON (Ind),skipped,skipped,skipped,skipped,skipped,skipped,skipped,3,9
931,Elaine DINWOODIE (Lab),Craig MURRAY (Grn),Elaine STEWART (Lab),skipped,skipped,skipped,skipped,skipped,skipped,skipped,3,9
932,Elaine DINWOODIE (Lab),Craig MURRAY (Grn),Elaine STEWART (Lab),skipped,skipped,skipped,skipped,skipped,skipped,skipped,3,9
933,Elaine DINWOODIE (Lab),Craig MURRAY (Grn),Elaine STEWART (Lab),skipped,skipped,skipped,skipped,skipped,skipped,skipped,3,9
934,Elaine DINWOODIE (Lab),Craig MURRAY (Grn),Elaine STEWART (Lab),Drew FILSON (Ind),Anne FAIRLIE (SNP),John BELL (SNP),John YOUNG (Ind),Mark MITCHELL (Libtn),Alison HARPER (C),skipped,3,9
935,Elaine DINWOODIE (Lab),Craig MURRAY (Grn),Elaine STEWART (Lab),John YOUNG (Ind),Anne FAIRLIE (SNP),Mark MITCHELL (Libtn),John BELL (SNP),skipped,skipped,skipped,3,9
936,Elaine DINWOODIE (Lab),Craig MURRAY (Grn),John YOUNG (Ind),skipped,skipped,skipped,skipped,skipped,skipped,skipped,3,9
937,Elaine DINWOODIE (Lab),Elaine STEWART (Lab),skipped,skipped,skipped,skipped,skipped,skipped,skipped,skipped,3,9
938,Elaine DINWOODIE (Lab),Elaine STEWART (Lab),skipped,skipped,skipped,skipped,skipped,skipped,skipped,skipped,3,9
939,Elaine DINWOODIE (Lab),Elaine STEWART (Lab),skipped,skipped,skipped,skipped,skipped,skipped,skipped,skipped,3,9
940,Elaine DINWOODIE (Lab),Elaine STEWART (Lab),skipped,skipped,skipped,skipped,skipped,skipped,skipped,skipped,3,9
941,Elaine DINWOODIE (Lab),Elaine STEWART (Lab),skipped,skipped,skipped,skipped,skipped,skipped,skipped,skipped,3,9
942,Elaine DINWOODIE (Lab),Elaine STEWART (Lab),skipped,skipped,skipped,skipped,skipped,skipped,skipped,skipped,3,9
943,Elaine DINWOODIE (Lab),Elaine STEWART (Lab),skipped,skipped,skipped,skipped,skipped,skipped,skipped,skipped,3,9
944,Elaine DINWOODIE (Lab),Elaine STEWART (Lab),skipped,skipped,skipped,skipped,skipped,skipped,skipped,skipped,3,9
945,Elaine DINWOODIE (Lab),Elaine STEWART (Lab),skipped,skipped,skipped,skipped,skipped,skipped,skipped,skipped,3,9
946,Elaine DINWOODIE (Lab),Elaine STEWART (Lab),skipped,skipped,skipped,skipped,skipped,skipped,skipped,skipped,3,9
947,Elaine DINWOODIE (Lab),Elaine STEWART (Lab),skipped,skipped,skipped,skipped,skipped,skipped,skipped,skipped,3,9
948,Elaine DINWOODIE (Lab),Elaine STEWART (Lab),skipped,skipped,skipped,skipped,skipped,skipped,skipped,skipped,3,9
949,Elaine DINWOODIE (Lab),Elaine STEWART (Lab),skipped,skipped,skipped,skipped,skipped,skipped,skipped,skipped,3,9
950,Elaine DINWOODIE (Lab),Elaine STEWART (Lab),skipped,skipped,skipped,skipped,skipped,skipped,skipped,skipped,3,9
951,Elaine DINWOODIE (Lab),Elaine STEWART (Lab),skipped,skipped,skipped,skipped,skipped,skipped,skipped,skipped,3,9
952,Elaine DINWOODIE (Lab),Elaine STEWART (Lab),skipped,skipped,skipped,skipped,skipped,skipped,skipped,skipped,3,9
953,Elaine DINWOODIE (Lab),Elaine STEWART (Lab),skipped,skipped,skipped,skipped,skipped,skipped,skipped,skipped,3,9
954,Elaine DINWOODIE (Lab),Elaine STEWART (Lab),skipped,skipped,skipped,skipped,skipped,skipped,skipped,skipped,3,9
955,Elaine DINWOODIE (Lab),Elaine STEWART (Lab),skipped,skipped,skipped,skipped,skipped,skipped,skipped,skipped,3,9
956,Elaine DINWOODIE (Lab),Elaine STEWART (Lab),skipped,skipped,skipped,skipped,skipped,skipped,skipped,skipped,3,9
957,Elaine DINWOODIE (Lab),Elaine STEWART (Lab),skipped,skipped,skipped,skipped,skipped,skipped,skipped,skipped,3,9
958,Elaine DINWOODIE (Lab),Elaine STEWART (Lab),skipped,skipped,skipped,skipped,skipped,skipped,skipped,skipped,3,9
959,Elaine DINWOODIE (Lab),Elaine STEWART (Lab),skipped,skipped,skipped,skipped,skipped,skipped,skipped,skipped,3,9
960,Elaine DINWOODIE (Lab),Elaine STEWART (Lab),skipped,skipped,skipped,skipped,skipped,skipped,skipped,skipped,3,9
961,Elaine DINWOODIE (Lab),Elaine STEWART (Lab),skipped,skipped,skipped,skipped,skipped,skipped,skipped,skipped,3,9
962,Elaine DINWOODIE (Lab),Elaine STEWART (Lab),skipped,skipped,skipped,skipped,skipped,skipped,skipped,skipped,3,9
963,Elaine DINWOODIE (Lab),Elaine STEWART (Lab),skipped,skipped,skipped,skipped,skipped,skipped,skipped,skipped,3,9
964,Elaine DINWOODIE (Lab),Elaine STEWART (Lab),skipped,skipped,skipped,skipped,skipped,skipped,skipped,skipped,3,9
965,Elaine DINWOODIE (Lab),Elaine STEWART (Lab),skipped,skipped,skipped,skipped,skipped,skipped,skipped,skipped,3,9
966,Elaine DINWOODIE (Lab),Elaine STEWART (Lab),skipped,skipped,skipped,skipped,skipped,skipped,skipped,skipped,3,9
967,Elaine DINWOODIE (Lab),Elaine STEWART (Lab),skipped,skipped,skipped,skipped,skipped,skipped,skipped,skipped,3,9
968,Elaine DINWOODIE (Lab),Elaine STEWART (Lab),skipped,skipped,skipped,skipped,skipped,skipped,skipped,skipped,3,9
969,Elaine DINWOODIE (Lab),Elaine STEWART (Lab),skipped,skipped,skipped,skipped,skipped,skipped,skipped,skipped,3,9
970,Elaine DINWOODIE (Lab),Elaine STEWART (Lab),skipped,skipped,skipped,skipped,skipped,skipped,skipped,skipped,3,9
971,Elaine DINWOODIE (Lab),Elaine STEWART (Lab),skipped,skipped,skipped,skipped,skipped,skipped,skipped,skipped,3,9
972,Elaine DINWOODIE (Lab),Elaine STEWART (Lab),skipped,skipped,skipped,skipped,skipped,skipped,skipped,skipped,3,9
973,Elaine DINWOODIE (Lab),Elaine STEWART (Lab),skipped,skipped,skipped,skipped,skipped,skipped,skipped,skipped,3,9
974,Elaine DINWOODIE (Lab),Elaine STEWART (Lab),skipped,skipped,skipped,skipped,skipped,skipped,skipped,skipped,3,9
975,Elaine DINWOODIE (Lab),Elaine STEWART (Lab),skipped,skipped,skipped,skipped,skipped,skipped,skipped,skipped,3,9
976,Elaine DINWOODIE (Lab),Elaine STEWART (Lab),skipped,skipped,skipped,skipped,skipped,skipped,skipped,skipped,3,9
977,Elaine DINWOODIE (Lab),Elaine STEWART (Lab),skipped,skipped,skipped,skipped,skipped,skipped,skipped,skipped,3,9
978,Elaine DINWOODIE (Lab),Elaine STEWART (Lab),skipped,skipped,skipped,skipped,skipped,skipped,skipped,skipped,3,9
979,Elaine DINWOODIE (Lab),Elaine STEWART (Lab),skipped,skipped,skipped,skipped,skipped,skipped,skipped,skipped,3,9
980,Elaine DINWOODIE (Lab),Elaine STEWART (Lab),skipped,skipped,skipped,skipped,skipped,skipped,skipped,skipped,3,9
981,Elaine DINWOODIE (Lab),Elaine STEWART (Lab),skipped,skipped,skipped,skipped,skipped,skipped,skipped,skipped,3,9
982,Elaine DINWOODIE (Lab),Elaine STEWART (Lab),skipped,skipped,skipped,skipped,skipped,skipped,skipped,skipped,3,9
983,Elaine DINWOODIE (Lab),Elaine STEWART (Lab),skipped,skipped,skipped,skipped,skipped,skipped,skipped,skipped,3,9
984,Elaine DINWOODIE (Lab),Elaine STEWART (Lab),skipped,skipped,skipped,skipped,skipped,skipped,skipped,skipped,3,9
985,Elaine DINWOODIE (Lab),Elaine STEWART (Lab),skipped,skipped,skipped,skipped,skipped,skipped,skipped,skipped,3,9
986,Elaine DINWOODIE (Lab),Elaine STEWART (Lab),skipped,skipped,skipped,skipped,skipped,skipped,skipped,skipped,3,9
987,Elaine DINWOODIE (Lab),Elaine STEWART (Lab),skipped,skipped,skipped,skipped,skipped,skipped,skipped,skipped,3,9
988,Elaine DINWOODIE (Lab),Elaine STEWART (Lab),skipped,skipped,skipped,skipped,skipped,skipped,skipped,skipped,3,9
989,Elaine DINWOODIE (Lab),Elaine STEWART (Lab),skipped,skipped,skipped,skipped,skipped,skipped,skipped,skipped,3,9
990,Elaine DINWOODIE (Lab),Elaine STEWART (Lab),skipped,skipped,skipped,skipped,skipped,skipped,skipped,skipped,3,9
991,Elaine DINWOODIE (Lab),Elaine STEWART (Lab),skipped,skipped,skipped,skipped,skipped,skipped,skipped,skipped,3,9
992,Elaine DINWOODIE (Lab),Elaine STEWART (Lab),skipped,skipped,skipped,skipped,skipped,skipped,skipped,skipped,3,9
993,Elaine DINWOODIE (Lab),Elaine STEWART (Lab),skipped,skipped,skipped,skipped,skipped,skipped,skipped,skipped,3,9
994,Elaine DINWOODIE (Lab),Elaine STEWART (Lab),skipped,skipped,skipped,skipped,skipped,skipped,skipped,skipped,3,9
995,Elaine DINWOODIE (Lab),Elaine STEWART (Lab),skipped,skipped,skipped,skipped,skipped,skipped,skipped,skipped,3,9
996,Elaine DINWOODIE (Lab),Elaine STEWART (Lab),skipped,skipped,skipped,skipped,skipped,skipped,skipped,skipped,3,9
997,Elaine DINWOODIE (Lab),Elaine STEWART (Lab),skipped,skipped,skipped,skipped,skipped,skipped,skipped,skipped,3,9
998,Elaine DINWOODIE (Lab),Elaine STEWART (Lab),skipped,skipped,skipped,skipped,skipped,skipped,skipped,skipped,3,9
999,Elaine DINWOODIE (Lab),Elaine STEWART (Lab),skipped,skipped,skipped,skipped,skipped,skipped,skipped,skipped,3,9
1000,Elaine DINWOODIE (Lab),Elaine STEWART (Lab),skipped,skipped,skipped,skipped,skipped,skipped,skipped,skipped,3,9
1001,Elaine DINWOODIE (Lab),Elaine STEWART (Lab),skipped,skipped,skipped,skipped,skipped,skipped,skipped,skipped,3,9
1002,Elaine DINWOODIE (Lab),Elaine STEWART (Lab),skipped,skipped,skipped,skipped,skipped,skipped,skipped,skipped,3,9
1003,Elaine DINWOODIE (Lab),Elaine STEWART (Lab),skipped,skipped,skipped,skipped,skipped,skipped,skipped,skipped,3,9
1004,Elaine DINWOODIE (Lab),Elaine STEWART (Lab),skipped,skipped,skipped,skipped,skipped,skipped,skipped,skipped,3,9
1005,Elaine DINWOODIE (Lab),Elaine STEWART (Lab),skipped,skipped,skipped,skipped,skipped,skipped,skipped,skipped,3,9
1006,Elaine DINWOODIE (Lab),Elaine STEWART (Lab),skipped,skipped,skipped,skipped,skipped,skipped,skipped,skipped,3,9
1007,Elaine DINWOODIE (Lab),Elaine STEWART (Lab),skipped,skipped,skipped,skipped,skipped,skipped,skipped,skipped,3,9
1008,Elaine DINWOODIE (Lab),Elaine STEWART (Lab),skipped,skipped,skipped,skipped,skipped,skipped,skipped,skipped,3,9
1009,Elaine DINWOODIE (Lab),Elaine STEWART (Lab),skipped,skipped,skipped,skipped,skipped,skipped,skipped,skipped,3,9
1010,Elaine DINWOODIE (Lab),Elaine STEWART (Lab),skipped,skipped,skipped,skipped,skipped,skipped,skipped,skipped,3,9
1011,Elaine DINWOODIE (Lab),Elaine STEWART (Lab),skipped,skipped,skipped,skipped,skipped,skipped,skipped,skipped,3,9
1012,Elaine DINWOODIE (Lab),Elaine STEWART (Lab),skipped,skipped,skipped,skipped,skipped,skipped,skipped,skipped,3,9
1013,Elaine DINWOODIE (Lab),Elaine STEWART (Lab),skipped,skipped,skipped,skipped,skipped,skipped,skipped,skipped,3,9
1014,Elaine DINWOODIE (Lab),Elaine STEWART (Lab),skipped,skipped,skipped,skipped,skipped,skipped,skipped,skipped,3,9
1015,Elaine DINWOODIE (Lab),Elaine STEWART (Lab),skipped,skipped,skipped,skipped,skipped,skipped,skipped,skipped,3,9
1016,Elaine DINWOODIE (Lab),Elaine STEWART (Lab),skipped,skipped,skipped,skipped,skipped,skipped,skipped,skipped,3,9
1017,Elaine DINWOODIE (Lab),Elaine STEWART (Lab),skipped,skipped,skipped,skipped,skipped,skipped,skipped,skipped,3,9
1018,Elaine DINWOODIE (Lab),Elaine STEWART (Lab),skipped,skipped,skipped,skipped,skipped,skipped,skipped,skipped,3,9
1019,Elaine DINWOODIE (Lab),Elaine STEWART (Lab),skipped,skipped,skipped,skipped,skipped,skipped,skipped,skipped,3,9
1020,Elaine DINWOODIE (Lab),Elaine STEWART (Lab),skipped,skipped,skipped,skipped,skipped,skipped,skipped,skipped,3,9
1021,Elaine DINWOODIE (Lab),Elaine STEWART (Lab),skipped,skipped,skipped,skipped,skipped,skipped,skipped,skipped,3,9
1022,Elaine DINWOODIE (Lab),Elaine STEWART (Lab),skipped,skipped,skipped,skipped,skipped,skipped,skipped,skipped,3,9
1023,Elaine DINWOODIE (Lab),Elaine STEWART (Lab),skipped,skipped,skipped,skipped,skipped,skipped,skipped,skipped,3,9
1024,Elaine DINWOODIE (Lab),Elaine STEWART (Lab),skipped,skipped,skipped,skipped,skipped,skipped,skipped,skipped,3,9
1025,Elaine DINWOODIE (Lab),Elaine STEWART (Lab),skipped,skipped,skipped,skipped,skipped,skipped,skipped,skipped,3,9
1026,Elaine DINWOODIE (Lab),Elaine STEWART (Lab),skipped,skipped,skipped,skipped,skipped,skipped,skipped,skipped,3,9
1027,Elaine DINWOODIE (Lab),Elaine STEWART (Lab),skipped,skipped,skipped,skipped,skipped,skipped,skipped,skipped,3,9
1028,Elaine DINWOODIE (Lab),Elaine STEWART (Lab),skipped,skipped,skipped,skipped,skipped,skipped,skipped,skipped,3,9
1029,Elaine DINWOODIE (Lab),Elaine STEWART (Lab),skipped,skipped,skipped,skipped,skipped,skipped,skipped,skipped,3,9
1030,Elaine DINWOODIE (Lab),Elaine STEWART (Lab),skipped,skipped,skipped,skipped,skipped,skipped,skipped,skipped,3,9
1031,Elaine DINWOODIE (Lab),Elaine STEWART (Lab),skipped,skipped,skipped,skipped,skipped,skipped,skipped,skipped,3,9
1032,Elaine DINWOODIE (Lab),Elaine STEWART (Lab),skipped,skipped,skipped,skipped,skipped,skipped,skipped,skipped,3,9
1033,Elaine DINWOODIE (Lab),Elaine STEWART (Lab),skipped,skipped,skipped,skipped,skipped,skipped,skipped,skipped,3,9
1034,Elaine DINWOODIE (Lab),Elaine STEWART (Lab),skipped,skipped,skipped,skipped,skipped,skipped,skipped,skipped,3,9
1035,Elaine DINWOODIE (Lab),Elaine STEWART (Lab),skipped,skipped,skipped,skipped,skipped,skipped,skipped,skipped,3,9
1036,Elaine DINWOODIE (Lab),Elaine STEWART (Lab),skipped,skipped,skipped,skipped,skipped,skipped,skipped,skipped,3,9
1037,Elaine DINWOODIE (Lab),Elaine STEWART (Lab),skipped,skipped,skipped,skipped,skipped,skipped,skipped,skipped,3,9
1038,Elaine DINWOODIE (Lab),Elaine STEWART (Lab),skipped,skipped,skipped,skipped,skipped,skipped,skipped,skipped,3,9
1039,Elaine DINWOODIE (Lab),Elaine STEWART (Lab),skipped,skipped,skipped,skipped,skipped,skipped,skipped,skipped,3,9
1040,Elaine DINWOODIE (Lab),Elaine STEWART (Lab),skipped,skipped,skipped,skipped,skipped,skipped,skipped,skipped,3,9
1041,Elaine DINWOODIE (Lab),Elaine STEWART (Lab),skipped,skipped,skipped,skipped,skipped,skipped,skipped,skipped,3,9
1042,Elaine DINWOODIE (Lab),Elaine STEWART (Lab),skipped,skipped,skipped,skipped,skipped,skipped,skipped,skipped,3,9
1043,Elaine DINWOODIE (Lab),Elaine STEWART (Lab),skipped,skipped,skipped,skipped,skipped,skipped,skipped,skipped,3,9
1044,Elaine DINWOODIE (Lab),Elaine STEWART (Lab),skipped,skipped,skipped,skipped,skipped,skipped,skipped,skipped,3,9
1045,Elaine DINWOODIE (Lab),Elaine STEWART (Lab),skipped,skipped,skipped,skipped,skipped,skipped,skipped,skipped,3,9
1046,Elaine DINWOODIE (Lab),Elaine STEWART (Lab),skipped,skipped,skipped,skipped,skipped,skipped,skipped,skipped,3,9
1047,Elaine DINWOODIE (Lab),Elaine STEWART (Lab),skipped,skipped,skipped,skipped,skipped,skipped,skipped,skipped,3,9
1048,Elaine DINWOODIE (Lab),Elaine STEWART (Lab),skipped,skipped,skipped,skipped,skipped,skipped,skipped,skipped,3,9
1049,Elaine DINWOODIE (Lab),Elaine STEWART (Lab),skipped,skipped,skipped,skipped,skipped,skipped,skipped,skipped,3,9
1050,Elaine DINWOODIE (Lab),Elaine STEWART (Lab),skipped,skipped,skipped,skipped,skipped,skipped,skipped,skipped,3,9
1051,Elaine DINWOODIE (Lab),Elaine STEWART (Lab),skipped,skipped,skipped,skipped,skipped,skipped,skipped,skipped,3,9
1052,Elaine DINWOODIE (Lab),Elaine STEWART (Lab),skipped,skipped,skipped,skipped,skipped,skipped,skipped,skipped,3,9
1053,Elaine DINWOODIE (Lab),Elaine STEWART (Lab),skipped,skipped,skipped,skipped,skipped,skipped,skipped,skipped,3,9
1054,Elaine DINWOODIE (Lab),Elaine STEWART (Lab),skipped,skipped,skipped,skipped,skipped,skipped,skipped,skipped,3,9
1055,Elaine DINWOODIE (Lab),Elaine STEWART (Lab),skipped,skipped,skipped,skipped,skipped,skipped,skipped,skipped,3,9
1056,Elaine DINWOODIE (Lab),Elaine STEWART (Lab),skipped,skipped,skipped,skipped,skipped,skipped,skipped,skipped,3,9
1057,Elaine DINWOODIE (Lab),Elaine STEWART (Lab),skipped,skipped,skipped,skipped,skipped,skipped,skipped,skipped,3,9
1058,Elaine DINWOODIE (Lab),Elaine STEWART (Lab),skipped,skipped,skipped,skipped,skipped,skipped,skipped,skipped,3,9
1059,Elaine DINWOODIE (Lab),Elaine STEWART (Lab),skipped,skipped,skipped,skipped,skipped,skipped,skipped,skipped,3,9
1060,Elaine DINWOODIE (Lab),Elaine STEWART (Lab),skipped,skipped,skipped,skipped,skipped,skipped,skipped,skipped,3,9
1061,Elaine DINWOODIE (Lab),Elaine STEWART (Lab),skipped,skipped,skipped,skipped,skipped,skipped,skipped,skipped,3,9
1062,Elaine DINWOODIE (Lab),Elaine STEWART (Lab),skipped,skipped,skipped,skipped,skipped,skipped,skipped,skipped,3,9
1063,Elaine DINWOODIE (Lab),Elaine STEWART (Lab),skipped,skipped,skipped,skipped,skipped,skipped,skipped,skipped,3,9
1064,Elaine DINWOODIE (Lab),Elaine STEWART (Lab),skipped,skipped,skipped,skipped,skipped,skipped,skipped,skipped,3,9
1065,Elaine DINWOODIE (Lab),Elaine STEWART (Lab),skipped,skipped,skipped,skipped,skipped,skipped,skipped,skipped,3,9
1066,Elaine DINWOODIE (Lab),Elaine STEWART (Lab),skipped,skipped,skipped,skipped,skipped,skipped,skipped,skipped,3,9
1067,Elaine DINWOODIE (Lab),Elaine STEWART (Lab),skipped,skipped,skipped,skipped,skipped,skipped,skipped,skipped,3,9
1068,Elaine DINWOODIE (Lab),Elaine STEWART (Lab),skipped,skipped,skipped,skipped,skipped,skipped,skipped,skipped,3,9
1069,Elaine DINWOODIE (Lab),Elaine STEWART (Lab),skipped,skipped,skipped,skipped,skipped,skipped,skipped,skipped,3,9
1070,Elaine DINWOODIE (Lab),Elaine STEWART (Lab),skipped,skipped,skipped,skipped,skipped,skipped,skipped,skipped,3,9
1071,Elaine DINWOODIE (Lab),Elaine STEWART (Lab),skipped,skipped,skipped,skipped,skipped,skipped,skipped,skipped,3,9
1072,Elaine DINWOODIE (Lab),Elaine STEWART (Lab),skipped,skipped,skipped,skipped,skipped,skipped,skipped,skipped,3,9
1073,Elaine DINWOODIE (Lab),Elaine STEWART (Lab),skipped,skipped,skipped,skipped,skipped,skipped,skipped,skipped,3,9
1074,Elaine DINWOODIE (Lab),Elaine STEWART (Lab),skipped,skipped,skipped,skipped,skipped,skipped,skipped,skipped,3,9
1075,Elaine DINWOODIE (Lab),Elaine STEWART (Lab),skipped,skipped,skipped,skipped,skipped,skipped,skipped,skipped,3,9
1076,Elaine DINWOODIE (Lab),Elaine STEWART (Lab),skipped,skipped,skipped,skipped,skipped,skipped,skipped,skipped,3,9
1077,Elaine DINWOODIE (Lab),Elaine STEWART (Lab),skipped,skipped,skipped,skipped,skipped,skipped,skipped,skipped,3,9
1078,Elaine DINWOODIE (Lab),Elaine STEWART (Lab),skipped,skipped,skipped,skipped,skipped,skipped,skipped,skipped,3,9
1079,Elaine DINWOODIE (Lab),Elaine STEWART (Lab),skipped,skipped,skipped,skipped,skipped,skipped,skipped,skipped,3,9
1080,Elaine DINWOODIE (Lab),Elaine STEWART (Lab),skipped,skipped,skipped,skipped,skipped,skipped,skipped,skipped,3,9
1081,Elaine DINWOODIE (Lab),Elaine STEWART (Lab),skipped,skipped,skipped,skipped,skipped,skipped,skipped,skipped,3,9
1082,Elaine DINWOODIE (Lab),Elaine STEWART (Lab),skipped,skipped,skipped,skipped,skipped,skipped,skipped,skipped,3,9
1083,Elaine DINWOODIE (Lab),Elaine STEWART (Lab),skipped,skipped,skipped,skipped,skipped,skipped,skipped,skipped,3,9
1084,Elaine DINWOODIE (Lab),Elaine STEWART (Lab),skipped,skipped,skipped,skipped,skipped,skipped,skipped,skipped,3,9
1085,Elaine DINWOODIE (Lab),Elaine STEWART (Lab),skipped,skipped,skipped,skipped,skipped,skipped,skipped,skipped,3,9
1086,Elaine DINWOODIE (Lab),Elaine STEWART (Lab),skipped,skipped,skipped,skipped,skipped,skipped,skipped,skipped,3,9
1087,Elaine DINWOODIE (Lab),Elaine STEWART (Lab),skipped,skipped,skipped,skipped,skipped,skipped,skipped,skipped,3,9
1088,Elaine DINWOODIE (Lab),Elaine STEWART (Lab),skipped,skipped,skipped,skipped,skipped,skipped,skipped,skipped,3,9
1089,Elaine DINWOODIE (Lab),Elaine STEWART (Lab),skipped,skipped,skipped,skipped,skipped,skipped,skipped,skipped,3,9
1090,Elaine DINWOODIE (Lab),Elaine STEWART (Lab),skipped,skipped,skipped,skipped,skipped,skipped,skipped,skipped,3,9
1091,Elaine DINWOODIE (Lab),Elaine STEWART (Lab),skipped,skipped,skipped,skipped,skipped,skipped,skipped,skipped,3,9
1092,Elaine DINWOODIE (Lab),Elaine STEWART (Lab),skipped,skipped,skipped,skipped,skipped,skipped,skipped,skipped,3,9
1093,Elaine DINWOODIE (Lab),Elaine STEWART (Lab),skipped,skipped,skipped,skipped,skipped,skipped,skipped,skipped,3,9
1094,Elaine DINWOODIE (Lab),Elaine STEWART (Lab),skipped,skipped,skipped,skipped,skipped,skipped,skipped,skipped,3,9
1095,Elaine DINWOODIE (Lab),Elaine STEWART (Lab),skipped,skipped,skipped,skipped,skipped,skipped,skipped,skipped,3,9
1096,Elaine DINWOODIE (Lab),Elaine STEWART (Lab),skipped,skipped,skipped,skipped,skipped,skipped,skipped,skipped,3,9
1097,Elaine DINWOODIE (Lab),Elaine STEWART (Lab),skipped,skipped,skipped,skipped,skipped,skipped,skipped,skipped,3,9
1098,Elaine DINWOODIE (Lab),Elaine STEWART (Lab),skipped,skipped,skipped,skipped,skipped,skipped,skipped,skipped,3,9
1099,Elaine DINWOODIE (Lab),Elaine STEWART (Lab),skipped,skipped,skipped,skipped,skipped,skipped,skipped,skipped,3,9
1100,Elaine DINWOODIE (Lab),Elaine STEWART (Lab),skipped,skipped,skipped,skipped,skipped,skipped,skipped,skipped,3,9
1101,Elaine DINWOODIE (Lab),Elaine STEWART (Lab),skipped,skipped,skipped,skipped,skipped,skipped,skipped,skipped,3,9
1102,Elaine DINWOODIE (Lab),Elaine STEWART (Lab),skipped,skipped,skipped,skipped,skipped,skipped,skipped,skipped,3,9
1103,Elaine DINWOODIE (Lab),Elaine STEWART (Lab),skipped,skipped,skipped,skipped,skipped,skipped,skipped,skipped,3,9
1104,Elaine DINWOODIE (Lab),Elaine STEWART (Lab),skipped,skipped,skipped,skipped,skipped,skipped,skipped,skipped,3,9
1105,Elaine DINWOODIE (Lab),Elaine STEWART (Lab),skipped,skipped,skipped,skipped,skipped,skipped,skipped,skipped,3,9
1106,Elaine DINWOODIE (Lab),Elaine STEWART (Lab),skipped,skipped,skipped,skipped,skipped,skipped,skipped,skipped,3,9
1107,Elaine DINWOODIE (Lab),Elaine STEWART (Lab),skipped,skipped,skipped,skipped,skipped,skipped,skipped,skipped,3,9
1108,Elaine DINWOODIE (Lab),Elaine STEWART (Lab),skipped,skipped,skipped,skipped,skipped,skipped,skipped,skipped,3,9
1109,Elaine DINWOODIE (Lab),Elaine STEWART (Lab),skipped,skipped,skipped,skipped,skipped,skipped,skipped,skipped,3,9
1110,Elaine DINWOODIE (Lab),Elaine STEWART (Lab),skipped,skipped,skipped,skipped,skipped,skipped,skipped,skipped,3,9
1111,Elaine DINWOODIE (Lab),Elaine STEWART (Lab),skipped,skipped,skipped,skipped,skipped,skipped,skipped,skipped,3,9
1112,Elaine DINWOODIE (Lab),Elaine STEWART (Lab),skipped,skipped,skipped,skipped,skipped,skipped,skipped,skipped,3,9
1113,Elaine DINWOODIE (Lab),Elaine STEWART (Lab),skipped,skipped,skipped,skipped,skipped,skipped,skipped,skipped,3,9
1114,Elaine DINWOODIE (Lab),Elaine STEWART (Lab),skipped,skipped,skipped,skipped,skipped,skipped,skipped,skipped,3,9
1115,Elaine DINWOODIE (Lab),Elaine STEWART (Lab),skipped,skipped,skipped,skipped,skipped,skipped,skipped,skipped,3,9
1116,Elaine DINWOODIE (Lab),Elaine STEWART (Lab),skipped,skipped,skipped,skipped,skipped,skipped,skipped,skipped,3,9
1117,Elaine DINWOODIE (Lab),Elaine STEWART (Lab),skipped,skipped,skipped,skipped,skipped,skipped,skipped,skipped,3,9
1118,Elaine DINWOODIE (Lab),Elaine STEWART (Lab),skipped,skipped,skipped,skipped,skipped,skipped,skipped,skipped,3,9
1119,Elaine DINWOODIE (Lab),Elaine STEWART (Lab),skipped,skipped,skipped,skipped,skipped,skipped,skipped,skipped,3,9
1120,Elaine DINWOODIE (Lab),Elaine STEWART (Lab),skipped,skipped,skipped,skipped,skipped,skipped,skipped,skipped,3,9
1121,Elaine DINWOODIE (Lab),Elaine STEWART (Lab),skipped,skipped,skipped,skipped,skipped,skipped,skipped,skipped,3,9
1122,Elaine DINWOODIE (Lab),Elaine STEWART (Lab),skipped,skipped,skipped,skipped,skipped,skipped,skipped,skipped,3,9
1123,Elaine DINWOODIE (Lab),Elaine STEWART (Lab),skipped,skipped,skipped,skipped,skipped,skipped,skipped,skipped,3,9
1124,Elaine DINWOODIE (Lab),Elaine STEWART (Lab),skipped,skipped,skipped,skipped,skipped,skipped,skipped,skipped,3,9
1125,Elaine DINWOODIE (Lab),Elaine STEWART (Lab),skipped,skipped,skipped,skipped,skipped,skipped,skipped,skipped,3,9
1126,Elaine DINWOODIE (Lab),Elaine STEWART (Lab),skipped,skipped,skipped,skipped,skipped,skipped,skipped,skipped,3,9
1127,Elaine DINWOODIE (Lab),Elaine STEWART (Lab),skipped,skipped,skipped,skipped,skipped,skipped,skipped,skipped,3,9
1128,Elaine DINWOODIE (Lab),Elaine STEWART (Lab),skipped,skipped,skipped,skipped,skipped,skipped,skipped,skipped,3,9
1129,Elaine DINWOODIE (Lab),Elaine STEWART (Lab),skipped,skipped,skipped,skipped,skipped,skipped,skipped,skipped,3,9
1130,Elaine DINWOODIE (Lab),Elaine STEWART (Lab),skipped,skipped,skipped,skipped,skipped,skipped,skipped,skipped,3,9
1131,Elaine DINWOODIE (Lab),Elaine STEWART (Lab),skipped,skipped,skipped,skipped,skipped,skipped,skipped,skipped,3,9
1132,Elaine DINWOODIE (Lab),Elaine STEWART (Lab),skipped,skipped,skipped,skipped,skipped,skipped,skipped,skipped,3,9
1133,Elaine DINWOODIE (Lab),Elaine STEWART (Lab),skipped,skipped,skipped,skipped,skipped,skipped,skipped,skipped,3,9
1134,Elaine DINWOODIE (Lab),Elaine STEWART (Lab),skipped,skipped,skipped,skipped,skipped,skipped,skipped,skipped,3,9
1135,Elaine DINWOODIE (Lab),Elaine STEWART (Lab),skipped,skipped,skipped,skipped,skipped,skipped,skipped,skipped,3,9
1136,Elaine DINWOODIE (Lab),Elaine STEWART (Lab),skipped,skipped,skipped,skipped,skipped,skipped,skipped,skipped,3,9
1137,Elaine DINWOODIE (Lab),Elaine STEWART (Lab),skipped,skipped,skipped,skipped,skipped,skipped,skipped,skipped,3,9
1138,Elaine DINWOODIE (Lab),Elaine STEWART (Lab),skipped,skipped,skipped,skipped,skipped,skipped,skipped,skipped,3,9
1139,Elaine DINWOODIE (Lab),Elaine STEWART (Lab),skipped,skipped,skipped,skipped,skipped,skipped,skipped,skipped,3,9
1140,Elaine DINWOODIE (Lab),Elaine STEWART (Lab),John BELL (SNP),skipped,skipped,skipped,skipped,skipped,skipped,skipped,3,9
1141,Elaine DINWOODIE (Lab),Elaine STEWART (Lab),John BELL (SNP),skipped,skipped,skipped,skipped,skipped,skipped,skipped,3,9
1142,Elaine DINWOODIE (Lab),Elaine STEWART (Lab),John BELL (SNP),skipped,skipped,skipped,skipped,skipped,skipped,skipped,3,9
1143,Elaine DINWOODIE (Lab),Elaine STEWART (Lab),John BELL (SNP),skipped,skipped,skipped,skipped,skipped,skipped,skipped,3,9
1144,Elaine DINWOODIE (Lab),Elaine STEWART (Lab),John BELL (SNP),skipped,skipped,skipped,skipped,skipped,skipped,skipped,3,9
1145,Elaine DINWOODIE (Lab),Elaine STEWART (Lab),John BELL (SNP),skipped,skipped,skipped,skipped,skipped,skipped,skipped,3,9
1146,Elaine DINWOODIE (Lab),Elaine STEWART (Lab),John BELL (SNP),skipped,skipped,skipped,skipped,skipped,skipped,skipped,3,9
1147,Elaine DINWOODIE (Lab),Elaine STEWART (Lab),John BELL (SNP),skipped,skipped,skipped,skipped,skipped,skipped,skipped,3,9
1148,Elaine DINWOODIE (Lab),Elaine STEWART (Lab),John BELL (SNP),skipped,skipped,skipped,skipped,skipped,skipped,skipped,3,9
1149,Elaine DINWOODIE (Lab),Elaine STEWART (Lab),John BELL (SNP),skipped,skipped,skipped,skipped,skipped,skipped,skipped,3,9
1150,Elaine DINWOODIE (Lab),Elaine STEWART (Lab),John BELL (SNP),skipped,skipped,skipped,skipped,skipped,skipped,skipped,3,9
1151,Elaine DINWOODIE (Lab),Elaine STEWART (Lab),John BELL (SNP),skipped,skipped,skipped,skipped,skipped,skipped,skipped,3,9
1152,Elaine DINWOODIE (Lab),Elaine STEWART (Lab),John BELL (SNP),skipped,skipped,skipped,skipped,skipped,skipped,skipped,3,9
1153,Elaine DINWOODIE (Lab),Elaine STEWART (Lab),John BELL (SNP),Anne FAIRLIE (SNP),skipped,skipped,skipped,skipped,skipped,skipped,3,9
1154,Elaine DINWOODIE (Lab),Elaine STEWART (Lab),John BELL (SNP),Anne FAIRLIE (SNP),skipped,skipped,skipped,skipped,skipped,skipped,3,9
1155,Elaine DINWOODIE (Lab),Elaine STEWART (Lab),John BELL (SNP),Anne FAIRLIE (SNP),Drew FILSON (Ind),Alison HARPER (C),Mark MITCHELL (Libtn),Craig MURRAY (Grn),John YOUNG (Ind),skipped,3,9
1156,Elaine DINWOODIE (Lab),Elaine STEWART (Lab),John BELL (SNP),Anne FAIRLIE (SNP),Drew FILSON (Ind),Alison HARPER (C),Mark MITCHELL (Libtn),Craig MURRAY (Grn),John YOUNG (Ind),skipped,3,9
1157,Elaine DINWOODIE (Lab),Elaine STEWART (Lab),John BELL (SNP),Anne FAIRLIE (SNP),Drew FILSON (Ind),John YOUNG (Ind),Mark MITCHELL (Libtn),Craig MURRAY (Grn),Alison HARPER (C),skipped,3,9
1158,Elaine DINWOODIE (Lab),Elaine STEWART (Lab),John BELL (SNP),Anne FAIRLIE (SNP),Mark MITCHELL (Libtn),Drew FILSON (Ind),Alison HARPER (C),Craig MURRAY (Grn),John YOUNG (Ind),skipped,3,9
1159,Elaine DINWOODIE (Lab),Elaine STEWART (Lab),John BELL (SNP),Anne FAIRLIE (SNP),Craig MURRAY (Grn),Drew FILSON (Ind),skipped,skipped,skipped,skipped,3,9
1160,Elaine DINWOODIE (Lab),Elaine STEWART (Lab),John BELL (SNP),Anne FAIRLIE (SNP),Craig MURRAY (Grn),Mark MITCHELL (Libtn),skipped,skipped,skipped,skipped,3,9
1161,Elaine DINWOODIE (Lab),Elaine STEWART (Lab),John BELL (SNP),Drew FILSON (Ind),skipped,skipped,skipped,skipped,skipped,skipped,3,9
1162,Elaine DINWOODIE (Lab),Elaine STEWART (Lab),John BELL (SNP),Drew FILSON (Ind),skipped,skipped,skipped,skipped,skipped,skipped,3,9
1163,Elaine DINWOODIE (Lab),Elaine STEWART (Lab),John BELL (SNP),Alison HARPER (C),John YOUNG (Ind),Drew FILSON (Ind),Craig MURRAY (Grn),Mark MITCHELL (Libtn),Anne FAIRLIE (SNP),skipped,3,9
1164,Elaine DINWOODIE (Lab),Elaine STEWART (Lab),Anne FAIRLIE (SNP),skipped,skipped,skipped,skipped,skipped,skipped,skipped,3,9
1165,Elaine DINWOODIE (Lab),Elaine STEWART (Lab),Anne FAIRLIE (SNP),skipped,skipped,skipped,skipped,skipped,skipped,skipped,3,9
1166,Elaine DINWOODIE (Lab),Elaine STEWART (Lab),Anne FAIRLIE (SNP),skipped,skipped,skipped,skipped,skipped,skipped,skipped,3,9
1167,Elaine DINWOODIE (Lab),Elaine STEWART (Lab),Anne FAIRLIE (SNP),skipped,skipped,skipped,skipped,skipped,skipped,skipped,3,9
1168,Elaine DINWOODIE (Lab),Elaine STEWART (Lab),Anne FAIRLIE (SNP),skipped,skipped,skipped,skipped,skipped,skipped,skipped,3,9
1169,Elaine DINWOODIE (Lab),Elaine STEWART (Lab),Anne FAIRLIE (SNP),skipped,skipped,skipped,skipped,skipped,skipped,skipped,3,9
1170,Elaine DINWOODIE (Lab),Elaine STEWART (Lab),Anne FAIRLIE (SNP),skipped,skipped,skipped,skipped,skipped,skipped,skipped,3,9
1171,Elaine DINWOODIE (Lab),Elaine STEWART (Lab),Anne FAIRLIE (SNP),skipped,skipped,skipped,skipped,skipped,skipped,skipped,3,9
1172,Elaine DINWOODIE (Lab),Elaine STEWART (Lab),Anne FAIRLIE (SNP),skipped,skipped,skipped,skipped,skipped,skipped,skipped,3,9
1173,Elaine DINWOODIE (Lab),Elaine STEWART (Lab),Anne FAIRLIE (SNP),skipped,skipped,skipped,skipped,skipped,skipped,skipped,3,9
1174,Elaine DINWOODIE (Lab),Elaine STEWART (Lab),Anne FAIRLIE (SNP),skipped,skipped,skipped,skipped,skipped,skipped,skipped,3,9
1175,Elaine DINWOODIE (Lab),Elaine STEWART (Lab),Anne FAIRLIE (SNP),John BELL (SNP),skipped,skipped,skipped,skipped,skipped,skipped,3,9
1176,Elaine DINWOODIE (Lab),Elaine STEWART (Lab),Anne FAIRLIE (SNP),John BELL (SNP),skipped,skipped,skipped,skipped,skipped,skipped,3,9
1177,Elaine DINWOODIE (Lab),Elaine STEWART (Lab),Anne FAIRLIE (SNP),John BELL (SNP),Drew FILSON (Ind),Mark MITCHELL (Libtn),Alison HARPER (C),Craig MURRAY (Grn),skipped,skipped,3,9
1178,Elaine DINWOODIE (Lab),Elaine STEWART (Lab),Anne FAIRLIE (SNP),Drew FILSON (Ind),John BELL (SNP),skipped,skipped,skipped,skipped,skipped,3,9
1179,Elaine DINWOODIE (Lab),Elaine STEWART (Lab),Anne FAIRLIE (SNP),Drew FILSON (Ind),Alison HARPER (C),Mark MITCHELL (Libtn),Craig MURRAY (Grn),John YOUNG (Ind),John BELL (SNP),skipped,3,9
1180,Elaine DINWOODIE (Lab),Elaine STEWART (Lab),Drew FILSON (Ind),skipped,skipped,skipped,skipped,skipped,skipped,skipped,3,9
1181,Elaine DINWOODIE (Lab),Elaine STEWART (Lab),Drew FILSON (Ind),skipped,skipped,skipped,skipped,skipped,skipped,skipped,3,9
1182,Elaine DINWOODIE (Lab),Elaine STEWART (Lab),Drew FILSON (Ind),skipped,skipped,skipped,skipped,skipped,skipped,skipped,3,9
1183,Elaine DINWOODIE (Lab),Elaine STEWART (Lab),Drew FILSON (Ind),skipped,skipped,skipped,skipped,skipped,skipped,skipped,3,9
1184,Elaine DINWOODIE (Lab),Elaine STEWART (Lab),Drew FILSON (Ind),skipped,skipped,skipped,skipped,skipped,skipped,skipped,3,9
1185,Elaine DINWOODIE (Lab),Elaine STEWART (Lab),Drew FILSON (Ind),skipped,skipped,skipped,skipped,skipped,skipped,skipped,3,9
1186,Elaine DINWOODIE (Lab),Elaine STEWART (Lab),Drew FILSON (Ind),skipped,skipped,skipped,skipped,skipped,skipped,skipped,3,9
1187,Elaine DINWOODIE (Lab),Elaine STEWART (Lab),Drew FILSON (Ind),skipped,skipped,skipped,skipped,skipped,skipped,skipped,3,9
1188,Elaine DINWOODIE (Lab),Elaine STEWART (Lab),Drew FILSON (Ind),skipped,skipped,skipped,skipped,skipped,skipped,skipped,3,9
1189,Elaine DINWOODIE (Lab),Elaine STEWART (Lab),Drew FILSON (Ind),skipped,skipped,skipped,skipped,skipped,skipped,skipped,3,9
1190,Elaine DINWOODIE (Lab),Elaine STEWART (Lab),Drew FILSON (Ind),skipped,skipped,skipped,skipped,skipped,skipped,skipped,3,9
1191,Elaine DINWOODIE (Lab),Elaine STEWART (Lab),Drew FILSON (Ind),skipped,skipped,skipped,skipped,skipped,skipped,skipped,3,9
1192,Elaine DINWOODIE (Lab),Elaine STEWART (Lab),Drew FILSON (Ind),skipped,skipped,skipped,skipped,skipped,skipped,skipped,3,9
1193,Elaine DINWOODIE (Lab),Elaine STEWART (Lab),Drew FILSON (Ind),skipped,skipped,skipped,skipped,skipped,skipped,skipped,3,9
1194,Elaine DINWOODIE (Lab),Elaine STEWART (Lab),Drew FILSON (Ind),skipped,skipped,skipped,skipped,skipped,skipped,skipped,3,9
1195,Elaine DINWOODIE (Lab),Elaine STEWART (Lab),Drew FILSON (Ind),skipped,skipped,skipped,skipped,skipped,skipped,skipped,3,9
1196,Elaine DINWOODIE (Lab),Elaine STEWART (Lab),Drew FILSON (Ind),skipped,skipped,skipped,skipped,skipped,skipped,skipped,3,9
1197,Elaine DINWOODIE (Lab),Elaine STEWART (Lab),Drew FILSON (Ind),skipped,skipped,skipped,skipped,skipped,skipped,skipped,3,9
1198,Elaine DINWOODIE (Lab),Elaine STEWART (Lab),Drew FILSON (Ind),skipped,skipped,skipped,skipped,skipped,skipped,skipped,3,9
1199,Elaine DINWOODIE (Lab),Elaine STEWART (Lab),Drew FILSON (Ind),skipped,skipped,skipped,skipped,skipped,skipped,skipped,3,9
1200,Elaine DINWOODIE (Lab),Elaine STEWART (Lab),Drew FILSON (Ind),skipped,skipped,skipped,skipped,skipped,skipped,skipped,3,9
1201,Elaine DINWOODIE (Lab),Elaine STEWART (Lab),Drew FILSON (Ind),skipped,skipped,skipped,skipped,skipped,skipped,skipped,3,9
1202,Elaine DINWOODIE (Lab),Elaine STEWART (Lab),Drew FILSON (Ind),skipped,skipped,skipped,skipped,skipped,skipped,skipped,3,9
1203,Elaine DINWOODIE (Lab),Elaine STEWART (Lab),Drew FILSON (Ind),skipped,skipped,skipped,skipped,skipped,skipped,skipped,3,9
1204,Elaine DINWOODIE (Lab),Elaine STEWART (Lab),Drew FILSON (Ind),skipped,skipped,skipped,skipped,skipped,skipped,skipped,3,9
1205,Elaine DINWOODIE (Lab),Elaine STEWART (Lab),Drew FILSON (Ind),skipped,skipped,skipped,skipped,skipped,skipped,skipped,3,9
1206,Elaine DINWOODIE (Lab),Elaine STEWART (Lab),Drew FILSON (Ind),skipped,skipped,skipped,skipped,skipped,skipped,skipped,3,9
1207,Elaine DINWOODIE (Lab),Elaine STEWART (Lab),Drew FILSON (Ind),skipped,skipped,skipped,skipped,skipped,skipped,skipped,3,9
1208,Elaine DINWOODIE (Lab),Elaine STEWART (Lab),Drew FILSON (Ind),skipped,skipped,skipped,skipped,skipped,skipped,skipped,3,9
1209,Elaine DINWOODIE (Lab),Elaine STEWART (Lab),Drew FILSON (Ind),skipped,skipped,skipped,skipped,skipped,skipped,skipped,3,9
1210,Elaine DINWOODIE (Lab),Elaine STEWART (Lab),Drew FILSON (Ind),skipped,skipped,skipped,skipped,skipped,skipped,skipped,3,9
1211,Elaine DINWOODIE (Lab),Elaine STEWART (Lab),Drew FILSON (Ind),skipped,skipped,skipped,skipped,skipped,skipped,skipped,3,9
1212,Elaine DINWOODIE (Lab),Elaine STEWART (Lab),Drew FILSON (Ind),skipped,skipped,skipped,skipped,skipped,skipped,skipped,3,9
1213,Elaine DINWOODIE (Lab),Elaine STEWART (Lab),Drew FILSON (Ind),skipped,skipped,skipped,skipped,skipped,skipped,skipped,3,9
1214,Elaine DINWOODIE (Lab),Elaine STEWART (Lab),Drew FILSON (Ind),skipped,skipped,skipped,skipped,skipped,skipped,skipped,3,9
1215,Elaine DINWOODIE (Lab),Elaine STEWART (Lab),Drew FILSON (Ind),skipped,skipped,skipped,skipped,skipped,skipped,skipped,3,9
1216,Elaine DINWOODIE (Lab),Elaine STEWART (Lab),Drew FILSON (Ind),skipped,skipped,skipped,skipped,skipped,skipped,skipped,3,9
1217,Elaine DINWOODIE (Lab),Elaine STEWART (Lab),Drew FILSON (Ind),skipped,skipped,skipped,skipped,skipped,skipped,skipped,3,9
1218,Elaine DINWOODIE (Lab),Elaine STEWART (Lab),Drew FILSON (Ind),skipped,skipped,skipped,skipped,skipped,skipped,skipped,3,9
1219,Elaine DINWOODIE (Lab),Elaine STEWART (Lab),Drew FILSON (Ind),skipped,skipped,skipped,skipped,skipped,skipped,skipped,3,9
1220,Elaine DINWOODIE (Lab),Elaine STEWART (Lab),Drew FILSON (Ind),skipped,skipped,skipped,skipped,skipped,skipped,skipped,3,9
1221,Elaine DINWOODIE (Lab),Elaine STEWART (Lab),Drew FILSON (Ind),skipped,skipped,skipped,skipped,skipped,skipped,skipped,3,9
1222,Elaine DINWOODIE (Lab),Elaine STEWART (Lab),Drew FILSON (Ind),skipped,skipped,skipped,skipped,skipped,skipped,skipped,3,9
1223,Elaine DINWOODIE (Lab),Elaine STEWART (Lab),Drew FILSON (Ind),skipped,skipped,skipped,skipped,skipped,skipped,skipped,3,9
1224,Elaine DINWOODIE (Lab),Elaine STEWART (Lab),Drew FILSON (Ind),skipped,skipped,skipped,skipped,skipped,skipped,skipped,3,9
1225,Elaine DINWOODIE (Lab),Elaine STEWART (Lab),Drew FILSON (Ind),skipped,skipped,skipped,skipped,skipped,skipped,skipped,3,9
1226,Elaine DINWOODIE (Lab),Elaine STEWART (Lab),Drew FILSON (Ind),skipped,skipped,skipped,skipped,skipped,skipped,skipped,3,9
1227,Elaine DINWOODIE (Lab),Elaine STEWART (Lab),Drew FILSON (Ind),skipped,skipped,skipped,skipped,skipped,skipped,skipped,3,9
1228,Elaine DINWOODIE (Lab),Elaine STEWART (Lab),Drew FILSON (Ind),skipped,skipped,skipped,skipped,skipped,skipped,skipped,3,9
1229,Elaine DINWOODIE (Lab),Elaine STEWART (Lab),Drew FILSON (Ind),skipped,skipped,skipped,skipped,skipped,skipped,skipped,3,9
1230,Elaine DINWOODIE (Lab),Elaine STEWART (Lab),Drew FILSON (Ind),skipped,skipped,skipped,skipped,skipped,skipped,skipped,3,9
1231,Elaine DINWOODIE (Lab),Elaine STEWART (Lab),Drew FILSON (Ind),skipped,skipped,skipped,skipped,skipped,skipped,skipped,3,9
1232,Elaine DINWOODIE (Lab),Elaine STEWART (Lab),Drew FILSON (Ind),skipped,skipped,skipped,skipped,skipped,skipped,skipped,3,9
1233,Elaine DINWOODIE (Lab),Elaine STEWART (Lab),Drew FILSON (Ind),skipped,skipped,skipped,skipped,skipped,skipped,skipped,3,9
1234,Elaine DINWOODIE (Lab),Elaine STEWART (Lab),Drew FILSON (Ind),Alison HARPER (C),skipped,skipped,skipped,skipped,skipped,skipped,3,9
1235,Elaine DINWOODIE (Lab),Elaine STEWART (Lab),Drew FILSON (Ind),Alison HARPER (C),skipped,skipped,skipped,skipped,skipped,skipped,3,9
1236,Elaine DINWOODIE (Lab),Elaine STEWART (Lab),Drew FILSON (Ind),Alison HARPER (C),skipped,skipped,skipped,skipped,skipped,skipped,3,9
1237,Elaine DINWOODIE (Lab),Elaine STEWART (Lab),Drew FILSON (Ind),Alison HARPER (C),Mark MITCHELL (Libtn),Craig MURRAY (Grn),John YOUNG (Ind),Anne FAIRLIE (SNP),John BELL (SNP),skipped,3,9
1238,Elaine DINWOODIE (Lab),Elaine STEWART (Lab),Drew FILSON (Ind),Alison HARPER (C),Mark MITCHELL (Libtn),Craig MURRAY (Grn),John YOUNG (Ind),Anne FAIRLIE (SNP),John BELL (SNP),skipped,3,9
1239,Elaine DINWOODIE (Lab),Elaine STEWART (Lab),Drew FILSON (Ind),Alison HARPER (C),John YOUNG (Ind),Anne FAIRLIE (SNP),John BELL (SNP),Craig MURRAY (Grn),Mark MITCHELL (Libtn),skipped,3,9
1240,Elaine DINWOODIE (Lab),Elaine STEWART (Lab),Drew FILSON (Ind),Craig MURRAY (Grn),skipped,skipped,skipped,skipped,skipped,skipped,3,9
1241,Elaine DINWOODIE (Lab),Elaine STEWART (Lab),Drew FILSON (Ind),Craig MURRAY (Grn),Mark MITCHELL (Libtn),John YOUNG (Ind),Alison HARPER (C),John BELL (SNP),Anne FAIRLIE (SNP),skipped,3,9
1242,Elaine DINWOODIE (Lab),Elaine STEWART (Lab),Drew FILSON (Ind),Craig MURRAY (Grn),John YOUNG (Ind),skipped,skipped,skipped,skipped,skipped,3,9
1243,Elaine DINWOODIE (Lab),Elaine STEWART (Lab),Drew FILSON (Ind),John YOUNG (Ind),skipped,skipped,skipped,skipped,skipped,skipped,3,9
1244,Elaine DINWOODIE (Lab),Elaine STEWART (Lab),Drew FILSON (Ind),John YOUNG (Ind),skipped,skipped,skipped,skipped,skipped,skipped,3,9
1245,Elaine DINWOODIE (Lab),Elaine STEWART (Lab),Drew FILSON (Ind),John YOUNG (Ind),skipped,skipped,skipped,skipped,skipped,skipped,3,9
1246,Elaine DINWOODIE (Lab),Elaine STEWART (Lab),Drew FILSON (Ind),John YOUNG (Ind),skipped,skipped,skipped,skipped,skipped,skipped,3,9
1247,Elaine DINWOODIE (Lab),Elaine STEWART (Lab),Drew FILSON (Ind),John YOUNG (Ind),Alison HARPER (C),skipped,skipped,skipped,skipped,skipped,3,9
1248,Elaine DINWOODIE (Lab),Elaine STEWART (Lab),Drew FILSON (Ind),John YOUNG (Ind),Alison HARPER (C),skipped,skipped,skipped,skipped,skipped,3,9
1249,Elaine DINWOODIE (Lab),Elaine STEWART (Lab),Drew FILSON (Ind),John YOUNG (Ind),Mark MITCHELL (Libtn),Craig MURRAY (Grn),Alison HARPER (C),Anne FAIRLIE (SNP),John BELL (SNP),skipped,3,9
1250,Elaine DINWOODIE (Lab),Elaine STEWART (Lab),Drew FILSON (Ind),John YOUNG (Ind),Mark MITCHELL (Libtn),Craig MURRAY (Grn),Alison HARPER (C),Anne FAIRLIE (SNP),John BELL (SNP),skipped,3,9
1251,Elaine DINWOODIE (Lab),Elaine STEWART (Lab),Drew FILSON (Ind),John YOUNG (Ind),Craig MURRAY (Grn),skipped,skipped,skipped,skipped,skipped,3,9
1252,Elaine DINWOODIE (Lab),Elaine STEWART (Lab),Drew FILSON (Ind),John YOUNG (Ind),Craig MURRAY (Grn),Mark MITCHELL (Libtn),Alison HARPER (C),Anne FAIRLIE (SNP),John BELL (SNP),skipped,3,9
1253,Elaine DINWOODIE (Lab),Elaine STEWART (Lab),Alison HARPER (C),skipped,skipped,skipped,skipped,skipped,skipped,skipped,3,9
1254,Elaine DINWOODIE (Lab),Elaine STEWART (Lab),Alison HARPER (C),skipped,skipped,skipped,skipped,skipped,skipped,skipped,3,9
1255,Elaine DINWOODIE (Lab),Elaine STEWART (Lab),Alison HARPER (C),skipped,skipped,skipped,skipped,skipped,skipped,skipped,3,9
1256,Elaine DINWOODIE (Lab),Elaine STEWART (Lab),Alison HARPER (C),skipped,skipped,skipped,skipped,skipped,skipped,skipped,3,9
1257,Elaine DINWOODIE (Lab),Elaine STEWART (Lab),Alison HARPER (C),skipped,skipped,skipped,skipped,skipped,skipped,skipped,3,9
1258,Elaine DINWOODIE (Lab),Elaine STEWART (Lab),Alison HARPER (C),skipped,skipped,skipped,skipped,skipped,skipped,skipped,3,9
1259,Elaine DINWOODIE (Lab),Elaine STEWART (Lab),Alison HARPER (C),skipped,skipped,skipped,skipped,skipped,skipped,skipped,3,9
1260,Elaine DINWOODIE (Lab),Elaine STEWART (Lab),Alison HARPER (C),skipped,skipped,skipped,skipped,skipped,skipped,skipped,3,9
1261,Elaine DINWOODIE (Lab),Elaine STEWART (Lab),Alison HARPER (C),skipped,skipped,skipped,skipped,skipped,skipped,skipped,3,9
1262,Elaine DINWOODIE (Lab),Elaine STEWART (Lab),Alison HARPER (C),skipped,skipped,skipped,skipped,skipped,skipped,skipped,3,9
1263,Elaine DINWOODIE (Lab),Elaine STEWART (Lab),Alison HARPER (C),skipped,skipped,skipped,skipped,skipped,skipped,skipped,3,9
1264,Elaine DINWOODIE (Lab),Elaine STEWART (Lab),Alison HARPER (C),skipped,skipped,skipped,skipped,skipped,skipped,skipped,3,9
1265,Elaine DINWOODIE (Lab),Elaine STEWART (Lab),Alison HARPER (C),skipped,skipped,skipped,skipped,skipped,skipped,skipped,3,9
1266,Elaine DINWOODIE (Lab),Elaine STEWART (Lab),Alison HARPER (C),skipped,skipped,skipped,skipped,skipped,skipped,skipped,3,9
1267,Elaine DINWOODIE (Lab),Elaine STEWART (Lab),Alison HARPER (C),skipped,skipped,skipped,skipped,skipped,skipped,skipped,3,9
1268,Elaine DINWOODIE (Lab),Elaine STEWART (Lab),Alison HARPER (C),skipped,skipped,skipped,skipped,skipped,skipped,skipped,3,9
1269,Elaine DINWOODIE (Lab),Elaine STEWART (Lab),Alison HARPER (C),skipped,skipped,skipped,skipped,skipped,skipped,skipped,3,9
1270,Elaine DINWOODIE (Lab),Elaine STEWART (Lab),Alison HARPER (C),skipped,skipped,skipped,skipped,skipped,skipped,skipped,3,9
1271,Elaine DINWOODIE (Lab),Elaine STEWART (Lab),Alison HARPER (C),skipped,skipped,skipped,skipped,skipped,skipped,skipped,3,9
1272,Elaine DINWOODIE (Lab),Elaine STEWART (Lab),Alison HARPER (C),skipped,skipped,skipped,skipped,skipped,skipped,skipped,3,9
1273,Elaine DINWOODIE (Lab),Elaine STEWART (Lab),Alison HARPER (C),skipped,skipped,skipped,skipped,skipped,skipped,skipped,3,9
1274,Elaine DINWOODIE (Lab),Elaine STEWART (Lab),Alison HARPER (C),skipped,skipped,skipped,skipped,skipped,skipped,skipped,3,9
1275,Elaine DINWOODIE (Lab),Elaine STEWART (Lab),Alison HARPER (C),skipped,skipped,skipped,skipped,skipped,skipped,skipped,3,9
1276,Elaine DINWOODIE (Lab),Elaine STEWART (Lab),Alison HARPER (C),skipped,skipped,skipped,skipped,skipped,skipped,skipped,3,9
1277,Elaine DINWOODIE (Lab),Elaine STEWART (Lab),Alison HARPER (C),John BELL (SNP),Anne FAIRLIE (SNP),skipped,skipped,skipped,skipped,skipped,3,9
1278,Elaine DINWOODIE (Lab),Elaine STEWART (Lab),Alison HARPER (C),Anne FAIRLIE (SNP),skipped,skipped,skipped,skipped,skipped,skipped,3,9
1279,Elaine DINWOODIE (Lab),Elaine STEWART (Lab),Alison HARPER (C),Drew FILSON (Ind),Mark MITCHELL (Libtn),John YOUNG (Ind),skipped,skipped,skipped,skipped,3,9
1280,Elaine DINWOODIE (Lab),Elaine STEWART (Lab),Alison HARPER (C),Drew FILSON (Ind),Mark MITCHELL (Libtn),John YOUNG (Ind),Craig MURRAY (Grn),skipped,skipped,skipped,3,9
1281,Elaine DINWOODIE (Lab),Elaine STEWART (Lab),Alison HARPER (C),Drew FILSON (Ind),John YOUNG (Ind),skipped,skipped,skipped,skipped,skipped,3,9
1282,Elaine DINWOODIE (Lab),Elaine STEWART (Lab),Alison HARPER (C),Drew FILSON (Ind),John YOUNG (Ind),Mark MITCHELL (Libtn),skipped,skipped,skipped,skipped,3,9
1283,Elaine DINWOODIE (Lab),Elaine STEWART (Lab),Alison HARPER (C),Mark MITCHELL (Libtn),John BELL (SNP),Craig MURRAY (Grn),Anne FAIRLIE (SNP),Drew FILSON (Ind),John YOUNG (Ind),skipped,3,9
1284,Elaine DINWOODIE (Lab),Elaine STEWART (Lab),Alison HARPER (C),Mark MITCHELL (Libtn),Drew FILSON (Ind),John YOUNG (Ind),Anne FAIRLIE (SNP),Craig MURRAY (Grn),John BELL (SNP),skipped,3,9
1285,Elaine DINWOODIE (Lab),Elaine STEWART (Lab),Alison HARPER (C),Craig MURRAY (Grn),skipped,skipped,skipped,skipped,skipped,skipped,3,9
1286,Elaine DINWOODIE (Lab),Elaine STEWART (Lab),Alison HARPER (C),Craig MURRAY (Grn),Mark MITCHELL (Libtn),John YOUNG (Ind),Drew FILSON (Ind),Anne FAIRLIE (SNP),John BELL (SNP),skipped,3,9
1287,Elaine DINWOODIE (Lab),Elaine STEWART (Lab),Alison HARPER (C),Craig MURRAY (Grn),John YOUNG (Ind),Mark MITCHELL (Libtn),Drew FILSON (Ind),Anne FAIRLIE (SNP),John BELL (SNP),skipped,3,9
1288,Elaine DINWOODIE (Lab),Elaine STEWART (Lab),Alison HARPER (C),John YOUNG (Ind),John BELL (SNP),Anne FAIRLIE (SNP),Drew FILSON (Ind),Mark MITCHELL (Libtn),Craig MURRAY (Grn),skipped,3,9
1289,Elaine DINWOODIE (Lab),Elaine STEWART (Lab),Alison HARPER (C),John YOUNG (Ind),Drew FILSON (Ind),Craig MURRAY (Grn),skipped,skipped,skipped,skipped,3,9
1290,Elaine DINWOODIE (Lab),Elaine STEWART (Lab),Alison HARPER (C),John YOUNG (Ind),Mark MITCHELL (Libtn),Craig MURRAY (Grn),Drew FILSON (Ind),John BELL (SNP),Anne FAIRLIE (SNP),skipped,3,9
1291,Elaine DINWOODIE (Lab),Elaine STEWART (Lab),Mark MITCHELL (Libtn),skipped,skipped,skipped,skipped,skipped,skipped,skipped,3,9
1292,Elaine DINWOODIE (Lab),Elaine STEWART (Lab),Mark MITCHELL (Libtn),skipped,skipped,skipped,skipped,skipped,skipped,skipped,3,9
1293,Elaine DINWOODIE (Lab),Elaine STEWART (Lab),Mark MITCHELL (Libtn),John YOUNG (Ind),skipped,skipped,skipped,skipped,skipped,skipped,3,9
1294,Elaine DINWOODIE (Lab),Elaine STEWART (Lab),Craig MURRAY (Grn),skipped,skipped,skipped,skipped,skipped,skipped,skipped,3,9
1295,Elaine DINWOODIE (Lab),Elaine STEWART (Lab),Craig MURRAY (Grn),skipped,skipped,skipped,skipped,skipped,skipped,skipped,3,9
1296,Elaine DINWOODIE (Lab),Elaine STEWART (Lab),Craig MURRAY (Grn),skipped,skipped,skipped,skipped,skipped,skipped,skipped,3,9
1297,Elaine DINWOODIE (Lab),Elaine STEWART (Lab),Craig MURRAY (Grn),skipped,skipped,skipped,skipped,skipped,skipped,skipped,3,9
1298,Elaine DINWOODIE (Lab),Elaine STEWART (Lab),Craig MURRAY (Grn),skipped,skipped,skipped,skipped,skipped,skipped,skipped,3,9
1299,Elaine DINWOODIE (Lab),Elaine STEWART (Lab),Craig MURRAY (Grn),skipped,skipped,skipped,skipped,skipped,skipped,skipped,3,9
1300,Elaine DINWOODIE (Lab),Elaine STEWART (Lab),Craig MURRAY (Grn),skipped,skipped,skipped,skipped,skipped,skipped,skipped,3,9
1301,Elaine DINWOODIE (Lab),Elaine STEWART (Lab),Craig MURRAY (Grn),skipped,skipped,skipped,skipped,skipped,skipped,skipped,3,9
1302,Elaine DINWOODIE (Lab),Elaine STEWART (Lab),Craig MURRAY (Grn),skipped,skipped,skipped,skipped,skipped,skipped,skipped,3,9
1303,Elaine DINWOODIE (Lab),Elaine STEWART (Lab),Craig MURRAY (Grn),skipped,skipped,skipped,skipped,skipped,skipped,skipped,3,9
1304,Elaine DINWOODIE (Lab),Elaine STEWART (Lab),Craig MURRAY (Grn),skipped,skipped,skipped,skipped,skipped,skipped,skipped,3,9
1305,Elaine DINWOODIE (Lab),Elaine STEWART (Lab),Craig MURRAY (Grn),skipped,skipped,skipped,skipped,skipped,skipped,skipped,3,9
1306,Elaine DINWOODIE (Lab),Elaine STEWART (Lab),Craig MURRAY (Grn),skipped,skipped,skipped,skipped,skipped,skipped,skipped,3,9
1307,Elaine DINWOODIE (Lab),Elaine STEWART (Lab),Craig MURRAY (Grn),skipped,skipped,skipped,skipped,skipped,skipped,skipped,3,9
1308,Elaine DINWOODIE (Lab),Elaine STEWART (Lab),Craig MURRAY (Grn),skipped,skipped,skipped,skipped,skipped,skipped,skipped,3,9
1309,Elaine DINWOODIE (Lab),Elaine STEWART (Lab),Craig MURRAY (Grn),skipped,skipped,skipped,skipped,skipped,skipped,skipped,3,9
1310,Elaine DINWOODIE (Lab),Elaine STEWART (Lab),Craig MURRAY (Grn),John BELL (SNP),Anne FAIRLIE (SNP),skipped,skipped,skipped,skipped,skipped,3,9
1311,Elaine DINWOODIE (Lab),Elaine STEWART (Lab),Craig MURRAY (Grn),Drew FILSON (Ind),skipped,skipped,skipped,skipped,skipped,skipped,3,9
1312,Elaine DINWOODIE (Lab),Elaine STEWART (Lab),Craig MURRAY (Grn),Drew FILSON (Ind),Alison HARPER (C),skipped,skipped,skipped,skipped,skipped,3,9
1313,Elaine DINWOODIE (Lab),Elaine STEWART (Lab),Craig MURRAY (Grn),Alison HARPER (C),skipped,skipped,skipped,skipped,skipped,skipped,3,9
1314,Elaine DINWOODIE (Lab),Elaine STEWART (Lab),Craig MURRAY (Grn),John YOUNG (Ind),skipped,skipped,skipped,skipped,skipped,skipped,3,9
1315,Elaine DINWOODIE (Lab),Elaine STEWART (Lab),John YOUNG (Ind),skipped,skipped,skipped,skipped,skipped,skipped,skipped,3,9
1316,Elaine DINWOODIE (Lab),Elaine STEWART (Lab),John YOUNG (Ind),skipped,skipped,skipped,skipped,skipped,skipped,skipped,3,9
1317,Elaine DINWOODIE (Lab),Elaine STEWART (Lab),John YOUNG (Ind),skipped,skipped,skipped,skipped,skipped,skipped,skipped,3,9
1318,Elaine DINWOODIE (Lab),Elaine STEWART (Lab),John YOUNG (Ind),skipped,skipped,skipped,skipped,skipped,skipped,skipped,3,9
1319,Elaine DINWOODIE (Lab),Elaine STEWART (Lab),John YOUNG (Ind),skipped,skipped,skipped,skipped,skipped,skipped,skipped,3,9
1320,Elaine DINWOODIE (Lab),Elaine STEWART (Lab),John YOUNG (Ind),skipped,skipped,skipped,skipped,skipped,skipped,skipped,3,9
1321,Elaine DINWOODIE (Lab),Elaine STEWART (Lab),John YOUNG (Ind),skipped,skipped,skipped,skipped,skipped,skipped,skipped,3,9
1322,Elaine DINWOODIE (Lab),Elaine STEWART (Lab),John YOUNG (Ind),skipped,skipped,skipped,skipped,skipped,skipped,skipped,3,9
1323,Elaine DINWOODIE (Lab),Elaine STEWART (Lab),John YOUNG (Ind),skipped,skipped,skipped,skipped,skipped,skipped,skipped,3,9
1324,Elaine DINWOODIE (Lab),Elaine STEWART (Lab),John YOUNG (Ind),skipped,skipped,skipped,skipped,skipped,skipped,skipped,3,9
1325,Elaine DINWOODIE (Lab),Elaine STEWART (Lab),John YOUNG (Ind),skipped,skipped,skipped,skipped,skipped,skipped,skipped,3,9
1326,Elaine DINWOODIE (Lab),Elaine STEWART (Lab),John YOUNG (Ind),skipped,skipped,skipped,skipped,skipped,skipped,skipped,3,9
1327,Elaine DINWOODIE (Lab),Elaine STEWART (Lab),John YOUNG (Ind),skipped,skipped,skipped,skipped,skipped,skipped,skipped,3,9
1328,Elaine DINWOODIE (Lab),Elaine STEWART (Lab),John YOUNG (Ind),skipped,skipped,skipped,skipped,skipped,skipped,skipped,3,9
1329,Elaine DINWOODIE (Lab),Elaine STEWART (Lab),John YOUNG (Ind),skipped,skipped,skipped,skipped,skipped,skipped,skipped,3,9
1330,Elaine DINWOODIE (Lab),Elaine STEWART (Lab),John YOUNG (Ind),skipped,skipped,skipped,skipped,skipped,skipped,skipped,3,9
1331,Elaine DINWOODIE (Lab),Elaine STEWART (Lab),John YOUNG (Ind),skipped,skipped,skipped,skipped,skipped,skipped,skipped,3,9
1332,Elaine DINWOODIE (Lab),Elaine STEWART (Lab),John YOUNG (Ind),skipped,skipped,skipped,skipped,skipped,skipped,skipped,3,9
1333,Elaine DINWOODIE (Lab),Elaine STEWART (Lab),John YOUNG (Ind),skipped,skipped,skipped,skipped,skipped,skipped,skipped,3,9
1334,Elaine DINWOODIE (Lab),Elaine STEWART (Lab),John YOUNG (Ind),skipped,skipped,skipped,skipped,skipped,skipped,skipped,3,9
1335,Elaine DINWOODIE (Lab),Elaine STEWART (Lab),John YOUNG (Ind),skipped,skipped,skipped,skipped,skipped,skipped,skipped,3,9
1336,Elaine DINWOODIE (Lab),Elaine STEWART (Lab),John YOUNG (Ind),skipped,skipped,skipped,skipped,skipped,skipped,skipped,3,9
1337,Elaine DINWOODIE (Lab),Elaine STEWART (Lab),John YOUNG (Ind),skipped,skipped,skipped,skipped,skipped,skipped,skipped,3,9
1338,Elaine DINWOODIE (Lab),Elaine STEWART (Lab),John YOUNG (Ind),skipped,skipped,skipped,skipped,skipped,skipped,skipped,3,9
1339,Elaine DINWOODIE (Lab),Elaine STEWART (Lab),John YOUNG (Ind),skipped,skipped,skipped,skipped,skipped,skipped,skipped,3,9
1340,Elaine DINWOODIE (Lab),Elaine STEWART (Lab),John YOUNG (Ind),skipped,skipped,skipped,skipped,skipped,skipped,skipped,3,9
1341,Elaine DINWOODIE (Lab),Elaine STEWART (Lab),John YOUNG (Ind),skipped,skipped,skipped,skipped,skipped,skipped,skipped,3,9
1342,Elaine DINWOODIE (Lab),Elaine STEWART (Lab),John YOUNG (Ind),skipped,skipped,skipped,skipped,skipped,skipped,skipped,3,9
1343,Elaine DINWOODIE (Lab),Elaine STEWART (Lab),John YOUNG (Ind),skipped,skipped,skipped,skipped,skipped,skipped,skipped,3,9
1344,Elaine DINWOODIE (Lab),Elaine STEWART (Lab),John YOUNG (Ind),Drew FILSON (Ind),skipped,skipped,skipped,skipped,skipped,skipped,3,9
1345,Elaine DINWOODIE (Lab),Elaine STEWART (Lab),John YOUNG (Ind),Drew FILSON (Ind),skipped,skipped,skipped,skipped,skipped,skipped,3,9
1346,Elaine DINWOODIE (Lab),Elaine STEWART (Lab),John YOUNG (Ind),Drew FILSON (Ind),skipped,skipped,skipped,skipped,skipped,skipped,3,9
1347,Elaine DINWOODIE (Lab),Elaine STEWART (Lab),John YOUNG (Ind),Drew FILSON (Ind),skipped,skipped,skipped,skipped,skipped,skipped,3,9
1348,Elaine DINWOODIE (Lab),Elaine STEWART (Lab),John YOUNG (Ind),Drew FILSON (Ind),skipped,skipped,skipped,skipped,skipped,skipped,3,9
1349,Elaine DINWOODIE (Lab),Elaine STEWART (Lab),John YOUNG (Ind),Drew FILSON (Ind),Mark MITCHELL (Libtn),Craig MURRAY (Grn),Alison HARPER (C),Anne FAIRLIE (SNP),John BELL (SNP),skipped,3,9
1350,Elaine DINWOODIE (Lab),Elaine STEWART (Lab),John YOUNG (Ind),Drew FILSON (Ind),Mark MITCHELL (Libtn),Craig MURRAY (Grn),Alison HARPER (C),Anne FAIRLIE (SNP),John BELL (SNP),skipped,3,9
1351,Elaine DINWOODIE (Lab),Elaine STEWART (Lab),John YOUNG (Ind),Drew FILSON (Ind),Craig MURRAY (Grn),Alison HARPER (C),skipped,skipped,skipped,skipped,3,9
1352,Elaine DINWOODIE (Lab),Elaine STEWART (Lab),John YOUNG (Ind),Alison HARPER (C),Craig MURRAY (Grn),Mark MITCHELL (Libtn),Drew FILSON (Ind),John BELL (SNP),Anne FAIRLIE (SNP),skipped,3,9
1353,Elaine DINWOODIE (Lab),Elaine STEWART (Lab),John YOUNG (Ind),Craig MURRAY (Grn),Mark MITCHELL (Libtn),Drew FILSON (Ind),John BELL (SNP),Anne FAIRLIE (SNP),Alison HARPER (C),skipped,3,9
1354,Elaine DINWOODIE (Lab),Elaine STEWART (Lab),John YOUNG (Ind),Craig MURRAY (Grn),Mark MITCHELL (Libtn),Drew FILSON (Ind),Alison HARPER (C),John BELL (SNP),Anne FAIRLIE (SNP),skipped,3,9
1355,Elaine DINWOODIE (Lab),John YOUNG (Ind),skipped,skipped,skipped,skipped,skipped,skipped,skipped,skipped,3,9
1356,Elaine DINWOODIE (Lab),John YOUNG (Ind),skipped,skipped,skipped,skipped,skipped,skipped,skipped,skipped,3,9
1357,Elaine DINWOODIE (Lab),John YOUNG (Ind),skipped,skipped,skipped,skipped,skipped,skipped,skipped,skipped,3,9
1358,Elaine DINWOODIE (Lab),John YOUNG (Ind),skipped,skipped,skipped,skipped,skipped,skipped,skipped,skipped,3,9
1359,Elaine DINWOODIE (Lab),John YOUNG (Ind),skipped,skipped,skipped,skipped,skipped,skipped,skipped,skipped,3,9
1360,Elaine DINWOODIE (Lab),John YOUNG (Ind),skipped,skipped,skipped,skipped,skipped,skipped,skipped,skipped,3,9
1361,Elaine DINWOODIE (Lab),John YOUNG (Ind),skipped,skipped,skipped,skipped,skipped,skipped,skipped,skipped,3,9
1362,Elaine DINWOODIE (Lab),John YOUNG (Ind),skipped,skipped,skipped,skipped,skipped,skipped,skipped,skipped,3,9
1363,Elaine DINWOODIE (Lab),John YOUNG (Ind),skipped,skipped,skipped,skipped,skipped,skipped,skipped,skipped,3,9
1364,Elaine DINWOODIE (Lab),John YOUNG (Ind),skipped,skipped,skipped,skipped,skipped,skipped,skipped,skipped,3,9
1365,Elaine DINWOODIE (Lab),John YOUNG (Ind),skipped,skipped,skipped,skipped,skipped,skipped,skipped,skipped,3,9
1366,Elaine DINWOODIE (Lab),John YOUNG (Ind),skipped,skipped,skipped,skipped,skipped,skipped,skipped,skipped,3,9
1367,Elaine DINWOODIE (Lab),John YOUNG (Ind),skipped,skipped,skipped,skipped,skipped,skipped,skipped,skipped,3,9
1368,Elaine DINWOODIE (Lab),John YOUNG (Ind),skipped,skipped,skipped,skipped,skipped,skipped,skipped,skipped,3,9
1369,Elaine DINWOODIE (Lab),John YOUNG (Ind),John BELL (SNP),Alison HARPER (C),Anne FAIRLIE (SNP),Drew FILSON (Ind),Elaine STEWART (Lab),skipped,skipped,skipped,3,9
1370,Elaine DINWOODIE (Lab),John YOUNG (Ind),Drew FILSON (Ind),skipped,skipped,skipped,skipped,skipped,skipped,skipped,3,9
1371,Elaine DINWOODIE (Lab),John YOUNG (Ind),Drew FILSON (Ind),skipped,skipped,skipped,skipped,skipped,skipped,skipped,3,9
1372,Elaine DINWOODIE (Lab),John YOUNG (Ind),Drew FILSON (Ind),skipped,skipped,skipped,skipped,skipped,skipped,skipped,3,9
1373,Elaine DINWOODIE (Lab),John YOUNG (Ind),Drew FILSON (Ind),skipped,skipped,skipped,skipped,skipped,skipped,skipped,3,9
1374,Elaine DINWOODIE (Lab),John YOUNG (Ind),Drew FILSON (Ind),skipped,skipped,skipped,skipped,skipped,skipped,skipped,3,9
1375,Elaine DINWOODIE (Lab),John YOUNG (Ind),Drew FILSON (Ind),skipped,skipped,skipped,skipped,skipped,skipped,skipped,3,9
1376,Elaine DINWOODIE (Lab),John YOUNG (Ind),Drew FILSON (Ind),Elaine STEWART (Lab),skipped,skipped,skipped,skipped,skipped,skipped,3,9
1377,Elaine DINWOODIE (Lab),John YOUNG (Ind),Elaine STEWART (Lab),skipped,skipped,skipped,skipped,skipped,skipped,skipped,3,9
1378,Elaine DINWOODIE (Lab),John YOUNG (Ind),Elaine STEWART (Lab),skipped,skipped,skipped,skipped,skipped,skipped,skipped,3,9
1379,Elaine DINWOODIE (Lab),John YOUNG (Ind),Elaine STEWART (Lab),skipped,skipped,skipped,skipped,skipped,skipped,skipped,3,9
1380,Elaine DINWOODIE (Lab),John YOUNG (Ind),Elaine STEWART (Lab),Anne FAIRLIE (SNP),John BELL (SNP),Drew FILSON (Ind),Craig MURRAY (Grn),Mark MITCHELL (Libtn),Alison HARPER (C),skipped,3,9
1381,Elaine DINWOODIE (Lab),John YOUNG (Ind),Elaine STEWART (Lab),Drew FILSON (Ind),skipped,skipped,skipped,skipped,skipped,skipped,3,9
1382,Elaine DINWOODIE (Lab),John YOUNG (Ind),Elaine STEWART (Lab),Drew FILSON (Ind),skipped,skipped,skipped,skipped,skipped,skipped,3,9
1383,Elaine DINWOODIE (Lab),John YOUNG (Ind),Elaine STEWART (Lab),Craig MURRAY (Grn),John BELL (SNP),Drew FILSON (Ind),skipped,skipped,skipped,skipped,3,9
1384,Anne FAIRLIE (SNP),skipped,skipped,skipped,skipped,skipped,skipped,skipped,skipped,skipped,3,9
1385,Anne FAIRLIE (SNP),skipped,skipped,skipped,skipped,skipped,skipped,skipped,skipped,skipped,3,9
1386,Anne FAIRLIE (SNP),skipped,skipped,skipped,skipped,skipped,skipped,skipped,skipped,skipped,3,9
1387,Anne FAIRLIE (SNP),skipped,skipped,skipped,skipped,skipped,skipped,skipped,skipped,skipped,3,9
1388,Anne FAIRLIE (SNP),skipped,skipped,skipped,skipped,skipped,skipped,skipped,skipped,skipped,3,9
1389,Anne FAIRLIE (SNP),skipped,skipped,skipped,skipped,skipped,skipped,skipped,skipped,skipped,3,9
1390,Anne FAIRLIE (SNP),skipped,skipped,skipped,skipped,skipped,skipped,skipped,skipped,skipped,3,9
1391,Anne FAIRLIE (SNP),skipped,skipped,skipped,skipped,skipped,skipped,skipped,skipped,skipped,3,9
1392,Anne FAIRLIE (SNP),skipped,skipped,skipped,skipped,skipped,skipped,skipped,skipped,skipped,3,9
1393,Anne FAIRLIE (SNP),skipped,skipped,skipped,skipped,skipped,skipped,skipped,skipped,skipped,3,9
1394,Anne FAIRLIE (SNP),skipped,skipped,skipped,skipped,skipped,skipped,skipped,skipped,skipped,3,9
1395,Anne FAIRLIE (SNP),skipped,skipped,skipped,skipped,skipped,skipped,skipped,skipped,skipped,3,9
1396,Anne FAIRLIE (SNP),skipped,skipped,skipped,skipped,skipped,skipped,skipped,skipped,skipped,3,9
1397,Anne FAIRLIE (SNP),skipped,skipped,skipped,skipped,skipped,skipped,skipped,skipped,skipped,3,9
1398,Anne FAIRLIE (SNP),skipped,skipped,skipped,skipped,skipped,skipped,skipped,skipped,skipped,3,9
1399,Anne FAIRLIE (SNP),skipped,skipped,skipped,skipped,skipped,skipped,skipped,skipped,skipped,3,9
1400,Anne FAIRLIE (SNP),skipped,skipped,skipped,skipped,skipped,skipped,skipped,skipped,skipped,3,9
1401,Anne FAIRLIE (SNP),skipped,skipped,skipped,skipped,skipped,skipped,skipped,skipped,skipped,3,9
1402,Anne FAIRLIE (SNP),skipped,skipped,skipped,skipped,skipped,skipped,skipped,skipped,skipped,3,9
1403,Anne FAIRLIE (SNP),skipped,skipped,skipped,skipped,skipped,skipped,skipped,skipped,skipped,3,9
1404,Anne FAIRLIE (SNP),skipped,skipped,skipped,skipped,skipped,skipped,skipped,skipped,skipped,3,9
1405,Anne FAIRLIE (SNP),skipped,skipped,skipped,skipped,skipped,skipped,skipped,skipped,skipped,3,9
1406,Anne FAIRLIE (SNP),John BELL (SNP),skipped,skipped,skipped,skipped,skipped,skipped,skipped,skipped,3,9
1407,Anne FAIRLIE (SNP),John BELL (SNP),skipped,skipped,skipped,skipped,skipped,skipped,skipped,skipped,3,9
1408,Anne FAIRLIE (SNP),John BELL (SNP),skipped,skipped,skipped,skipped,skipped,skipped,skipped,skipped,3,9
1409,Anne FAIRLIE (SNP),John BELL (SNP),skipped,skipped,skipped,skipped,skipped,skipped,skipped,skipped,3,9
1410,Anne FAIRLIE (SNP),John BELL (SNP),skipped,skipped,skipped,skipped,skipped,skipped,skipped,skipped,3,9
1411,Anne FAIRLIE (SNP),John BELL (SNP),skipped,skipped,skipped,skipped,skipped,skipped,skipped,skipped,3,9
1412,Anne FAIRLIE (SNP),John BELL (SNP),skipped,skipped,skipped,skipped,skipped,skipped,skipped,skipped,3,9
1413,Anne FAIRLIE (SNP),John BELL (SNP),skipped,skipped,skipped,skipped,skipped,skipped,skipped,skipped,3,9
1414,Anne FAIRLIE (SNP),John BELL (SNP),skipped,skipped,skipped,skipped,skipped,skipped,skipped,skipped,3,9
1415,Anne FAIRLIE (SNP),John BELL (SNP),skipped,skipped,skipped,skipped,skipped,skipped,skipped,skipped,3,9
1416,Anne FAIRLIE (SNP),John BELL (SNP),skipped,skipped,skipped,skipped,skipped,skipped,skipped,skipped,3,9
1417,Anne FAIRLIE (SNP),John BELL (SNP),skipped,skipped,skipped,skipped,skipped,skipped,skipped,skipped,3,9
1418,Anne FAIRLIE (SNP),John BELL (SNP),skipped,skipped,skipped,skipped,skipped,skipped,skipped,skipped,3,9
1419,Anne FAIRLIE (SNP),John BELL (SNP),skipped,skipped,skipped,skipped,skipped,skipped,skipped,skipped,3,9
1420,Anne FAIRLIE (SNP),John BELL (SNP),skipped,skipped,skipped,skipped,skipped,skipped,skipped,skipped,3,9
1421,Anne FAIRLIE (SNP),John BELL (SNP),skipped,skipped,skipped,skipped,skipped,skipped,skipped,skipped,3,9
1422,Anne FAIRLIE (SNP),John BELL (SNP),skipped,skipped,skipped,skipped,skipped,skipped,skipped,skipped,3,9
1423,Anne FAIRLIE (SNP),John BELL (SNP),skipped,skipped,skipped,skipped,skipped,skipped,skipped,skipped,3,9
1424,Anne FAIRLIE (SNP),John BELL (SNP),skipped,skipped,skipped,skipped,skipped,skipped,skipped,skipped,3,9
1425,Anne FAIRLIE (SNP),John BELL (SNP),skipped,skipped,skipped,skipped,skipped,skipped,skipped,skipped,3,9
1426,Anne FAIRLIE (SNP),John BELL (SNP),skipped,skipped,skipped,skipped,skipped,skipped,skipped,skipped,3,9
1427,Anne FAIRLIE (SNP),John BELL (SNP),skipped,skipped,skipped,skipped,skipped,skipped,skipped,skipped,3,9
1428,Anne FAIRLIE (SNP),John BELL (SNP),skipped,skipped,skipped,skipped,skipped,skipped,skipped,skipped,3,9
1429,Anne FAIRLIE (SNP),John BELL (SNP),skipped,skipped,skipped,skipped,skipped,skipped,skipped,skipped,3,9
1430,Anne FAIRLIE (SNP),John BELL (SNP),skipped,skipped,skipped,skipped,skipped,skipped,skipped,skipped,3,9
1431,Anne FAIRLIE (SNP),John BELL (SNP),skipped,skipped,skipped,skipped,skipped,skipped,skipped,skipped,3,9
1432,Anne FAIRLIE (SNP),John BELL (SNP),skipped,skipped,skipped,skipped,skipped,skipped,skipped,skipped,3,9
1433,Anne FAIRLIE (SNP),John BELL (SNP),skipped,skipped,skipped,skipped,skipped,skipped,skipped,skipped,3,9
1434,Anne FAIRLIE (SNP),John BELL (SNP),skipped,skipped,skipped,skipped,skipped,skipped,skipped,skipped,3,9
1435,Anne FAIRLIE (SNP),John BELL (SNP),skipped,skipped,skipped,skipped,skipped,skipped,skipped,skipped,3,9
1436,Anne FAIRLIE (SNP),John BELL (SNP),skipped,skipped,skipped,skipped,skipped,skipped,skipped,skipped,3,9
1437,Anne FAIRLIE (SNP),John BELL (SNP),skipped,skipped,skipped,skipped,skipped,skipped,skipped,skipped,3,9
1438,Anne FAIRLIE (SNP),John BELL (SNP),skipped,skipped,skipped,skipped,skipped,skipped,skipped,skipped,3,9
1439,Anne FAIRLIE (SNP),John BELL (SNP),skipped,skipped,skipped,skipped,skipped,skipped,skipped,skipped,3,9
1440,Anne FAIRLIE (SNP),John BELL (SNP),skipped,skipped,skipped,skipped,skipped,skipped,skipped,skipped,3,9
1441,Anne FAIRLIE (SNP),John BELL (SNP),skipped,skipped,skipped,skipped,skipped,skipped,skipped,skipped,3,9
1442,Anne FAIRLIE (SNP),John BELL (SNP),skipped,skipped,skipped,skipped,skipped,skipped,skipped,skipped,3,9
1443,Anne FAIRLIE (SNP),John BELL (SNP),skipped,skipped,skipped,skipped,skipped,skipped,skipped,skipped,3,9
1444,Anne FAIRLIE (SNP),John BELL (SNP),skipped,skipped,skipped,skipped,skipped,skipped,skipped,skipped,3,9
1445,Anne FAIRLIE (SNP),John BELL (SNP),skipped,skipped,skipped,skipped,skipped,skipped,skipped,skipped,3,9
1446,Anne FAIRLIE (SNP),John BELL (SNP),skipped,skipped,skipped,skipped,skipped,skipped,skipped,skipped,3,9
1447,Anne FAIRLIE (SNP),John BELL (SNP),skipped,skipped,skipped,skipped,skipped,skipped,skipped,skipped,3,9
1448,Anne FAIRLIE (SNP),John BELL (SNP),skipped,skipped,skipped,skipped,skipped,skipped,skipped,skipped,3,9
1449,Anne FAIRLIE (SNP),John BELL (SNP),skipped,skipped,skipped,skipped,skipped,skipped,skipped,skipped,3,9
1450,Anne FAIRLIE (SNP),John BELL (SNP),skipped,skipped,skipped,skipped,skipped,skipped,skipped,skipped,3,9
1451,Anne FAIRLIE (SNP),John BELL (SNP),skipped,skipped,skipped,skipped,skipped,skipped,skipped,skipped,3,9
1452,Anne FAIRLIE (SNP),John BELL (SNP),skipped,skipped,skipped,skipped,skipped,skipped,skipped,skipped,3,9
1453,Anne FAIRLIE (SNP),John BELL (SNP),skipped,skipped,skipped,skipped,skipped,skipped,skipped,skipped,3,9
1454,Anne FAIRLIE (SNP),John BELL (SNP),skipped,skipped,skipped,skipped,skipped,skipped,skipped,skipped,3,9
1455,Anne FAIRLIE (SNP),John BELL (SNP),skipped,skipped,skipped,skipped,skipped,skipped,skipped,skipped,3,9
1456,Anne FAIRLIE (SNP),John BELL (SNP),skipped,skipped,skipped,skipped,skipped,skipped,skipped,skipped,3,9
1457,Anne FAIRLIE (SNP),John BELL (SNP),skipped,skipped,skipped,skipped,skipped,skipped,skipped,skipped,3,9
1458,Anne FAIRLIE (SNP),John BELL (SNP),skipped,skipped,skipped,skipped,skipped,skipped,skipped,skipped,3,9
1459,Anne FAIRLIE (SNP),John BELL (SNP),skipped,skipped,skipped,skipped,skipped,skipped,skipped,skipped,3,9
1460,Anne FAIRLIE (SNP),John BELL (SNP),skipped,skipped,skipped,skipped,skipped,skipped,skipped,skipped,3,9
1461,Anne FAIRLIE (SNP),John BELL (SNP),skipped,skipped,skipped,skipped,skipped,skipped,skipped,skipped,3,9
1462,Anne FAIRLIE (SNP),John BELL (SNP),skipped,skipped,skipped,skipped,skipped,skipped,skipped,skipped,3,9
1463,Anne FAIRLIE (SNP),John BELL (SNP),skipped,skipped,skipped,skipped,skipped,skipped,skipped,skipped,3,9
1464,Anne FAIRLIE (SNP),John BELL (SNP),skipped,skipped,skipped,skipped,skipped,skipped,skipped,skipped,3,9
1465,Anne FAIRLIE (SNP),John BELL (SNP),skipped,skipped,skipped,skipped,skipped,skipped,skipped,skipped,3,9
1466,Anne FAIRLIE (SNP),John BELL (SNP),skipped,skipped,skipped,skipped,skipped,skipped,skipped,skipped,3,9
1467,Anne FAIRLIE (SNP),John BELL (SNP),skipped,skipped,skipped,skipped,skipped,skipped,skipped,skipped,3,9
1468,Anne FAIRLIE (SNP),John BELL (SNP),skipped,skipped,skipped,skipped,skipped,skipped,skipped,skipped,3,9
1469,Anne FAIRLIE (SNP),John BELL (SNP),skipped,skipped,skipped,skipped,skipped,skipped,skipped,skipped,3,9
1470,Anne FAIRLIE (SNP),John BELL (SNP),skipped,skipped,skipped,skipped,skipped,skipped,skipped,skipped,3,9
1471,Anne FAIRLIE (SNP),John BELL (SNP),skipped,skipped,skipped,skipped,skipped,skipped,skipped,skipped,3,9
1472,Anne FAIRLIE (SNP),John BELL (SNP),skipped,skipped,skipped,skipped,skipped,skipped,skipped,skipped,3,9
1473,Anne FAIRLIE (SNP),John BELL (SNP),skipped,skipped,skipped,skipped,skipped,skipped,skipped,skipped,3,9
1474,Anne FAIRLIE (SNP),John BELL (SNP),skipped,skipped,skipped,skipped,skipped,skipped,skipped,skipped,3,9
1475,Anne FAIRLIE (SNP),John BELL (SNP),skipped,skipped,skipped,skipped,skipped,skipped,skipped,skipped,3,9
1476,Anne FAIRLIE (SNP),John BELL (SNP),skipped,skipped,skipped,skipped,skipped,skipped,skipped,skipped,3,9
1477,Anne FAIRLIE (SNP),John BELL (SNP),skipped,skipped,skipped,skipped,skipped,skipped,skipped,skipped,3,9
1478,Anne FAIRLIE (SNP),John BELL (SNP),skipped,skipped,skipped,skipped,skipped,skipped,skipped,skipped,3,9
1479,Anne FAIRLIE (SNP),John BELL (SNP),skipped,skipped,skipped,skipped,skipped,skipped,skipped,skipped,3,9
1480,Anne FAIRLIE (SNP),John BELL (SNP),skipped,skipped,skipped,skipped,skipped,skipped,skipped,skipped,3,9
1481,Anne FAIRLIE (SNP),John BELL (SNP),skipped,skipped,skipped,skipped,skipped,skipped,skipped,skipped,3,9
1482,Anne FAIRLIE (SNP),John BELL (SNP),skipped,skipped,skipped,skipped,skipped,skipped,skipped,skipped,3,9
1483,Anne FAIRLIE (SNP),John BELL (SNP),skipped,skipped,skipped,skipped,skipped,skipped,skipped,skipped,3,9
1484,Anne FAIRLIE (SNP),John BELL (SNP),skipped,skipped,skipped,skipped,skipped,skipped,skipped,skipped,3,9
1485,Anne FAIRLIE (SNP),John BELL (SNP),skipped,skipped,skipped,skipped,skipped,skipped,skipped,skipped,3,9
1486,Anne FAIRLIE (SNP),John BELL (SNP),skipped,skipped,skipped,skipped,skipped,skipped,skipped,skipped,3,9
1487,Anne FAIRLIE (SNP),John BELL (SNP),skipped,skipped,skipped,skipped,skipped,skipped,skipped,skipped,3,9
1488,Anne FAIRLIE (SNP),John BELL (SNP),skipped,skipped,skipped,skipped,skipped,skipped,skipped,skipped,3,9
1489,Anne FAIRLIE (SNP),John BELL (SNP),skipped,skipped,skipped,skipped,skipped,skipped,skipped,skipped,3,9
1490,Anne FAIRLIE (SNP),John BELL (SNP),skipped,skipped,skipped,skipped,skipped,skipped,skipped,skipped,3,9
1491,Anne FAIRLIE (SNP),John BELL (SNP),skipped,skipped,skipped,skipped,skipped,skipped,skipped,skipped,3,9
1492,Anne FAIRLIE (SNP),John BELL (SNP),skipped,skipped,skipped,skipped,skipped,skipped,skipped,skipped,3,9
1493,Anne FAIRLIE (SNP),John BELL (SNP),skipped,skipped,skipped,skipped,skipped,skipped,skipped,skipped,3,9
1494,Anne FAIRLIE (SNP),John BELL (SNP),skipped,skipped,skipped,skipped,skipped,skipped,skipped,skipped,3,9
1495,Anne FAIRLIE (SNP),John BELL (SNP),skipped,skipped,skipped,skipped,skipped,skipped,skipped,skipped,3,9
1496,Anne FAIRLIE (SNP),John BELL (SNP),skipped,skipped,skipped,skipped,skipped,skipped,skipped,skipped,3,9
1497,Anne FAIRLIE (SNP),John BELL (SNP),skipped,skipped,skipped,skipped,skipped,skipped,skipped,skipped,3,9
1498,Anne FAIRLIE (SNP),John BELL (SNP),skipped,skipped,skipped,skipped,skipped,skipped,skipped,skipped,3,9
1499,Anne FAIRLIE (SNP),John BELL (SNP),skipped,skipped,skipped,skipped,skipped,skipped,skipped,skipped,3,9
1500,Anne FAIRLIE (SNP),John BELL (SNP),skipped,skipped,skipped,skipped,skipped,skipped,skipped,skipped,3,9
1501,Anne FAIRLIE (SNP),John BELL (SNP),skipped,skipped,skipped,skipped,skipped,skipped,skipped,skipped,3,9
1502,Anne FAIRLIE (SNP),John BELL (SNP),skipped,skipped,skipped,skipped,skipped,skipped,skipped,skipped,3,9
1503,Anne FAIRLIE (SNP),John BELL (SNP),skipped,skipped,skipped,skipped,skipped,skipped,skipped,skipped,3,9
1504,Anne FAIRLIE (SNP),John BELL (SNP),skipped,skipped,skipped,skipped,skipped,skipped,skipped,skipped,3,9
1505,Anne FAIRLIE (SNP),John BELL (SNP),skipped,skipped,skipped,skipped,skipped,skipped,skipped,skipped,3,9
1506,Anne FAIRLIE (SNP),John BELL (SNP),skipped,skipped,skipped,skipped,skipped,skipped,skipped,skipped,3,9
1507,Anne FAIRLIE (SNP),John BELL (SNP),skipped,skipped,skipped,skipped,skipped,skipped,skipped,skipped,3,9
1508,Anne FAIRLIE (SNP),John BELL (SNP),skipped,skipped,skipped,skipped,skipped,skipped,skipped,skipped,3,9
1509,Anne FAIRLIE (SNP),John BELL (SNP),skipped,skipped,skipped,skipped,skipped,skipped,skipped,skipped,3,9
1510,Anne FAIRLIE (SNP),John BELL (SNP),skipped,skipped,skipped,skipped,skipped,skipped,skipped,skipped,3,9
1511,Anne FAIRLIE (SNP),John BELL (SNP),skipped,skipped,skipped,skipped,skipped,skipped,skipped,skipped,3,9
1512,Anne FAIRLIE (SNP),John BELL (SNP),skipped,skipped,skipped,skipped,skipped,skipped,skipped,skipped,3,9
1513,Anne FAIRLIE (SNP),John BELL (SNP),skipped,skipped,skipped,skipped,skipped,skipped,skipped,skipped,3,9
1514,Anne FAIRLIE (SNP),John BELL (SNP),skipped,skipped,skipped,skipped,skipped,skipped,skipped,skipped,3,9
1515,Anne FAIRLIE (SNP),John BELL (SNP),skipped,skipped,skipped,skipped,skipped,skipped,skipped,skipped,3,9
1516,Anne FAIRLIE (SNP),John BELL (SNP),skipped,skipped,skipped,skipped,skipped,skipped,skipped,skipped,3,9
1517,Anne FAIRLIE (SNP),John BELL (SNP),skipped,skipped,skipped,skipped,skipped,skipped,skipped,skipped,3,9
1518,Anne FAIRLIE (SNP),John BELL (SNP),skipped,skipped,skipped,skipped,skipped,skipped,skipped,skipped,3,9
1519,Anne FAIRLIE (SNP),John BELL (SNP),skipped,skipped,skipped,skipped,skipped,skipped,skipped,skipped,3,9
1520,Anne FAIRLIE (SNP),John BELL (SNP),skipped,skipped,skipped,skipped,skipped,skipped,skipped,skipped,3,9
1521,Anne FAIRLIE (SNP),John BELL (SNP),skipped,skipped,skipped,skipped,skipped,skipped,skipped,skipped,3,9
1522,Anne FAIRLIE (SNP),John BELL (SNP),skipped,skipped,skipped,skipped,skipped,skipped,skipped,skipped,3,9
1523,Anne FAIRLIE (SNP),John BELL (SNP),skipped,skipped,skipped,skipped,skipped,skipped,skipped,skipped,3,9
1524,Anne FAIRLIE (SNP),John BELL (SNP),skipped,skipped,skipped,skipped,skipped,skipped,skipped,skipped,3,9
1525,Anne FAIRLIE (SNP),John BELL (SNP),skipped,skipped,skipped,skipped,skipped,skipped,skipped,skipped,3,9
1526,Anne FAIRLIE (SNP),John BELL (SNP),skipped,skipped,skipped,skipped,skipped,skipped,skipped,skipped,3,9
1527,Anne FAIRLIE (SNP),John BELL (SNP),skipped,skipped,skipped,skipped,skipped,skipped,skipped,skipped,3,9
1528,Anne FAIRLIE (SNP),John BELL (SNP),skipped,skipped,skipped,skipped,skipped,skipped,skipped,skipped,3,9
1529,Anne FAIRLIE (SNP),John BELL (SNP),skipped,skipped,skipped,skipped,skipped,skipped,skipped,skipped,3,9
1530,Anne FAIRLIE (SNP),John BELL (SNP),skipped,skipped,skipped,skipped,skipped,skipped,skipped,skipped,3,9
1531,Anne FAIRLIE (SNP),John BELL (SNP),Elaine DINWOODIE (Lab),skipped,skipped,skipped,skipped,skipped,skipped,skipped,3,9
1532,Anne FAIRLIE (SNP),John BELL (SNP),Elaine DINWOODIE (Lab),skipped,skipped,skipped,skipped,skipped,skipped,skipped,3,9
1533,Anne FAIRLIE (SNP),John BELL (SNP),Elaine DINWOODIE (Lab),skipped,skipped,skipped,skipped,skipped,skipped,skipped,3,9
1534,Anne FAIRLIE (SNP),John BELL (SNP),Elaine DINWOODIE (Lab),skipped,skipped,skipped,skipped,skipped,skipped,skipped,3,9
1535,Anne FAIRLIE (SNP),John BELL (SNP),Elaine DINWOODIE (Lab),skipped,skipped,skipped,skipped,skipped,skipped,skipped,3,9
1536,Anne FAIRLIE (SNP),John BELL (SNP),Elaine DINWOODIE (Lab),skipped,skipped,skipped,skipped,skipped,skipped,skipped,3,9
1537,Anne FAIRLIE (SNP),John BELL (SNP),Elaine DINWOODIE (Lab),skipped,skipped,skipped,skipped,skipped,skipped,skipped,3,9
1538,Anne FAIRLIE (SNP),John BELL (SNP),Elaine DINWOODIE (Lab),skipped,skipped,skipped,skipped,skipped,skipped,skipped,3,9
1539,Anne FAIRLIE (SNP),John BELL (SNP),Elaine DINWOODIE (Lab),skipped,skipped,skipped,skipped,skipped,skipped,skipped,3,9
1540,Anne FAIRLIE (SNP),John BELL (SNP),Elaine DINWOODIE (Lab),skipped,skipped,skipped,skipped,skipped,skipped,skipped,3,9
1541,Anne FAIRLIE (SNP),John BELL (SNP),Elaine DINWOODIE (Lab),skipped,skipped,skipped,skipped,skipped,skipped,skipped,3,9
1542,Anne FAIRLIE (SNP),John BELL (SNP),Elaine DINWOODIE (Lab),skipped,skipped,skipped,skipped,skipped,skipped,skipped,3,9
1543,Anne FAIRLIE (SNP),John BELL (SNP),Elaine DINWOODIE (Lab),skipped,skipped,skipped,skipped,skipped,skipped,skipped,3,9
1544,Anne FAIRLIE (SNP),John BELL (SNP),Elaine DINWOODIE (Lab),skipped,skipped,skipped,skipped,skipped,skipped,skipped,3,9
1545,Anne FAIRLIE (SNP),John BELL (SNP),Elaine DINWOODIE (Lab),skipped,skipped,skipped,skipped,skipped,skipped,skipped,3,9
1546,Anne FAIRLIE (SNP),John BELL (SNP),Elaine DINWOODIE (Lab),Drew FILSON (Ind),Mark MITCHELL (Libtn),Craig MURRAY (Grn),Elaine STEWART (Lab),John YOUNG (Ind),Alison HARPER (C),skipped,3,9
1547,Anne FAIRLIE (SNP),John BELL (SNP),Elaine DINWOODIE (Lab),Mark MITCHELL (Libtn),skipped,skipped,skipped,skipped,skipped,skipped,3,9
1548,Anne FAIRLIE (SNP),John BELL (SNP),Elaine DINWOODIE (Lab),Craig MURRAY (Grn),skipped,skipped,skipped,skipped,skipped,skipped,3,9
1549,Anne FAIRLIE (SNP),John BELL (SNP),Elaine DINWOODIE (Lab),Craig MURRAY (Grn),skipped,skipped,skipped,skipped,skipped,skipped,3,9
1550,Anne FAIRLIE (SNP),John BELL (SNP),Elaine DINWOODIE (Lab),Elaine STEWART (Lab),skipped,skipped,skipped,skipped,skipped,skipped,3,9
1551,Anne FAIRLIE (SNP),John BELL (SNP),Elaine DINWOODIE (Lab),Elaine STEWART (Lab),skipped,skipped,skipped,skipped,skipped,skipped,3,9
1552,Anne FAIRLIE (SNP),John BELL (SNP),Elaine DINWOODIE (Lab),Elaine STEWART (Lab),skipped,skipped,skipped,skipped,skipped,skipped,3,9
1553,Anne FAIRLIE (SNP),John BELL (SNP),Elaine DINWOODIE (Lab),Elaine STEWART (Lab),skipped,skipped,skipped,skipped,skipped,skipped,3,9
1554,Anne FAIRLIE (SNP),John BELL (SNP),Elaine DINWOODIE (Lab),Elaine STEWART (Lab),skipped,skipped,skipped,skipped,skipped,skipped,3,9
1555,Anne FAIRLIE (SNP),John BELL (SNP),Elaine DINWOODIE (Lab),Elaine STEWART (Lab),skipped,skipped,skipped,skipped,skipped,skipped,3,9
1556,Anne FAIRLIE (SNP),John BELL (SNP),Elaine DINWOODIE (Lab),Elaine STEWART (Lab),skipped,skipped,skipped,skipped,skipped,skipped,3,9
1557,Anne FAIRLIE (SNP),John BELL (SNP),Elaine DINWOODIE (Lab),Elaine STEWART (Lab),skipped,skipped,skipped,skipped,skipped,skipped,3,9
1558,Anne FAIRLIE (SNP),John BELL (SNP),Elaine DINWOODIE (Lab),Elaine STEWART (Lab),Drew FILSON (Ind),John YOUNG (Ind),Craig MURRAY (Grn),Alison HARPER (C),Mark MITCHELL (Libtn),skipped,3,9
1559,Anne FAIRLIE (SNP),John BELL (SNP),Elaine DINWOODIE (Lab),Elaine STEWART (Lab),Drew FILSON (Ind),John YOUNG (Ind),Craig MURRAY (Grn),Alison HARPER (C),Mark MITCHELL (Libtn),skipped,3,9
1560,Anne FAIRLIE (SNP),John BELL (SNP),Elaine DINWOODIE (Lab),Elaine STEWART (Lab),Drew FILSON (Ind),John YOUNG (Ind),Craig MURRAY (Grn),Alison HARPER (C),Mark MITCHELL (Libtn),skipped,3,9
1561,Anne FAIRLIE (SNP),John BELL (SNP),Elaine DINWOODIE (Lab),Elaine STEWART (Lab),John YOUNG (Ind),Craig MURRAY (Grn),Drew FILSON (Ind),Mark MITCHELL (Libtn),Alison HARPER (C),skipped,3,9
1562,Anne FAIRLIE (SNP),John BELL (SNP),Elaine DINWOODIE (Lab),John YOUNG (Ind),skipped,skipped,skipped,skipped,skipped,skipped,3,9
1563,Anne FAIRLIE (SNP),John BELL (SNP),Elaine DINWOODIE (Lab),John YOUNG (Ind),skipped,skipped,skipped,skipped,skipped,skipped,3,9
1564,Anne FAIRLIE (SNP),John BELL (SNP),Elaine DINWOODIE (Lab),John YOUNG (Ind),Alison HARPER (C),Craig MURRAY (Grn),Elaine STEWART (Lab),Mark MITCHELL (Libtn),Drew FILSON (Ind),skipped,3,9
1565,Anne FAIRLIE (SNP),John BELL (SNP),Drew FILSON (Ind),skipped,skipped,skipped,skipped,skipped,skipped,skipped,3,9
1566,Anne FAIRLIE (SNP),John BELL (SNP),Drew FILSON (Ind),skipped,skipped,skipped,skipped,skipped,skipped,skipped,3,9
1567,Anne FAIRLIE (SNP),John BELL (SNP),Drew FILSON (Ind),skipped,skipped,skipped,skipped,skipped,skipped,skipped,3,9
1568,Anne FAIRLIE (SNP),John BELL (SNP),Drew FILSON (Ind),skipped,skipped,skipped,skipped,skipped,skipped,skipped,3,9
1569,Anne FAIRLIE (SNP),John BELL (SNP),Drew FILSON (Ind),skipped,skipped,skipped,skipped,skipped,skipped,skipped,3,9
1570,Anne FAIRLIE (SNP),John BELL (SNP),Drew FILSON (Ind),skipped,skipped,skipped,skipped,skipped,skipped,skipped,3,9
1571,Anne FAIRLIE (SNP),John BELL (SNP),Drew FILSON (Ind),skipped,skipped,skipped,skipped,skipped,skipped,skipped,3,9
1572,Anne FAIRLIE (SNP),John BELL (SNP),Drew FILSON (Ind),skipped,skipped,skipped,skipped,skipped,skipped,skipped,3,9
1573,Anne FAIRLIE (SNP),John BELL (SNP),Drew FILSON (Ind),skipped,skipped,skipped,skipped,skipped,skipped,skipped,3,9
1574,Anne FAIRLIE (SNP),John BELL (SNP),Drew FILSON (Ind),skipped,skipped,skipped,skipped,skipped,skipped,skipped,3,9
1575,Anne FAIRLIE (SNP),John BELL (SNP),Drew FILSON (Ind),skipped,skipped,skipped,skipped,skipped,skipped,skipped,3,9
1576,Anne FAIRLIE (SNP),John BELL (SNP),Drew FILSON (Ind),skipped,skipped,skipped,skipped,skipped,skipped,skipped,3,9
1577,Anne FAIRLIE (SNP),John BELL (SNP),Drew FILSON (Ind),skipped,skipped,skipped,skipped,skipped,skipped,skipped,3,9
1578,Anne FAIRLIE (SNP),John BELL (SNP),Drew FILSON (Ind),skipped,skipped,skipped,skipped,skipped,skipped,skipped,3,9
1579,Anne FAIRLIE (SNP),John BELL (SNP),Drew FILSON (Ind),skipped,skipped,skipped,skipped,skipped,skipped,skipped,3,9
1580,Anne FAIRLIE (SNP),John BELL (SNP),Drew FILSON (Ind),skipped,skipped,skipped,skipped,skipped,skipped,skipped,3,9
1581,Anne FAIRLIE (SNP),John BELL (SNP),Drew FILSON (Ind),skipped,skipped,skipped,skipped,skipped,skipped,skipped,3,9
1582,Anne FAIRLIE (SNP),John BELL (SNP),Drew FILSON (Ind),Elaine DINWOODIE (Lab),Alison HARPER (C),Mark MITCHELL (Libtn),Craig MURRAY (Grn),Elaine STEWART (Lab),John YOUNG (Ind),skipped,3,9
1583,Anne FAIRLIE (SNP),John BELL (SNP),Drew FILSON (Ind),Elaine DINWOODIE (Lab),Alison HARPER (C),Craig MURRAY (Grn),John YOUNG (Ind),Mark MITCHELL (Libtn),Elaine STEWART (Lab),skipped,3,9
1584,Anne FAIRLIE (SNP),John BELL (SNP),Drew FILSON (Ind),Elaine DINWOODIE (Lab),Elaine STEWART (Lab),John YOUNG (Ind),Craig MURRAY (Grn),Mark MITCHELL (Libtn),Alison HARPER (C),skipped,3,9
1585,Anne FAIRLIE (SNP),John BELL (SNP),Drew FILSON (Ind),Alison HARPER (C),Craig MURRAY (Grn),Elaine STEWART (Lab),John YOUNG (Ind),Mark MITCHELL (Libtn),Elaine DINWOODIE (Lab),skipped,3,9
1586,Anne FAIRLIE (SNP),John BELL (SNP),Drew FILSON (Ind),Craig MURRAY (Grn),skipped,skipped,skipped,skipped,skipped,skipped,3,9
1587,Anne FAIRLIE (SNP),John BELL (SNP),Drew FILSON (Ind),Craig MURRAY (Grn),Elaine DINWOODIE (Lab),skipped,skipped,skipped,skipped,skipped,3,9
1588,Anne FAIRLIE (SNP),John BELL (SNP),Drew FILSON (Ind),Craig MURRAY (Grn),Mark MITCHELL (Libtn),Elaine DINWOODIE (Lab),John YOUNG (Ind),Elaine STEWART (Lab),Alison HARPER (C),skipped,3,9
1589,Anne FAIRLIE (SNP),John BELL (SNP),Drew FILSON (Ind),Craig MURRAY (Grn),John YOUNG (Ind),skipped,skipped,skipped,skipped,skipped,3,9
1590,Anne FAIRLIE (SNP),John BELL (SNP),Drew FILSON (Ind),Craig MURRAY (Grn),John YOUNG (Ind),Alison HARPER (C),Mark MITCHELL (Libtn),Elaine DINWOODIE (Lab),Elaine STEWART (Lab),skipped,3,9
1591,Anne FAIRLIE (SNP),John BELL (SNP),Drew FILSON (Ind),Craig MURRAY (Grn),John YOUNG (Ind),Mark MITCHELL (Libtn),Elaine DINWOODIE (Lab),Elaine STEWART (Lab),Alison HARPER (C),skipped,3,9
1592,Anne FAIRLIE (SNP),John BELL (SNP),Drew FILSON (Ind),Craig MURRAY (Grn),John YOUNG (Ind),Mark MITCHELL (Libtn),Elaine STEWART (Lab),Elaine DINWOODIE (Lab),Alison HARPER (C),skipped,3,9
1593,Anne FAIRLIE (SNP),John BELL (SNP),Drew FILSON (Ind),John YOUNG (Ind),Craig MURRAY (Grn),skipped,skipped,skipped,skipped,skipped,3,9
1594,Anne FAIRLIE (SNP),John BELL (SNP),Drew FILSON (Ind),John YOUNG (Ind),Craig MURRAY (Grn),Mark MITCHELL (Libtn),Alison HARPER (C),Elaine STEWART (Lab),Elaine DINWOODIE (Lab),skipped,3,9
1595,Anne FAIRLIE (SNP),John BELL (SNP),Drew FILSON (Ind),John YOUNG (Ind),Craig MURRAY (Grn),Elaine STEWART (Lab),Elaine DINWOODIE (Lab),Mark MITCHELL (Libtn),Alison HARPER (C),skipped,3,9
1596,Anne FAIRLIE (SNP),John BELL (SNP),Drew FILSON (Ind),John YOUNG (Ind),Craig MURRAY (Grn),Elaine STEWART (Lab),Elaine DINWOODIE (Lab),Mark MITCHELL (Libtn),Alison HARPER (C),skipped,3,9
1597,Anne FAIRLIE (SNP),John BELL (SNP),Alison HARPER (C),skipped,skipped,skipped,skipped,skipped,skipped,skipped,3,9
1598,Anne FAIRLIE (SNP),John BELL (SNP),Alison HARPER (C),skipped,skipped,skipped,skipped,skipped,skipped,skipped,3,9
1599,Anne FAIRLIE (SNP),John BELL (SNP),Alison HARPER (C),skipped,skipped,skipped,skipped,skipped,skipped,skipped,3,9
1600,Anne FAIRLIE (SNP),John BELL (SNP),Alison HARPER (C),skipped,skipped,skipped,skipped,skipped,skipped,skipped,3,9
1601,Anne FAIRLIE (SNP),John BELL (SNP),Alison HARPER (C),skipped,skipped,skipped,skipped,skipped,skipped,skipped,3,9
1602,Anne FAIRLIE (SNP),John BELL (SNP),Alison HARPER (C),Drew FILSON (Ind),Mark MITCHELL (Libtn),Craig MURRAY (Grn),Elaine STEWART (Lab),John YOUNG (Ind),Elaine DINWOODIE (Lab),skipped,3,9
1603,Anne FAIRLIE (SNP),John BELL (SNP),Alison HARPER (C),Craig MURRAY (Grn),Drew FILSON (Ind),Elaine DINWOODIE (Lab),Elaine STEWART (Lab),John YOUNG (Ind),Mark MITCHELL (Libtn),skipped,3,9
1604,Anne FAIRLIE (SNP),John BELL (SNP),Alison HARPER (C),Elaine STEWART (Lab),Elaine DINWOODIE (Lab),Mark MITCHELL (Libtn),Craig MURRAY (Grn),John YOUNG (Ind),Drew FILSON (Ind),skipped,3,9
1605,Anne FAIRLIE (SNP),John BELL (SNP),Mark MITCHELL (Libtn),Craig MURRAY (Grn),John YOUNG (Ind),skipped,skipped,skipped,skipped,skipped,3,9
1606,Anne FAIRLIE (SNP),John BELL (SNP),Craig MURRAY (Grn),skipped,skipped,skipped,skipped,skipped,skipped,skipped,3,9
1607,Anne FAIRLIE (SNP),John BELL (SNP),Craig MURRAY (Grn),skipped,skipped,skipped,skipped,skipped,skipped,skipped,3,9
1608,Anne FAIRLIE (SNP),John BELL (SNP),Craig MURRAY (Grn),skipped,skipped,skipped,skipped,skipped,skipped,skipped,3,9
1609,Anne FAIRLIE (SNP),John BELL (SNP),Craig MURRAY (Grn),skipped,skipped,skipped,skipped,skipped,skipped,skipped,3,9
1610,Anne FAIRLIE (SNP),John BELL (SNP),Craig MURRAY (Grn),skipped,skipped,skipped,skipped,skipped,skipped,skipped,3,9
1611,Anne FAIRLIE (SNP),John BELL (SNP),Craig MURRAY (Grn),skipped,skipped,skipped,skipped,skipped,skipped,skipped,3,9
1612,Anne FAIRLIE (SNP),John BELL (SNP),Craig MURRAY (Grn),skipped,skipped,skipped,skipped,skipped,skipped,skipped,3,9
1613,Anne FAIRLIE (SNP),John BELL (SNP),Craig MURRAY (Grn),skipped,skipped,skipped,skipped,skipped,skipped,skipped,3,9
1614,Anne FAIRLIE (SNP),John BELL (SNP),Craig MURRAY (Grn),skipped,skipped,skipped,skipped,skipped,skipped,skipped,3,9
1615,Anne FAIRLIE (SNP),John BELL (SNP),Craig MURRAY (Grn),skipped,skipped,skipped,skipped,skipped,skipped,skipped,3,9
1616,Anne FAIRLIE (SNP),John BELL (SNP),Craig MURRAY (Grn),skipped,skipped,skipped,skipped,skipped,skipped,skipped,3,9
1617,Anne FAIRLIE (SNP),John BELL (SNP),Craig MURRAY (Grn),skipped,skipped,skipped,skipped,skipped,skipped,skipped,3,9
1618,Anne FAIRLIE (SNP),John BELL (SNP),Craig MURRAY (Grn),skipped,skipped,skipped,skipped,skipped,skipped,skipped,3,9
1619,Anne FAIRLIE (SNP),John BELL (SNP),Craig MURRAY (Grn),skipped,skipped,skipped,skipped,skipped,skipped,skipped,3,9
1620,Anne FAIRLIE (SNP),John BELL (SNP),Craig MURRAY (Grn),skipped,skipped,skipped,skipped,skipped,skipped,skipped,3,9
1621,Anne FAIRLIE (SNP),John BELL (SNP),Craig MURRAY (Grn),skipped,skipped,skipped,skipped,skipped,skipped,skipped,3,9
1622,Anne FAIRLIE (SNP),John BELL (SNP),Craig MURRAY (Grn),skipped,skipped,skipped,skipped,skipped,skipped,skipped,3,9
1623,Anne FAIRLIE (SNP),John BELL (SNP),Craig MURRAY (Grn),skipped,skipped,skipped,skipped,skipped,skipped,skipped,3,9
1624,Anne FAIRLIE (SNP),John BELL (SNP),Craig MURRAY (Grn),skipped,skipped,skipped,skipped,skipped,skipped,skipped,3,9
1625,Anne FAIRLIE (SNP),John BELL (SNP),Craig MURRAY (Grn),skipped,skipped,skipped,skipped,skipped,skipped,skipped,3,9
1626,Anne FAIRLIE (SNP),John BELL (SNP),Craig MURRAY (Grn),skipped,skipped,skipped,skipped,skipped,skipped,skipped,3,9
1627,Anne FAIRLIE (SNP),John BELL (SNP),Craig MURRAY (Grn),skipped,skipped,skipped,skipped,skipped,skipped,skipped,3,9
1628,Anne FAIRLIE (SNP),John BELL (SNP),Craig MURRAY (Grn),skipped,skipped,skipped,skipped,skipped,skipped,skipped,3,9
1629,Anne FAIRLIE (SNP),John BELL (SNP),Craig MURRAY (Grn),skipped,skipped,skipped,skipped,skipped,skipped,skipped,3,9
1630,Anne FAIRLIE (SNP),John BELL (SNP),Craig MURRAY (Grn),skipped,skipped,skipped,skipped,skipped,skipped,skipped,3,9
1631,Anne FAIRLIE (SNP),John BELL (SNP),Craig MURRAY (Grn),skipped,skipped,skipped,skipped,skipped,skipped,skipped,3,9
1632,Anne FAIRLIE (SNP),John BELL (SNP),Craig MURRAY (Grn),skipped,skipped,skipped,skipped,skipped,skipped,skipped,3,9
1633,Anne FAIRLIE (SNP),John BELL (SNP),Craig MURRAY (Grn),skipped,skipped,skipped,skipped,skipped,skipped,skipped,3,9
1634,Anne FAIRLIE (SNP),John BELL (SNP),Craig MURRAY (Grn),skipped,skipped,skipped,skipped,skipped,skipped,skipped,3,9
1635,Anne FAIRLIE (SNP),John BELL (SNP),Craig MURRAY (Grn),skipped,skipped,skipped,skipped,skipped,skipped,skipped,3,9
1636,Anne FAIRLIE (SNP),John BELL (SNP),Craig MURRAY (Grn),skipped,skipped,skipped,skipped,skipped,skipped,skipped,3,9
1637,Anne FAIRLIE (SNP),John BELL (SNP),Craig MURRAY (Grn),skipped,skipped,skipped,skipped,skipped,skipped,skipped,3,9
1638,Anne FAIRLIE (SNP),John BELL (SNP),Craig MURRAY (Grn),skipped,skipped,skipped,skipped,skipped,skipped,skipped,3,9
1639,Anne FAIRLIE (SNP),John BELL (SNP),Craig MURRAY (Grn),skipped,skipped,skipped,skipped,skipped,skipped,skipped,3,9
1640,Anne FAIRLIE (SNP),John BELL (SNP),Craig MURRAY (Grn),skipped,skipped,skipped,skipped,skipped,skipped,skipped,3,9
1641,Anne FAIRLIE (SNP),John BELL (SNP),Craig MURRAY (Grn),skipped,skipped,skipped,skipped,skipped,skipped,skipped,3,9
1642,Anne FAIRLIE (SNP),John BELL (SNP),Craig MURRAY (Grn),skipped,skipped,skipped,skipped,skipped,skipped,skipped,3,9
1643,Anne FAIRLIE (SNP),John BELL (SNP),Craig MURRAY (Grn),skipped,skipped,skipped,skipped,skipped,skipped,skipped,3,9
1644,Anne FAIRLIE (SNP),John BELL (SNP),Craig MURRAY (Grn),skipped,skipped,skipped,skipped,skipped,skipped,skipped,3,9
1645,Anne FAIRLIE (SNP),John BELL (SNP),Craig MURRAY (Grn),skipped,skipped,skipped,skipped,skipped,skipped,skipped,3,9
1646,Anne FAIRLIE (SNP),John BELL (SNP),Craig MURRAY (Grn),skipped,skipped,skipped,skipped,skipped,skipped,skipped,3,9
1647,Anne FAIRLIE (SNP),John BELL (SNP),Craig MURRAY (Grn),skipped,skipped,skipped,skipped,skipped,skipped,skipped,3,9
1648,Anne FAIRLIE (SNP),John BELL (SNP),Craig MURRAY (Grn),skipped,skipped,skipped,skipped,skipped,skipped,skipped,3,9
1649,Anne FAIRLIE (SNP),John BELL (SNP),Craig MURRAY (Grn),Elaine DINWOODIE (Lab),Elaine STEWART (Lab),Alison HARPER (C),Drew FILSON (Ind),John YOUNG (Ind),Mark MITCHELL (Libtn),skipped,3,9
1650,Anne FAIRLIE (SNP),John BELL (SNP),Craig MURRAY (Grn),Drew FILSON (Ind),Elaine DINWOODIE (Lab),skipped,skipped,skipped,skipped,skipped,3,9
1651,Anne FAIRLIE (SNP),John BELL (SNP),Craig MURRAY (Grn),Drew FILSON (Ind),Elaine DINWOODIE (Lab),Mark MITCHELL (Libtn),John YOUNG (Ind),Elaine STEWART (Lab),Alison HARPER (C),skipped,3,9
1652,Anne FAIRLIE (SNP),John BELL (SNP),Craig MURRAY (Grn),Drew FILSON (Ind),Elaine DINWOODIE (Lab),Mark MITCHELL (Libtn),John YOUNG (Ind),Elaine STEWART (Lab),Alison HARPER (C),skipped,3,9
1653,Anne FAIRLIE (SNP),John BELL (SNP),Craig MURRAY (Grn),Drew FILSON (Ind),Alison HARPER (C),skipped,skipped,skipped,skipped,skipped,3,9
1654,Anne FAIRLIE (SNP),John BELL (SNP),Craig MURRAY (Grn),Drew FILSON (Ind),Mark MITCHELL (Libtn),Elaine DINWOODIE (Lab),Alison HARPER (C),Elaine STEWART (Lab),John YOUNG (Ind),skipped,3,9
1655,Anne FAIRLIE (SNP),John BELL (SNP),Craig MURRAY (Grn),Drew FILSON (Ind),Mark MITCHELL (Libtn),Elaine STEWART (Lab),Elaine DINWOODIE (Lab),John YOUNG (Ind),Alison HARPER (C),skipped,3,9
1656,Anne FAIRLIE (SNP),John BELL (SNP),Craig MURRAY (Grn),Drew FILSON (Ind),Mark MITCHELL (Libtn),Elaine STEWART (Lab),John YOUNG (Ind),Elaine DINWOODIE (Lab),Alison HARPER (C),skipped,3,9
1657,Anne FAIRLIE (SNP),John BELL (SNP),Craig MURRAY (Grn),Drew FILSON (Ind),Mark MITCHELL (Libtn),John YOUNG (Ind),Elaine STEWART (Lab),Alison HARPER (C),Elaine DINWOODIE (Lab),skipped,3,9
1658,Anne FAIRLIE (SNP),John BELL (SNP),Craig MURRAY (Grn),Drew FILSON (Ind),Elaine STEWART (Lab),Mark MITCHELL (Libtn),Elaine DINWOODIE (Lab),John YOUNG (Ind),Alison HARPER (C),skipped,3,9
1659,Anne FAIRLIE (SNP),John BELL (SNP),Craig MURRAY (Grn),Drew FILSON (Ind),John YOUNG (Ind),skipped,skipped,skipped,skipped,skipped,3,9
1660,Anne FAIRLIE (SNP),John BELL (SNP),Craig MURRAY (Grn),Drew FILSON (Ind),John YOUNG (Ind),skipped,skipped,skipped,skipped,skipped,3,9
1661,Anne FAIRLIE (SNP),John BELL (SNP),Craig MURRAY (Grn),Drew FILSON (Ind),John YOUNG (Ind),Elaine DINWOODIE (Lab),Elaine STEWART (Lab),Mark MITCHELL (Libtn),Alison HARPER (C),skipped,3,9
1662,Anne FAIRLIE (SNP),John BELL (SNP),Craig MURRAY (Grn),Drew FILSON (Ind),John YOUNG (Ind),Alison HARPER (C),Elaine DINWOODIE (Lab),Elaine STEWART (Lab),Mark MITCHELL (Libtn),skipped,3,9
1663,Anne FAIRLIE (SNP),John BELL (SNP),Craig MURRAY (Grn),Drew FILSON (Ind),John YOUNG (Ind),Mark MITCHELL (Libtn),Elaine DINWOODIE (Lab),Alison HARPER (C),Elaine STEWART (Lab),skipped,3,9
1664,Anne FAIRLIE (SNP),John BELL (SNP),Craig MURRAY (Grn),Drew FILSON (Ind),John YOUNG (Ind),Mark MITCHELL (Libtn),Alison HARPER (C),Elaine DINWOODIE (Lab),Elaine STEWART (Lab),skipped,3,9
1665,Anne FAIRLIE (SNP),John BELL (SNP),Craig MURRAY (Grn),Drew FILSON (Ind),John YOUNG (Ind),Mark MITCHELL (Libtn),Elaine STEWART (Lab),Elaine DINWOODIE (Lab),Alison HARPER (C),skipped,3,9
1666,Anne FAIRLIE (SNP),John BELL (SNP),Craig MURRAY (Grn),Drew FILSON (Ind),John YOUNG (Ind),Mark MITCHELL (Libtn),Elaine STEWART (Lab),Elaine DINWOODIE (Lab),Alison HARPER (C),skipped,3,9
1667,Anne FAIRLIE (SNP),John BELL (SNP),Craig MURRAY (Grn),Drew FILSON (Ind),John YOUNG (Ind),Mark MITCHELL (Libtn),Elaine STEWART (Lab),Elaine DINWOODIE (Lab),Alison HARPER (C),skipped,3,9
1668,Anne FAIRLIE (SNP),John BELL (SNP),Craig MURRAY (Grn),Drew FILSON (Ind),John YOUNG (Ind),Mark MITCHELL (Libtn),Elaine STEWART (Lab),Elaine DINWOODIE (Lab),Alison HARPER (C),skipped,3,9
1669,Anne FAIRLIE (SNP),John BELL (SNP),Craig MURRAY (Grn),Drew FILSON (Ind),John YOUNG (Ind),Elaine STEWART (Lab),Elaine DINWOODIE (Lab),skipped,skipped,skipped,3,9
1670,Anne FAIRLIE (SNP),John BELL (SNP),Craig MURRAY (Grn),Drew FILSON (Ind),John YOUNG (Ind),Elaine STEWART (Lab),Elaine DINWOODIE (Lab),Mark MITCHELL (Libtn),Alison HARPER (C),skipped,3,9
1671,Anne FAIRLIE (SNP),John BELL (SNP),Craig MURRAY (Grn),Drew FILSON (Ind),John YOUNG (Ind),Elaine STEWART (Lab),Elaine DINWOODIE (Lab),Mark MITCHELL (Libtn),Alison HARPER (C),skipped,3,9
1672,Anne FAIRLIE (SNP),John BELL (SNP),Craig MURRAY (Grn),Alison HARPER (C),skipped,skipped,skipped,skipped,skipped,skipped,3,9
1673,Anne FAIRLIE (SNP),John BELL (SNP),Craig MURRAY (Grn),Alison HARPER (C),Elaine STEWART (Lab),Elaine DINWOODIE (Lab),skipped,skipped,skipped,skipped,3,9
1674,Anne FAIRLIE (SNP),John BELL (SNP),Craig MURRAY (Grn),Mark MITCHELL (Libtn),Drew FILSON (Ind),John YOUNG (Ind),Elaine STEWART (Lab),Elaine DINWOODIE (Lab),skipped,skipped,3,9
1675,Anne FAIRLIE (SNP),John BELL (SNP),Craig MURRAY (Grn),Mark MITCHELL (Libtn),Drew FILSON (Ind),John YOUNG (Ind),Elaine STEWART (Lab),Elaine DINWOODIE (Lab),Alison HARPER (C),skipped,3,9
1676,Anne FAIRLIE (SNP),John BELL (SNP),Craig MURRAY (Grn),Mark MITCHELL (Libtn),Drew FILSON (Ind),John YOUNG (Ind),Elaine STEWART (Lab),Elaine DINWOODIE (Lab),Alison HARPER (C),skipped,3,9
1677,Anne FAIRLIE (SNP),John BELL (SNP),Craig MURRAY (Grn),Mark MITCHELL (Libtn),John YOUNG (Ind),Drew FILSON (Ind),Elaine STEWART (Lab),Elaine DINWOODIE (Lab),Alison HARPER (C),skipped,3,9
1678,Anne FAIRLIE (SNP),John BELL (SNP),Craig MURRAY (Grn),Mark MITCHELL (Libtn),John YOUNG (Ind),Drew FILSON (Ind),Elaine STEWART (Lab),Elaine DINWOODIE (Lab),Alison HARPER (C),skipped,3,9
1679,Anne FAIRLIE (SNP),John BELL (SNP),Craig MURRAY (Grn),Elaine STEWART (Lab),Elaine DINWOODIE (Lab),skipped,skipped,skipped,skipped,skipped,3,9
1680,Anne FAIRLIE (SNP),John BELL (SNP),Craig MURRAY (Grn),Elaine STEWART (Lab),Elaine DINWOODIE (Lab),skipped,skipped,skipped,skipped,skipped,3,9
1681,Anne FAIRLIE (SNP),John BELL (SNP),Craig MURRAY (Grn),Elaine STEWART (Lab),Elaine DINWOODIE (Lab),skipped,skipped,skipped,skipped,skipped,3,9
1682,Anne FAIRLIE (SNP),John BELL (SNP),Craig MURRAY (Grn),Elaine STEWART (Lab),Drew FILSON (Ind),John YOUNG (Ind),Elaine DINWOODIE (Lab),skipped,skipped,skipped,3,9
1683,Anne FAIRLIE (SNP),John BELL (SNP),Craig MURRAY (Grn),Elaine STEWART (Lab),John YOUNG (Ind),skipped,skipped,skipped,skipped,skipped,3,9
1684,Anne FAIRLIE (SNP),John BELL (SNP),Craig MURRAY (Grn),John YOUNG (Ind),skipped,skipped,skipped,skipped,skipped,skipped,3,9
1685,Anne FAIRLIE (SNP),John BELL (SNP),Craig MURRAY (Grn),John YOUNG (Ind),skipped,skipped,skipped,skipped,skipped,skipped,3,9
1686,Anne FAIRLIE (SNP),John BELL (SNP),Craig MURRAY (Grn),John YOUNG (Ind),Elaine DINWOODIE (Lab),Mark MITCHELL (Libtn),Drew FILSON (Ind),Elaine STEWART (Lab),skipped,skipped,3,9
1687,Anne FAIRLIE (SNP),John BELL (SNP),Craig MURRAY (Grn),John YOUNG (Ind),Drew FILSON (Ind),skipped,skipped,skipped,skipped,skipped,3,9
1688,Anne FAIRLIE (SNP),John BELL (SNP),Craig MURRAY (Grn),John YOUNG (Ind),Drew FILSON (Ind),skipped,skipped,skipped,skipped,skipped,3,9
1689,Anne FAIRLIE (SNP),John BELL (SNP),Craig MURRAY (Grn),John YOUNG (Ind),Drew FILSON (Ind),skipped,skipped,skipped,skipped,skipped,3,9
1690,Anne FAIRLIE (SNP),John BELL (SNP),Craig MURRAY (Grn),John YOUNG (Ind),Drew FILSON (Ind),Elaine DINWOODIE (Lab),Elaine STEWART (Lab),Mark MITCHELL (Libtn),Alison HARPER (C),skipped,3,9
1691,Anne FAIRLIE (SNP),John BELL (SNP),Craig MURRAY (Grn),John YOUNG (Ind),Drew FILSON (Ind),Mark MITCHELL (Libtn),skipped,skipped,skipped,skipped,3,9
1692,Anne FAIRLIE (SNP),John BELL (SNP),Craig MURRAY (Grn),John YOUNG (Ind),Drew FILSON (Ind),Mark MITCHELL (Libtn),Elaine DINWOODIE (Lab),Elaine STEWART (Lab),Alison HARPER (C),skipped,3,9
1693,Anne FAIRLIE (SNP),John BELL (SNP),Craig MURRAY (Grn),John YOUNG (Ind),Drew FILSON (Ind),Mark MITCHELL (Libtn),Elaine DINWOODIE (Lab),Elaine STEWART (Lab),Alison HARPER (C),skipped,3,9
1694,Anne FAIRLIE (SNP),John BELL (SNP),Craig MURRAY (Grn),John YOUNG (Ind),Drew FILSON (Ind),Mark MITCHELL (Libtn),Elaine DINWOODIE (Lab),Elaine STEWART (Lab),Alison HARPER (C),skipped,3,9
1695,Anne FAIRLIE (SNP),John BELL (SNP),Craig MURRAY (Grn),John YOUNG (Ind),Drew FILSON (Ind),Mark MITCHELL (Libtn),Elaine DINWOODIE (Lab),Elaine STEWART (Lab),Alison HARPER (C),skipped,3,9
1696,Anne FAIRLIE (SNP),John BELL (SNP),Craig MURRAY (Grn),John YOUNG (Ind),Drew FILSON (Ind),Mark MITCHELL (Libtn),Elaine STEWART (Lab),Elaine DINWOODIE (Lab),Alison HARPER (C),skipped,3,9
1697,Anne FAIRLIE (SNP),John BELL (SNP),Craig MURRAY (Grn),John YOUNG (Ind),Drew FILSON (Ind),Mark MITCHELL (Libtn),Elaine STEWART (Lab),Elaine DINWOODIE (Lab),Alison HARPER (C),skipped,3,9
1698,Anne FAIRLIE (SNP),John BELL (SNP),Craig MURRAY (Grn),John YOUNG (Ind),Drew FILSON (Ind),Mark MITCHELL (Libtn),Elaine STEWART (Lab),Elaine DINWOODIE (Lab),Alison HARPER (C),skipped,3,9
1699,Anne FAIRLIE (SNP),John BELL (SNP),Craig MURRAY (Grn),John YOUNG (Ind),Drew FILSON (Ind),Mark MITCHELL (Libtn),Elaine STEWART (Lab),Elaine DINWOODIE (Lab),Alison HARPER (C),skipped,3,9
1700,Anne FAIRLIE (SNP),John BELL (SNP),Craig MURRAY (Grn),John YOUNG (Ind),Drew FILSON (Ind),Mark MITCHELL (Libtn),Elaine STEWART (Lab),Elaine DINWOODIE (Lab),Alison HARPER (C),skipped,3,9
1701,Anne FAIRLIE (SNP),John BELL (SNP),Craig MURRAY (Grn),John YOUNG (Ind),Mark MITCHELL (Libtn),Drew FILSON (Ind),Elaine DINWOODIE (Lab),Elaine STEWART (Lab),Alison HARPER (C),skipped,3,9
1702,Anne FAIRLIE (SNP),John BELL (SNP),Elaine STEWART (Lab),skipped,skipped,skipped,skipped,skipped,skipped,skipped,3,9
1703,Anne FAIRLIE (SNP),John BELL (SNP),Elaine STEWART (Lab),skipped,skipped,skipped,skipped,skipped,skipped,skipped,3,9
1704,Anne FAIRLIE (SNP),John BELL (SNP),Elaine STEWART (Lab),skipped,skipped,skipped,skipped,skipped,skipped,skipped,3,9
1705,Anne FAIRLIE (SNP),John BELL (SNP),Elaine STEWART (Lab),skipped,skipped,skipped,skipped,skipped,skipped,skipped,3,9
1706,Anne FAIRLIE (SNP),John BELL (SNP),Elaine STEWART (Lab),skipped,skipped,skipped,skipped,skipped,skipped,skipped,3,9
1707,Anne FAIRLIE (SNP),John BELL (SNP),Elaine STEWART (Lab),Elaine DINWOODIE (Lab),skipped,skipped,skipped,skipped,skipped,skipped,3,9
1708,Anne FAIRLIE (SNP),John BELL (SNP),Elaine STEWART (Lab),Elaine DINWOODIE (Lab),Drew FILSON (Ind),Alison HARPER (C),Mark MITCHELL (Libtn),Craig MURRAY (Grn),John YOUNG (Ind),skipped,3,9
1709,Anne FAIRLIE (SNP),John BELL (SNP),Elaine STEWART (Lab),John YOUNG (Ind),Drew FILSON (Ind),Craig MURRAY (Grn),Mark MITCHELL (Libtn),Elaine DINWOODIE (Lab),Alison HARPER (C),skipped,3,9
1710,Anne FAIRLIE (SNP),John BELL (SNP),John YOUNG (Ind),skipped,skipped,skipped,skipped,skipped,skipped,skipped,3,9
1711,Anne FAIRLIE (SNP),John BELL (SNP),John YOUNG (Ind),skipped,skipped,skipped,skipped,skipped,skipped,skipped,3,9
1712,Anne FAIRLIE (SNP),John BELL (SNP),John YOUNG (Ind),skipped,skipped,skipped,skipped,skipped,skipped,skipped,3,9
1713,Anne FAIRLIE (SNP),John BELL (SNP),John YOUNG (Ind),skipped,skipped,skipped,skipped,skipped,skipped,skipped,3,9
1714,Anne FAIRLIE (SNP),John BELL (SNP),John YOUNG (Ind),skipped,skipped,skipped,skipped,skipped,skipped,skipped,3,9
1715,Anne FAIRLIE (SNP),John BELL (SNP),John YOUNG (Ind),skipped,skipped,skipped,skipped,skipped,skipped,skipped,3,9
1716,Anne FAIRLIE (SNP),John BELL (SNP),John YOUNG (Ind),skipped,skipped,skipped,skipped,skipped,skipped,skipped,3,9
1717,Anne FAIRLIE (SNP),John BELL (SNP),John YOUNG (Ind),skipped,skipped,skipped,skipped,skipped,skipped,skipped,3,9
1718,Anne FAIRLIE (SNP),John BELL (SNP),John YOUNG (Ind),Elaine DINWOODIE (Lab),Drew FILSON (Ind),skipped,skipped,skipped,skipped,skipped,3,9
1719,Anne FAIRLIE (SNP),John BELL (SNP),John YOUNG (Ind),Drew FILSON (Ind),skipped,skipped,skipped,skipped,skipped,skipped,3,9
1720,Anne FAIRLIE (SNP),John BELL (SNP),John YOUNG (Ind),Drew FILSON (Ind),Elaine DINWOODIE (Lab),skipped,skipped,skipped,skipped,skipped,3,9
1721,Anne FAIRLIE (SNP),Elaine DINWOODIE (Lab),John BELL (SNP),skipped,skipped,skipped,skipped,skipped,skipped,skipped,3,9
1722,Anne FAIRLIE (SNP),Elaine DINWOODIE (Lab),John BELL (SNP),skipped,skipped,skipped,skipped,skipped,skipped,skipped,3,9
1723,Anne FAIRLIE (SNP),Elaine DINWOODIE (Lab),John BELL (SNP),skipped,skipped,skipped,skipped,skipped,skipped,skipped,3,9
1724,Anne FAIRLIE (SNP),Elaine DINWOODIE (Lab),John BELL (SNP),skipped,skipped,skipped,skipped,skipped,skipped,skipped,3,9
1725,Anne FAIRLIE (SNP),Elaine DINWOODIE (Lab),John BELL (SNP),Craig MURRAY (Grn),skipped,skipped,skipped,skipped,skipped,skipped,3,9
1726,Anne FAIRLIE (SNP),Elaine DINWOODIE (Lab),Drew FILSON (Ind),skipped,skipped,skipped,skipped,skipped,skipped,skipped,3,9
1727,Anne FAIRLIE (SNP),Elaine DINWOODIE (Lab),Drew FILSON (Ind),John YOUNG (Ind),skipped,skipped,skipped,skipped,skipped,skipped,3,9
1728,Anne FAIRLIE (SNP),Elaine DINWOODIE (Lab),Alison HARPER (C),skipped,skipped,skipped,skipped,skipped,skipped,skipped,3,9
1729,Anne FAIRLIE (SNP),Elaine DINWOODIE (Lab),Craig MURRAY (Grn),skipped,skipped,skipped,skipped,skipped,skipped,skipped,3,9
1730,Anne FAIRLIE (SNP),Elaine DINWOODIE (Lab),Craig MURRAY (Grn),skipped,skipped,skipped,skipped,skipped,skipped,skipped,3,9
1731,Anne FAIRLIE (SNP),Elaine DINWOODIE (Lab),Craig MURRAY (Grn),skipped,skipped,skipped,skipped,skipped,skipped,skipped,3,9
1732,Anne FAIRLIE (SNP),Elaine DINWOODIE (Lab),Elaine STEWART (Lab),skipped,skipped,skipped,skipped,skipped,skipped,skipped,3,9
1733,Anne FAIRLIE (SNP),Elaine DINWOODIE (Lab),Elaine STEWART (Lab),skipped,skipped,skipped,skipped,skipped,skipped,skipped,3,9
1734,Anne FAIRLIE (SNP),Elaine DINWOODIE (Lab),Elaine STEWART (Lab),skipped,skipped,skipped,skipped,skipped,skipped,skipped,3,9
1735,Anne FAIRLIE (SNP),Elaine DINWOODIE (Lab),Elaine STEWART (Lab),skipped,skipped,skipped,skipped,skipped,skipped,skipped,3,9
1736,Anne FAIRLIE (SNP),Elaine DINWOODIE (Lab),Elaine STEWART (Lab),John BELL (SNP),Drew FILSON (Ind),skipped,skipped,skipped,skipped,skipped,3,9
1737,Anne FAIRLIE (SNP),Elaine DINWOODIE (Lab),Elaine STEWART (Lab),Drew FILSON (Ind),John YOUNG (Ind),Craig MURRAY (Grn),John BELL (SNP),Alison HARPER (C),Mark MITCHELL (Libtn),skipped,3,9
1738,Anne FAIRLIE (SNP),Elaine DINWOODIE (Lab),John YOUNG (Ind),skipped,skipped,skipped,skipped,skipped,skipped,skipped,3,9
1739,Anne FAIRLIE (SNP),Drew FILSON (Ind),skipped,skipped,skipped,skipped,skipped,skipped,skipped,skipped,3,9
1740,Anne FAIRLIE (SNP),Drew FILSON (Ind),John BELL (SNP),Elaine DINWOODIE (Lab),Craig MURRAY (Grn),John YOUNG (Ind),Elaine STEWART (Lab),skipped,skipped,skipped,3,9
1741,Anne FAIRLIE (SNP),Drew FILSON (Ind),John BELL (SNP),John YOUNG (Ind),Mark MITCHELL (Libtn),Craig MURRAY (Grn),Elaine STEWART (Lab),Alison HARPER (C),Elaine DINWOODIE (Lab),skipped,3,9
1742,Anne FAIRLIE (SNP),Drew FILSON (Ind),John BELL (SNP),John YOUNG (Ind),Craig MURRAY (Grn),skipped,skipped,skipped,skipped,skipped,3,9
1743,Anne FAIRLIE (SNP),Drew FILSON (Ind),John BELL (SNP),John YOUNG (Ind),Craig MURRAY (Grn),Alison HARPER (C),Mark MITCHELL (Libtn),Elaine STEWART (Lab),Elaine DINWOODIE (Lab),skipped,3,9
1744,Anne FAIRLIE (SNP),Drew FILSON (Ind),Craig MURRAY (Grn),skipped,skipped,skipped,skipped,skipped,skipped,skipped,3,9
1745,Anne FAIRLIE (SNP),Drew FILSON (Ind),Elaine STEWART (Lab),skipped,skipped,skipped,skipped,skipped,skipped,skipped,3,9
1746,Anne FAIRLIE (SNP),Alison HARPER (C),skipped,skipped,skipped,skipped,skipped,skipped,skipped,skipped,3,9
1747,Anne FAIRLIE (SNP),Alison HARPER (C),John BELL (SNP),skipped,skipped,skipped,skipped,skipped,skipped,skipped,3,9
1748,Anne FAIRLIE (SNP),Alison HARPER (C),Craig MURRAY (Grn),skipped,skipped,skipped,skipped,skipped,skipped,skipped,3,9
1749,Anne FAIRLIE (SNP),Mark MITCHELL (Libtn),Craig MURRAY (Grn),Elaine STEWART (Lab),Alison HARPER (C),Drew FILSON (Ind),Elaine DINWOODIE (Lab),John BELL (SNP),John YOUNG (Ind),skipped,3,9
1750,Anne FAIRLIE (SNP),Craig MURRAY (Grn),skipped,skipped,skipped,skipped,skipped,skipped,skipped,skipped,3,9
1751,Anne FAIRLIE (SNP),Craig MURRAY (Grn),skipped,skipped,skipped,skipped,skipped,skipped,skipped,skipped,3,9
1752,Anne FAIRLIE (SNP),Craig MURRAY (Grn),John BELL (SNP),Elaine DINWOODIE (Lab),Elaine STEWART (Lab),Mark MITCHELL (Libtn),Drew FILSON (Ind),John YOUNG (Ind),Alison HARPER (C),skipped,3,9
1753,Anne FAIRLIE (SNP),Craig MURRAY (Grn),John BELL (SNP),Drew FILSON (Ind),John YOUNG (Ind),skipped,skipped,skipped,skipped,skipped,3,9
1754,Anne FAIRLIE (SNP),Craig MURRAY (Grn),John BELL (SNP),Alison HARPER (C),Drew FILSON (Ind),Mark MITCHELL (Libtn),Elaine STEWART (Lab),John YOUNG (Ind),Elaine DINWOODIE (Lab),skipped,3,9
1755,Anne FAIRLIE (SNP),Craig MURRAY (Grn),Elaine DINWOODIE (Lab),skipped,skipped,skipped,skipped,skipped,skipped,skipped,3,9
1756,Anne FAIRLIE (SNP),Craig MURRAY (Grn),Drew FILSON (Ind),skipped,skipped,skipped,skipped,skipped,skipped,skipped,3,9
1757,Anne FAIRLIE (SNP),Elaine STEWART (Lab),skipped,skipped,skipped,skipped,skipped,skipped,skipped,skipped,3,9
1758,Anne FAIRLIE (SNP),Elaine STEWART (Lab),skipped,skipped,skipped,skipped,skipped,skipped,skipped,skipped,3,9
1759,Drew FILSON (Ind),skipped,skipped,skipped,skipped,skipped,skipped,skipped,skipped,skipped,3,9
1760,Drew FILSON (Ind),skipped,skipped,skipped,skipped,skipped,skipped,skipped,skipped,skipped,3,9
1761,Drew FILSON (Ind),skipped,skipped,skipped,skipped,skipped,skipped,skipped,skipped,skipped,3,9
1762,Drew FILSON (Ind),skipped,skipped,skipped,skipped,skipped,skipped,skipped,skipped,skipped,3,9
1763,Drew FILSON (Ind),skipped,skipped,skipped,skipped,skipped,skipped,skipped,skipped,skipped,3,9
1764,Drew FILSON (Ind),skipped,skipped,skipped,skipped,skipped,skipped,skipped,skipped,skipped,3,9
1765,Drew FILSON (Ind),skipped,skipped,skipped,skipped,skipped,skipped,skipped,skipped,skipped,3,9
1766,Drew FILSON (Ind),skipped,skipped,skipped,skipped,skipped,skipped,skipped,skipped,skipped,3,9
1767,Drew FILSON (Ind),skipped,skipped,skipped,skipped,skipped,skipped,skipped,skipped,skipped,3,9
1768,Drew FILSON (Ind),skipped,skipped,skipped,skipped,skipped,skipped,skipped,skipped,skipped,3,9
1769,Drew FILSON (Ind),skipped,skipped,skipped,skipped,skipped,skipped,skipped,skipped,skipped,3,9
1770,Drew FILSON (Ind),skipped,skipped,skipped,skipped,skipped,skipped,skipped,skipped,skipped,3,9
1771,Drew FILSON (Ind),skipped,skipped,skipped,skipped,skipped,skipped,skipped,skipped,skipped,3,9
1772,Drew FILSON (Ind),skipped,skipped,skipped,skipped,skipped,skipped,skipped,skipped,skipped,3,9
1773,Drew FILSON (Ind),skipped,skipped,skipped,skipped,skipped,skipped,skipped,skipped,skipped,3,9
1774,Drew FILSON (Ind),skipped,skipped,skipped,skipped,skipped,skipped,skipped,skipped,skipped,3,9
1775,Drew FILSON (Ind),skipped,skipped,skipped,skipped,skipped,skipped,skipped,skipped,skipped,3,9
1776,Drew FILSON (Ind),skipped,skipped,skipped,skipped,skipped,skipped,skipped,skipped,skipped,3,9
1777,Drew FILSON (Ind),skipped,skipped,skipped,skipped,skipped,skipped,skipped,skipped,skipped,3,9
1778,Drew FILSON (Ind),skipped,skipped,skipped,skipped,skipped,skipped,skipped,skipped,skipped,3,9
1779,Drew FILSON (Ind),skipped,skipped,skipped,skipped,skipped,skipped,skipped,skipped,skipped,3,9
1780,Drew FILSON (Ind),skipped,skipped,skipped,skipped,skipped,skipped,skipped,skipped,skipped,3,9
1781,Drew FILSON (Ind),skipped,skipped,skipped,skipped,skipped,skipped,skipped,skipped,skipped,3,9
1782,Drew FILSON (Ind),skipped,skipped,skipped,skipped,skipped,skipped,skipped,skipped,skipped,3,9
1783,Drew FILSON (Ind),skipped,skipped,skipped,skipped,skipped,skipped,skipped,skipped,skipped,3,9
1784,Drew FILSON (Ind),skipped,skipped,skipped,skipped,skipped,skipped,skipped,skipped,skipped,3,9
1785,Drew FILSON (Ind),skipped,skipped,skipped,skipped,skipped,skipped,skipped,skipped,skipped,3,9
1786,Drew FILSON (Ind),skipped,skipped,skipped,skipped,skipped,skipped,skipped,skipped,skipped,3,9
1787,Drew FILSON (Ind),skipped,skipped,skipped,skipped,skipped,skipped,skipped,skipped,skipped,3,9
1788,Drew FILSON (Ind),skipped,skipped,skipped,skipped,skipped,skipped,skipped,skipped,skipped,3,9
1789,Drew FILSON (Ind),skipped,skipped,skipped,skipped,skipped,skipped,skipped,skipped,skipped,3,9
1790,Drew FILSON (Ind),skipped,skipped,skipped,skipped,skipped,skipped,skipped,skipped,skipped,3,9
1791,Drew FILSON (Ind),skipped,skipped,skipped,skipped,skipped,skipped,skipped,skipped,skipped,3,9
1792,Drew FILSON (Ind),skipped,skipped,skipped,skipped,skipped,skipped,skipped,skipped,skipped,3,9
1793,Drew FILSON (Ind),skipped,skipped,skipped,skipped,skipped,skipped,skipped,skipped,skipped,3,9
1794,Drew FILSON (Ind),skipped,skipped,skipped,skipped,skipped,skipped,skipped,skipped,skipped,3,9
1795,Drew FILSON (Ind),skipped,skipped,skipped,skipped,skipped,skipped,skipped,skipped,skipped,3,9
1796,Drew FILSON (Ind),skipped,skipped,skipped,skipped,skipped,skipped,skipped,skipped,skipped,3,9
1797,Drew FILSON (Ind),skipped,skipped,skipped,skipped,skipped,skipped,skipped,skipped,skipped,3,9
1798,Drew FILSON (Ind),skipped,skipped,skipped,skipped,skipped,skipped,skipped,skipped,skipped,3,9
1799,Drew FILSON (Ind),skipped,skipped,skipped,skipped,skipped,skipped,skipped,skipped,skipped,3,9
1800,Drew FILSON (Ind),skipped,skipped,skipped,skipped,skipped,skipped,skipped,skipped,skipped,3,9
1801,Drew FILSON (Ind),skipped,skipped,skipped,skipped,skipped,skipped,skipped,skipped,skipped,3,9
1802,Drew FILSON (Ind),skipped,skipped,skipped,skipped,skipped,skipped,skipped,skipped,skipped,3,9
1803,Drew FILSON (Ind),skipped,skipped,skipped,skipped,skipped,skipped,skipped,skipped,skipped,3,9
1804,Drew FILSON (Ind),skipped,skipped,skipped,skipped,skipped,skipped,skipped,skipped,skipped,3,9
1805,Drew FILSON (Ind),skipped,skipped,skipped,skipped,skipped,skipped,skipped,skipped,skipped,3,9
1806,Drew FILSON (Ind),skipped,skipped,skipped,skipped,skipped,skipped,skipped,skipped,skipped,3,9
1807,Drew FILSON (Ind),skipped,skipped,skipped,skipped,skipped,skipped,skipped,skipped,skipped,3,9
1808,Drew FILSON (Ind),skipped,skipped,skipped,skipped,skipped,skipped,skipped,skipped,skipped,3,9
1809,Drew FILSON (Ind),skipped,skipped,skipped,skipped,skipped,skipped,skipped,skipped,skipped,3,9
1810,Drew FILSON (Ind),skipped,skipped,skipped,skipped,skipped,skipped,skipped,skipped,skipped,3,9
1811,Drew FILSON (Ind),skipped,skipped,skipped,skipped,skipped,skipped,skipped,skipped,skipped,3,9
1812,Drew FILSON (Ind),skipped,skipped,skipped,skipped,skipped,skipped,skipped,skipped,skipped,3,9
1813,Drew FILSON (Ind),skipped,skipped,skipped,skipped,skipped,skipped,skipped,skipped,skipped,3,9
1814,Drew FILSON (Ind),skipped,skipped,skipped,skipped,skipped,skipped,skipped,skipped,skipped,3,9
1815,Drew FILSON (Ind),skipped,skipped,skipped,skipped,skipped,skipped,skipped,skipped,skipped,3,9
1816,Drew FILSON (Ind),skipped,skipped,skipped,skipped,skipped,skipped,skipped,skipped,skipped,3,9
1817,Drew FILSON (Ind),skipped,skipped,skipped,skipped,skipped,skipped,skipped,skipped,skipped,3,9
1818,Drew FILSON (Ind),skipped,skipped,skipped,skipped,skipped,skipped,skipped,skipped,skipped,3,9
1819,Drew FILSON (Ind),skipped,skipped,skipped,skipped,skipped,skipped,skipped,skipped,skipped,3,9
1820,Drew FILSON (Ind),skipped,skipped,skipped,skipped,skipped,skipped,skipped,skipped,skipped,3,9
1821,Drew FILSON (Ind),skipped,skipped,skipped,skipped,skipped,skipped,skipped,skipped,skipped,3,9
1822,Drew FILSON (Ind),skipped,skipped,skipped,skipped,skipped,skipped,skipped,skipped,skipped,3,9
1823,Drew FILSON (Ind),skipped,skipped,skipped,skipped,skipped,skipped,skipped,skipped,skipped,3,9
1824,Drew FILSON (Ind),skipped,skipped,skipped,skipped,skipped,skipped,skipped,skipped,skipped,3,9
1825,Drew FILSON (Ind),skipped,skipped,skipped,skipped,skipped,skipped,skipped,skipped,skipped,3,9
1826,Drew FILSON (Ind),skipped,skipped,skipped,skipped,skipped,skipped,skipped,skipped,skipped,3,9
1827,Drew FILSON (Ind),skipped,skipped,skipped,skipped,skipped,skipped,skipped,skipped,skipped,3,9
1828,Drew FILSON (Ind),skipped,skipped,skipped,skipped,skipped,skipped,skipped,skipped,skipped,3,9
1829,Drew FILSON (Ind),skipped,skipped,skipped,skipped,skipped,skipped,skipped,skipped,skipped,3,9
1830,Drew FILSON (Ind),skipped,skipped,skipped,skipped,skipped,skipped,skipped,skipped,skipped,3,9
1831,Drew FILSON (Ind),skipped,skipped,skipped,skipped,skipped,skipped,skipped,skipped,skipped,3,9
1832,Drew FILSON (Ind),skipped,skipped,skipped,skipped,skipped,skipped,skipped,skipped,skipped,3,9
1833,Drew FILSON (Ind),skipped,skipped,skipped,skipped,skipped,skipped,skipped,skipped,skipped,3,9
1834,Drew FILSON (Ind),skipped,skipped,skipped,skipped,skipped,skipped,skipped,skipped,skipped,3,9
1835,Drew FILSON (Ind),skipped,skipped,skipped,skipped,skipped,skipped,skipped,skipped,skipped,3,9
1836,Drew FILSON (Ind),skipped,skipped,skipped,skipped,skipped,skipped,skipped,skipped,skipped,3,9
1837,Drew FILSON (Ind),skipped,skipped,skipped,skipped,skipped,skipped,skipped,skipped,skipped,3,9
1838,Drew FILSON (Ind),skipped,skipped,skipped,skipped,skipped,skipped,skipped,skipped,skipped,3,9
1839,Drew FILSON (Ind),skipped,skipped,skipped,skipped,skipped,skipped,skipped,skipped,skipped,3,9
1840,Drew FILSON (Ind),skipped,skipped,skipped,skipped,skipped,skipped,skipped,skipped,skipped,3,9
1841,Drew FILSON (Ind),skipped,skipped,skipped,skipped,skipped,skipped,skipped,skipped,skipped,3,9
1842,Drew FILSON (Ind),skipped,skipped,skipped,skipped,skipped,skipped,skipped,skipped,skipped,3,9
1843,Drew FILSON (Ind),skipped,skipped,skipped,skipped,skipped,skipped,skipped,skipped,skipped,3,9
1844,Drew FILSON (Ind),skipped,skipped,skipped,skipped,skipped,skipped,skipped,skipped,skipped,3,9
1845,Drew FILSON (Ind),skipped,skipped,skipped,skipped,skipped,skipped,skipped,skipped,skipped,3,9
1846,Drew FILSON (Ind),skipped,skipped,skipped,skipped,skipped,skipped,skipped,skipped,skipped,3,9
1847,Drew FILSON (Ind),skipped,skipped,skipped,skipped,skipped,skipped,skipped,skipped,skipped,3,9
1848,Drew FILSON (Ind),skipped,skipped,skipped,skipped,skipped,skipped,skipped,skipped,skipped,3,9
1849,Drew FILSON (Ind),skipped,skipped,skipped,skipped,skipped,skipped,skipped,skipped,skipped,3,9
1850,Drew FILSON (Ind),skipped,skipped,skipped,skipped,skipped,skipped,skipped,skipped,skipped,3,9
1851,Drew FILSON (Ind),skipped,skipped,skipped,skipped,skipped,skipped,skipped,skipped,skipped,3,9
1852,Drew FILSON (Ind),skipped,skipped,skipped,skipped,skipped,skipped,skipped,skipped,skipped,3,9
1853,Drew FILSON (Ind),skipped,skipped,skipped,skipped,skipped,skipped,skipped,skipped,skipped,3,9
1854,Drew FILSON (Ind),skipped,skipped,skipped,skipped,skipped,skipped,skipped,skipped,skipped,3,9
1855,Drew FILSON (Ind),skipped,skipped,skipped,skipped,skipped,skipped,skipped,skipped,skipped,3,9
1856,Drew FILSON (Ind),skipped,skipped,skipped,skipped,skipped,skipped,skipped,skipped,skipped,3,9
1857,Drew FILSON (Ind),skipped,skipped,skipped,skipped,skipped,skipped,skipped,skipped,skipped,3,9
1858,Drew FILSON (Ind),skipped,skipped,skipped,skipped,skipped,skipped,skipped,skipped,skipped,3,9
1859,Drew FILSON (Ind),skipped,skipped,skipped,skipped,skipped,skipped,skipped,skipped,skipped,3,9
1860,Drew FILSON (Ind),skipped,skipped,skipped,skipped,skipped,skipped,skipped,skipped,skipped,3,9
1861,Drew FILSON (Ind),skipped,skipped,skipped,skipped,skipped,skipped,skipped,skipped,skipped,3,9
1862,Drew FILSON (Ind),skipped,skipped,skipped,skipped,skipped,skipped,skipped,skipped,skipped,3,9
1863,Drew FILSON (Ind),skipped,skipped,skipped,skipped,skipped,skipped,skipped,skipped,skipped,3,9
1864,Drew FILSON (Ind),skipped,skipped,skipped,skipped,skipped,skipped,skipped,skipped,skipped,3,9
1865,Drew FILSON (Ind),skipped,skipped,skipped,skipped,skipped,skipped,skipped,skipped,skipped,3,9
1866,Drew FILSON (Ind),skipped,skipped,skipped,skipped,skipped,skipped,skipped,skipped,skipped,3,9
1867,Drew FILSON (Ind),skipped,skipped,skipped,skipped,skipped,skipped,skipped,skipped,skipped,3,9
1868,Drew FILSON (Ind),skipped,skipped,skipped,skipped,skipped,skipped,skipped,skipped,skipped,3,9
1869,Drew FILSON (Ind),skipped,skipped,skipped,skipped,skipped,skipped,skipped,skipped,skipped,3,9
1870,Drew FILSON (Ind),skipped,skipped,skipped,skipped,skipped,skipped,skipped,skipped,skipped,3,9
1871,Drew FILSON (Ind),skipped,skipped,skipped,skipped,skipped,skipped,skipped,skipped,skipped,3,9
1872,Drew FILSON (Ind),skipped,skipped,skipped,skipped,skipped,skipped,skipped,skipped,skipped,3,9
1873,Drew FILSON (Ind),skipped,skipped,skipped,skipped,skipped,skipped,skipped,skipped,skipped,3,9
1874,Drew FILSON (Ind),skipped,skipped,skipped,skipped,skipped,skipped,skipped,skipped,skipped,3,9
1875,Drew FILSON (Ind),skipped,skipped,skipped,skipped,skipped,skipped,skipped,skipped,skipped,3,9
1876,Drew FILSON (Ind),skipped,skipped,skipped,skipped,skipped,skipped,skipped,skipped,skipped,3,9
1877,Drew FILSON (Ind),skipped,skipped,skipped,skipped,skipped,skipped,skipped,skipped,skipped,3,9
1878,Drew FILSON (Ind),skipped,skipped,skipped,skipped,skipped,skipped,skipped,skipped,skipped,3,9
1879,Drew FILSON (Ind),skipped,skipped,skipped,skipped,skipped,skipped,skipped,skipped,skipped,3,9
1880,Drew FILSON (Ind),skipped,skipped,skipped,skipped,skipped,skipped,skipped,skipped,skipped,3,9
1881,Drew FILSON (Ind),skipped,skipped,skipped,skipped,skipped,skipped,skipped,skipped,skipped,3,9
1882,Drew FILSON (Ind),skipped,skipped,skipped,skipped,skipped,skipped,skipped,skipped,skipped,3,9
1883,Drew FILSON (Ind),skipped,skipped,skipped,skipped,skipped,skipped,skipped,skipped,skipped,3,9
1884,Drew FILSON (Ind),skipped,skipped,skipped,skipped,skipped,skipped,skipped,skipped,skipped,3,9
1885,Drew FILSON (Ind),skipped,skipped,skipped,skipped,skipped,skipped,skipped,skipped,skipped,3,9
1886,Drew FILSON (Ind),skipped,skipped,skipped,skipped,skipped,skipped,skipped,skipped,skipped,3,9
1887,Drew FILSON (Ind),skipped,skipped,skipped,skipped,skipped,skipped,skipped,skipped,skipped,3,9
1888,Drew FILSON (Ind),skipped,skipped,skipped,skipped,skipped,skipped,skipped,skipped,skipped,3,9
1889,Drew FILSON (Ind),skipped,skipped,skipped,skipped,skipped,skipped,skipped,skipped,skipped,3,9
1890,Drew FILSON (Ind),skipped,skipped,skipped,skipped,skipped,skipped,skipped,skipped,skipped,3,9
1891,Drew FILSON (Ind),skipped,skipped,skipped,skipped,skipped,skipped,skipped,skipped,skipped,3,9
1892,Drew FILSON (Ind),skipped,skipped,skipped,skipped,skipped,skipped,skipped,skipped,skipped,3,9
1893,Drew FILSON (Ind),skipped,skipped,skipped,skipped,skipped,skipped,skipped,skipped,skipped,3,9
1894,Drew FILSON (Ind),skipped,skipped,skipped,skipped,skipped,skipped,skipped,skipped,skipped,3,9
1895,Drew FILSON (Ind),skipped,skipped,skipped,skipped,skipped,skipped,skipped,skipped,skipped,3,9
1896,Drew FILSON (Ind),skipped,skipped,skipped,skipped,skipped,skipped,skipped,skipped,skipped,3,9
1897,Drew FILSON (Ind),skipped,skipped,skipped,skipped,skipped,skipped,skipped,skipped,skipped,3,9
1898,Drew FILSON (Ind),skipped,skipped,skipped,skipped,skipped,skipped,skipped,skipped,skipped,3,9
1899,Drew FILSON (Ind),skipped,skipped,skipped,skipped,skipped,skipped,skipped,skipped,skipped,3,9
1900,Drew FILSON (Ind),skipped,skipped,skipped,skipped,skipped,skipped,skipped,skipped,skipped,3,9
1901,Drew FILSON (Ind),skipped,skipped,skipped,skipped,skipped,skipped,skipped,skipped,skipped,3,9
1902,Drew FILSON (Ind),skipped,skipped,skipped,skipped,skipped,skipped,skipped,skipped,skipped,3,9
1903,Drew FILSON (Ind),skipped,skipped,skipped,skipped,skipped,skipped,skipped,skipped,skipped,3,9
1904,Drew FILSON (Ind),skipped,skipped,skipped,skipped,skipped,skipped,skipped,skipped,skipped,3,9
1905,Drew FILSON (Ind),skipped,skipped,skipped,skipped,skipped,skipped,skipped,skipped,skipped,3,9
1906,Drew FILSON (Ind),skipped,skipped,skipped,skipped,skipped,skipped,skipped,skipped,skipped,3,9
1907,Drew FILSON (Ind),skipped,skipped,skipped,skipped,skipped,skipped,skipped,skipped,skipped,3,9
1908,Drew FILSON (Ind),skipped,skipped,skipped,skipped,skipped,skipped,skipped,skipped,skipped,3,9
1909,Drew FILSON (Ind),skipped,skipped,skipped,skipped,skipped,skipped,skipped,skipped,skipped,3,9
1910,Drew FILSON (Ind),John BELL (SNP),skipped,skipped,skipped,skipped,skipped,skipped,skipped,skipped,3,9
1911,Drew FILSON (Ind),John BELL (SNP),skipped,skipped,skipped,skipped,skipped,skipped,skipped,skipped,3,9
1912,Drew FILSON (Ind),John BELL (SNP),skipped,skipped,skipped,skipped,skipped,skipped,skipped,skipped,3,9
1913,Drew FILSON (Ind),John BELL (SNP),skipped,skipped,skipped,skipped,skipped,skipped,skipped,skipped,3,9
1914,Drew FILSON (Ind),John BELL (SNP),skipped,skipped,skipped,skipped,skipped,skipped,skipped,skipped,3,9
1915,Drew FILSON (Ind),John BELL (SNP),skipped,skipped,skipped,skipped,skipped,skipped,skipped,skipped,3,9
1916,Drew FILSON (Ind),John BELL (SNP),skipped,skipped,skipped,skipped,skipped,skipped,skipped,skipped,3,9
1917,Drew FILSON (Ind),John BELL (SNP),skipped,skipped,skipped,skipped,skipped,skipped,skipped,skipped,3,9
1918,Drew FILSON (Ind),John BELL (SNP),skipped,skipped,skipped,skipped,skipped,skipped,skipped,skipped,3,9
1919,Drew FILSON (Ind),John BELL (SNP),skipped,skipped,skipped,skipped,skipped,skipped,skipped,skipped,3,9
1920,Drew FILSON (Ind),John BELL (SNP),skipped,skipped,skipped,skipped,skipped,skipped,skipped,skipped,3,9
1921,Drew FILSON (Ind),John BELL (SNP),skipped,skipped,skipped,skipped,skipped,skipped,skipped,skipped,3,9
1922,Drew FILSON (Ind),John BELL (SNP),skipped,skipped,skipped,skipped,skipped,skipped,skipped,skipped,3,9
1923,Drew FILSON (Ind),John BELL (SNP),skipped,skipped,skipped,skipped,skipped,skipped,skipped,skipped,3,9
1924,Drew FILSON (Ind),John BELL (SNP),skipped,skipped,skipped,skipped,skipped,skipped,skipped,skipped,3,9
1925,Drew FILSON (Ind),John BELL (SNP),Elaine DINWOODIE (Lab),skipped,skipped,skipped,skipped,skipped,skipped,skipped,3,9
1926,Drew FILSON (Ind),John BELL (SNP),Elaine DINWOODIE (Lab),skipped,skipped,skipped,skipped,skipped,skipped,skipped,3,9
1927,Drew FILSON (Ind),John BELL (SNP),Elaine DINWOODIE (Lab),skipped,skipped,skipped,skipped,skipped,skipped,skipped,3,9
1928,Drew FILSON (Ind),John BELL (SNP),Elaine DINWOODIE (Lab),skipped,skipped,skipped,skipped,skipped,skipped,skipped,3,9
1929,Drew FILSON (Ind),John BELL (SNP),Elaine DINWOODIE (Lab),skipped,skipped,skipped,skipped,skipped,skipped,skipped,3,9
1930,Drew FILSON (Ind),John BELL (SNP),Elaine DINWOODIE (Lab),skipped,skipped,skipped,skipped,skipped,skipped,skipped,3,9
1931,Drew FILSON (Ind),John BELL (SNP),Elaine DINWOODIE (Lab),Anne FAIRLIE (SNP),Alison HARPER (C),skipped,skipped,skipped,skipped,skipped,3,9
1932,Drew FILSON (Ind),John BELL (SNP),Elaine DINWOODIE (Lab),Elaine STEWART (Lab),skipped,skipped,skipped,skipped,skipped,skipped,3,9
1933,Drew FILSON (Ind),John BELL (SNP),Elaine DINWOODIE (Lab),Elaine STEWART (Lab),skipped,skipped,skipped,skipped,skipped,skipped,3,9
1934,Drew FILSON (Ind),John BELL (SNP),Elaine DINWOODIE (Lab),Elaine STEWART (Lab),skipped,skipped,skipped,skipped,skipped,skipped,3,9
1935,Drew FILSON (Ind),John BELL (SNP),Elaine DINWOODIE (Lab),Elaine STEWART (Lab),Anne FAIRLIE (SNP),skipped,skipped,skipped,skipped,skipped,3,9
1936,Drew FILSON (Ind),John BELL (SNP),Elaine DINWOODIE (Lab),John YOUNG (Ind),skipped,skipped,skipped,skipped,skipped,skipped,3,9
1937,Drew FILSON (Ind),John BELL (SNP),Anne FAIRLIE (SNP),skipped,skipped,skipped,skipped,skipped,skipped,skipped,3,9
1938,Drew FILSON (Ind),John BELL (SNP),Anne FAIRLIE (SNP),skipped,skipped,skipped,skipped,skipped,skipped,skipped,3,9
1939,Drew FILSON (Ind),John BELL (SNP),Anne FAIRLIE (SNP),skipped,skipped,skipped,skipped,skipped,skipped,skipped,3,9
1940,Drew FILSON (Ind),John BELL (SNP),Anne FAIRLIE (SNP),skipped,skipped,skipped,skipped,skipped,skipped,skipped,3,9
1941,Drew FILSON (Ind),John BELL (SNP),Anne FAIRLIE (SNP),skipped,skipped,skipped,skipped,skipped,skipped,skipped,3,9
1942,Drew FILSON (Ind),John BELL (SNP),Anne FAIRLIE (SNP),skipped,skipped,skipped,skipped,skipped,skipped,skipped,3,9
1943,Drew FILSON (Ind),John BELL (SNP),Anne FAIRLIE (SNP),skipped,skipped,skipped,skipped,skipped,skipped,skipped,3,9
1944,Drew FILSON (Ind),John BELL (SNP),Anne FAIRLIE (SNP),skipped,skipped,skipped,skipped,skipped,skipped,skipped,3,9
1945,Drew FILSON (Ind),John BELL (SNP),Anne FAIRLIE (SNP),skipped,skipped,skipped,skipped,skipped,skipped,skipped,3,9
1946,Drew FILSON (Ind),John BELL (SNP),Anne FAIRLIE (SNP),skipped,skipped,skipped,skipped,skipped,skipped,skipped,3,9
1947,Drew FILSON (Ind),John BELL (SNP),Anne FAIRLIE (SNP),Elaine DINWOODIE (Lab),skipped,skipped,skipped,skipped,skipped,skipped,3,9
1948,Drew FILSON (Ind),John BELL (SNP),Anne FAIRLIE (SNP),Elaine DINWOODIE (Lab),Elaine STEWART (Lab),John YOUNG (Ind),Mark MITCHELL (Libtn),Craig MURRAY (Grn),Alison HARPER (C),skipped,3,9
1949,Drew FILSON (Ind),John BELL (SNP),Anne FAIRLIE (SNP),Elaine DINWOODIE (Lab),John YOUNG (Ind),Craig MURRAY (Grn),Alison HARPER (C),Mark MITCHELL (Libtn),Elaine STEWART (Lab),skipped,3,9
1950,Drew FILSON (Ind),John BELL (SNP),Anne FAIRLIE (SNP),Craig MURRAY (Grn),John YOUNG (Ind),Mark MITCHELL (Libtn),skipped,skipped,skipped,skipped,3,9
1951,Drew FILSON (Ind),John BELL (SNP),Anne FAIRLIE (SNP),Elaine STEWART (Lab),Elaine DINWOODIE (Lab),John YOUNG (Ind),skipped,skipped,skipped,skipped,3,9
1952,Drew FILSON (Ind),John BELL (SNP),Anne FAIRLIE (SNP),John YOUNG (Ind),skipped,skipped,skipped,skipped,skipped,skipped,3,9
1953,Drew FILSON (Ind),John BELL (SNP),Anne FAIRLIE (SNP),John YOUNG (Ind),skipped,skipped,skipped,skipped,skipped,skipped,3,9
1954,Drew FILSON (Ind),John BELL (SNP),Anne FAIRLIE (SNP),John YOUNG (Ind),skipped,skipped,skipped,skipped,skipped,skipped,3,9
1955,Drew FILSON (Ind),John BELL (SNP),Anne FAIRLIE (SNP),John YOUNG (Ind),Mark MITCHELL (Libtn),Alison HARPER (C),Craig MURRAY (Grn),skipped,skipped,skipped,3,9
1956,Drew FILSON (Ind),John BELL (SNP),Craig MURRAY (Grn),skipped,skipped,skipped,skipped,skipped,skipped,skipped,3,9
1957,Drew FILSON (Ind),John BELL (SNP),Craig MURRAY (Grn),John YOUNG (Ind),skipped,skipped,skipped,skipped,skipped,skipped,3,9
1958,Drew FILSON (Ind),John BELL (SNP),Elaine STEWART (Lab),skipped,skipped,skipped,skipped,skipped,skipped,skipped,3,9
1959,Drew FILSON (Ind),John BELL (SNP),Elaine STEWART (Lab),skipped,skipped,skipped,skipped,skipped,skipped,skipped,3,9
1960,Drew FILSON (Ind),John BELL (SNP),Elaine STEWART (Lab),skipped,skipped,skipped,skipped,skipped,skipped,skipped,3,9
1961,Drew FILSON (Ind),John BELL (SNP),Elaine STEWART (Lab),skipped,skipped,skipped,skipped,skipped,skipped,skipped,3,9
1962,Drew FILSON (Ind),John BELL (SNP),Elaine STEWART (Lab),skipped,skipped,skipped,skipped,skipped,skipped,skipped,3,9
1963,Drew FILSON (Ind),John BELL (SNP),Elaine STEWART (Lab),Elaine DINWOODIE (Lab),John YOUNG (Ind),Anne FAIRLIE (SNP),Craig MURRAY (Grn),Mark MITCHELL (Libtn),Alison HARPER (C),skipped,3,9
1964,Drew FILSON (Ind),John BELL (SNP),Elaine STEWART (Lab),Alison HARPER (C),Elaine DINWOODIE (Lab),Anne FAIRLIE (SNP),John YOUNG (Ind),Mark MITCHELL (Libtn),Craig MURRAY (Grn),skipped,3,9
1965,Drew FILSON (Ind),John BELL (SNP),John YOUNG (Ind),skipped,skipped,skipped,skipped,skipped,skipped,skipped,3,9
1966,Drew FILSON (Ind),John BELL (SNP),John YOUNG (Ind),Anne FAIRLIE (SNP),Craig MURRAY (Grn),Mark MITCHELL (Libtn),Alison HARPER (C),skipped,skipped,skipped,3,9
1967,Drew FILSON (Ind),John BELL (SNP),John YOUNG (Ind),Elaine STEWART (Lab),skipped,skipped,skipped,skipped,skipped,skipped,3,9
1968,Drew FILSON (Ind),John BELL (SNP),John YOUNG (Ind),Elaine STEWART (Lab),Elaine DINWOODIE (Lab),Craig MURRAY (Grn),Anne FAIRLIE (SNP),Alison HARPER (C),Mark MITCHELL (Libtn),skipped,3,9
1969,Drew FILSON (Ind),Elaine DINWOODIE (Lab),skipped,skipped,skipped,skipped,skipped,skipped,skipped,skipped,3,9
1970,Drew FILSON (Ind),Elaine DINWOODIE (Lab),skipped,skipped,skipped,skipped,skipped,skipped,skipped,skipped,3,9
1971,Drew FILSON (Ind),Elaine DINWOODIE (Lab),skipped,skipped,skipped,skipped,skipped,skipped,skipped,skipped,3,9
1972,Drew FILSON (Ind),Elaine DINWOODIE (Lab),skipped,skipped,skipped,skipped,skipped,skipped,skipped,skipped,3,9
1973,Drew FILSON (Ind),Elaine DINWOODIE (Lab),skipped,skipped,skipped,skipped,skipped,skipped,skipped,skipped,3,9
1974,Drew FILSON (Ind),Elaine DINWOODIE (Lab),skipped,skipped,skipped,skipped,skipped,skipped,skipped,skipped,3,9
1975,Drew FILSON (Ind),Elaine DINWOODIE (Lab),skipped,skipped,skipped,skipped,skipped,skipped,skipped,skipped,3,9
1976,Drew FILSON (Ind),Elaine DINWOODIE (Lab),skipped,skipped,skipped,skipped,skipped,skipped,skipped,skipped,3,9
1977,Drew FILSON (Ind),Elaine DINWOODIE (Lab),skipped,skipped,skipped,skipped,skipped,skipped,skipped,skipped,3,9
1978,Drew FILSON (Ind),Elaine DINWOODIE (Lab),skipped,skipped,skipped,skipped,skipped,skipped,skipped,skipped,3,9
1979,Drew FILSON (Ind),Elaine DINWOODIE (Lab),skipped,skipped,skipped,skipped,skipped,skipped,skipped,skipped,3,9
1980,Drew FILSON (Ind),Elaine DINWOODIE (Lab),skipped,skipped,skipped,skipped,skipped,skipped,skipped,skipped,3,9
1981,Drew FILSON (Ind),Elaine DINWOODIE (Lab),skipped,skipped,skipped,skipped,skipped,skipped,skipped,skipped,3,9
1982,Drew FILSON (Ind),Elaine DINWOODIE (Lab),skipped,skipped,skipped,skipped,skipped,skipped,skipped,skipped,3,9
1983,Drew FILSON (Ind),Elaine DINWOODIE (Lab),skipped,skipped,skipped,skipped,skipped,skipped,skipped,skipped,3,9
1984,Drew FILSON (Ind),Elaine DINWOODIE (Lab),skipped,skipped,skipped,skipped,skipped,skipped,skipped,skipped,3,9
1985,Drew FILSON (Ind),Elaine DINWOODIE (Lab),skipped,skipped,skipped,skipped,skipped,skipped,skipped,skipped,3,9
1986,Drew FILSON (Ind),Elaine DINWOODIE (Lab),skipped,skipped,skipped,skipped,skipped,skipped,skipped,skipped,3,9
1987,Drew FILSON (Ind),Elaine DINWOODIE (Lab),skipped,skipped,skipped,skipped,skipped,skipped,skipped,skipped,3,9
1988,Drew FILSON (Ind),Elaine DINWOODIE (Lab),skipped,skipped,skipped,skipped,skipped,skipped,skipped,skipped,3,9
1989,Drew FILSON (Ind),Elaine DINWOODIE (Lab),skipped,skipped,skipped,skipped,skipped,skipped,skipped,skipped,3,9
1990,Drew FILSON (Ind),Elaine DINWOODIE (Lab),skipped,skipped,skipped,skipped,skipped,skipped,skipped,skipped,3,9
1991,Drew FILSON (Ind),Elaine DINWOODIE (Lab),skipped,skipped,skipped,skipped,skipped,skipped,skipped,skipped,3,9
1992,Drew FILSON (Ind),Elaine DINWOODIE (Lab),skipped,skipped,skipped,skipped,skipped,skipped,skipped,skipped,3,9
1993,Drew FILSON (Ind),Elaine DINWOODIE (Lab),John BELL (SNP),skipped,skipped,skipped,skipped,skipped,skipped,skipped,3,9
1994,Drew FILSON (Ind),Elaine DINWOODIE (Lab),John BELL (SNP),skipped,skipped,skipped,skipped,skipped,skipped,skipped,3,9
1995,Drew FILSON (Ind),Elaine DINWOODIE (Lab),John BELL (SNP),skipped,skipped,skipped,skipped,skipped,skipped,skipped,3,9
1996,Drew FILSON (Ind),Elaine DINWOODIE (Lab),John BELL (SNP),skipped,skipped,skipped,skipped,skipped,skipped,skipped,3,9
1997,Drew FILSON (Ind),Elaine DINWOODIE (Lab),John BELL (SNP),skipped,skipped,skipped,skipped,skipped,skipped,skipped,3,9
1998,Drew FILSON (Ind),Elaine DINWOODIE (Lab),John BELL (SNP),skipped,skipped,skipped,skipped,skipped,skipped,skipped,3,9
1999,Drew FILSON (Ind),Elaine DINWOODIE (Lab),John BELL (SNP),Anne FAIRLIE (SNP),Alison HARPER (C),Mark MITCHELL (Libtn),Craig MURRAY (Grn),Elaine STEWART (Lab),John YOUNG (Ind),skipped,3,9
2000,Drew FILSON (Ind),Elaine DINWOODIE (Lab),John BELL (SNP),Anne FAIRLIE (SNP),Mark MITCHELL (Libtn),Alison HARPER (C),Craig MURRAY (Grn),Elaine STEWART (Lab),John YOUNG (Ind),skipped,3,9
2001,Drew FILSON (Ind),Elaine DINWOODIE (Lab),John BELL (SNP),Anne FAIRLIE (SNP),John YOUNG (Ind),Craig MURRAY (Grn),Alison HARPER (C),Mark MITCHELL (Libtn),Elaine STEWART (Lab),skipped,3,9
2002,Drew FILSON (Ind),Elaine DINWOODIE (Lab),John BELL (SNP),Alison HARPER (C),Anne FAIRLIE (SNP),skipped,skipped,skipped,skipped,skipped,3,9
2003,Drew FILSON (Ind),Elaine DINWOODIE (Lab),John BELL (SNP),Elaine STEWART (Lab),skipped,skipped,skipped,skipped,skipped,skipped,3,9
2004,Drew FILSON (Ind),Elaine DINWOODIE (Lab),John BELL (SNP),Elaine STEWART (Lab),John YOUNG (Ind),Mark MITCHELL (Libtn),Alison HARPER (C),Craig MURRAY (Grn),Anne FAIRLIE (SNP),skipped,3,9
2005,Drew FILSON (Ind),Elaine DINWOODIE (Lab),Anne FAIRLIE (SNP),skipped,skipped,skipped,skipped,skipped,skipped,skipped,3,9
2006,Drew FILSON (Ind),Elaine DINWOODIE (Lab),Anne FAIRLIE (SNP),skipped,skipped,skipped,skipped,skipped,skipped,skipped,3,9
2007,Drew FILSON (Ind),Elaine DINWOODIE (Lab),Anne FAIRLIE (SNP),skipped,skipped,skipped,skipped,skipped,skipped,skipped,3,9
2008,Drew FILSON (Ind),Elaine DINWOODIE (Lab),Anne FAIRLIE (SNP),John BELL (SNP),Alison HARPER (C),skipped,skipped,skipped,skipped,skipped,3,9
2009,Drew FILSON (Ind),Elaine DINWOODIE (Lab),Anne FAIRLIE (SNP),Alison HARPER (C),skipped,skipped,skipped,skipped,skipped,skipped,3,9
2010,Drew FILSON (Ind),Elaine DINWOODIE (Lab),Alison HARPER (C),skipped,skipped,skipped,skipped,skipped,skipped,skipped,3,9
2011,Drew FILSON (Ind),Elaine DINWOODIE (Lab),Alison HARPER (C),skipped,skipped,skipped,skipped,skipped,skipped,skipped,3,9
2012,Drew FILSON (Ind),Elaine DINWOODIE (Lab),Alison HARPER (C),skipped,skipped,skipped,skipped,skipped,skipped,skipped,3,9
2013,Drew FILSON (Ind),Elaine DINWOODIE (Lab),Alison HARPER (C),Elaine STEWART (Lab),skipped,skipped,skipped,skipped,skipped,skipped,3,9
2014,Drew FILSON (Ind),Elaine DINWOODIE (Lab),Alison HARPER (C),Elaine STEWART (Lab),skipped,skipped,skipped,skipped,skipped,skipped,3,9
2015,Drew FILSON (Ind),Elaine DINWOODIE (Lab),Mark MITCHELL (Libtn),skipped,skipped,skipped,skipped,skipped,skipped,skipped,3,9
2016,Drew FILSON (Ind),Elaine DINWOODIE (Lab),Craig MURRAY (Grn),skipped,skipped,skipped,skipped,skipped,skipped,skipped,3,9
2017,Drew FILSON (Ind),Elaine DINWOODIE (Lab),Craig MURRAY (Grn),skipped,skipped,skipped,skipped,skipped,skipped,skipped,3,9
2018,Drew FILSON (Ind),Elaine DINWOODIE (Lab),Craig MURRAY (Grn),skipped,skipped,skipped,skipped,skipped,skipped,skipped,3,9
2019,Drew FILSON (Ind),Elaine DINWOODIE (Lab),Craig MURRAY (Grn),Elaine STEWART (Lab),John YOUNG (Ind),Anne FAIRLIE (SNP),Alison HARPER (C),Mark MITCHELL (Libtn),John BELL (SNP),skipped,3,9
2020,Drew FILSON (Ind),Elaine DINWOODIE (Lab),Craig MURRAY (Grn),John YOUNG (Ind),Elaine STEWART (Lab),skipped,skipped,skipped,skipped,skipped,3,9
2021,Drew FILSON (Ind),Elaine DINWOODIE (Lab),Elaine STEWART (Lab),skipped,skipped,skipped,skipped,skipped,skipped,skipped,3,9
2022,Drew FILSON (Ind),Elaine DINWOODIE (Lab),Elaine STEWART (Lab),skipped,skipped,skipped,skipped,skipped,skipped,skipped,3,9
2023,Drew FILSON (Ind),Elaine DINWOODIE (Lab),Elaine STEWART (Lab),skipped,skipped,skipped,skipped,skipped,skipped,skipped,3,9
2024,Drew FILSON (Ind),Elaine DINWOODIE (Lab),Elaine STEWART (Lab),skipped,skipped,skipped,skipped,skipped,skipped,skipped,3,9
2025,Drew FILSON (Ind),Elaine DINWOODIE (Lab),Elaine STEWART (Lab),skipped,skipped,skipped,skipped,skipped,skipped,skipped,3,9
2026,Drew FILSON (Ind),Elaine DINWOODIE (Lab),Elaine STEWART (Lab),skipped,skipped,skipped,skipped,skipped,skipped,skipped,3,9
2027,Drew FILSON (Ind),Elaine DINWOODIE (Lab),Elaine STEWART (Lab),skipped,skipped,skipped,skipped,skipped,skipped,skipped,3,9
2028,Drew FILSON (Ind),Elaine DINWOODIE (Lab),Elaine STEWART (Lab),skipped,skipped,skipped,skipped,skipped,skipped,skipped,3,9
2029,Drew FILSON (Ind),Elaine DINWOODIE (Lab),Elaine STEWART (Lab),skipped,skipped,skipped,skipped,skipped,skipped,skipped,3,9
2030,Drew FILSON (Ind),Elaine DINWOODIE (Lab),Elaine STEWART (Lab),skipped,skipped,skipped,skipped,skipped,skipped,skipped,3,9
2031,Drew FILSON (Ind),Elaine DINWOODIE (Lab),Elaine STEWART (Lab),skipped,skipped,skipped,skipped,skipped,skipped,skipped,3,9
2032,Drew FILSON (Ind),Elaine DINWOODIE (Lab),Elaine STEWART (Lab),skipped,skipped,skipped,skipped,skipped,skipped,skipped,3,9
2033,Drew FILSON (Ind),Elaine DINWOODIE (Lab),Elaine STEWART (Lab),skipped,skipped,skipped,skipped,skipped,skipped,skipped,3,9
2034,Drew FILSON (Ind),Elaine DINWOODIE (Lab),Elaine STEWART (Lab),skipped,skipped,skipped,skipped,skipped,skipped,skipped,3,9
2035,Drew FILSON (Ind),Elaine DINWOODIE (Lab),Elaine STEWART (Lab),skipped,skipped,skipped,skipped,skipped,skipped,skipped,3,9
2036,Drew FILSON (Ind),Elaine DINWOODIE (Lab),Elaine STEWART (Lab),skipped,skipped,skipped,skipped,skipped,skipped,skipped,3,9
2037,Drew FILSON (Ind),Elaine DINWOODIE (Lab),Elaine STEWART (Lab),skipped,skipped,skipped,skipped,skipped,skipped,skipped,3,9
2038,Drew FILSON (Ind),Elaine DINWOODIE (Lab),Elaine STEWART (Lab),skipped,skipped,skipped,skipped,skipped,skipped,skipped,3,9
2039,Drew FILSON (Ind),Elaine DINWOODIE (Lab),Elaine STEWART (Lab),skipped,skipped,skipped,skipped,skipped,skipped,skipped,3,9
2040,Drew FILSON (Ind),Elaine DINWOODIE (Lab),Elaine STEWART (Lab),skipped,skipped,skipped,skipped,skipped,skipped,skipped,3,9
2041,Drew FILSON (Ind),Elaine DINWOODIE (Lab),Elaine STEWART (Lab),skipped,skipped,skipped,skipped,skipped,skipped,skipped,3,9
2042,Drew FILSON (Ind),Elaine DINWOODIE (Lab),Elaine STEWART (Lab),skipped,skipped,skipped,skipped,skipped,skipped,skipped,3,9
2043,Drew FILSON (Ind),Elaine DINWOODIE (Lab),Elaine STEWART (Lab),skipped,skipped,skipped,skipped,skipped,skipped,skipped,3,9
2044,Drew FILSON (Ind),Elaine DINWOODIE (Lab),Elaine STEWART (Lab),skipped,skipped,skipped,skipped,skipped,skipped,skipped,3,9
2045,Drew FILSON (Ind),Elaine DINWOODIE (Lab),Elaine STEWART (Lab),skipped,skipped,skipped,skipped,skipped,skipped,skipped,3,9
2046,Drew FILSON (Ind),Elaine DINWOODIE (Lab),Elaine STEWART (Lab),skipped,skipped,skipped,skipped,skipped,skipped,skipped,3,9
2047,Drew FILSON (Ind),Elaine DINWOODIE (Lab),Elaine STEWART (Lab),skipped,skipped,skipped,skipped,skipped,skipped,skipped,3,9
2048,Drew FILSON (Ind),Elaine DINWOODIE (Lab),Elaine STEWART (Lab),skipped,skipped,skipped,skipped,skipped,skipped,skipped,3,9
2049,Drew FILSON (Ind),Elaine DINWOODIE (Lab),Elaine STEWART (Lab),skipped,skipped,skipped,skipped,skipped,skipped,skipped,3,9
2050,Drew FILSON (Ind),Elaine DINWOODIE (Lab),Elaine STEWART (Lab),skipped,skipped,skipped,skipped,skipped,skipped,skipped,3,9
2051,Drew FILSON (Ind),Elaine DINWOODIE (Lab),Elaine STEWART (Lab),skipped,skipped,skipped,skipped,skipped,skipped,skipped,3,9
2052,Drew FILSON (Ind),Elaine DINWOODIE (Lab),Elaine STEWART (Lab),skipped,skipped,skipped,skipped,skipped,skipped,skipped,3,9
2053,Drew FILSON (Ind),Elaine DINWOODIE (Lab),Elaine STEWART (Lab),skipped,skipped,skipped,skipped,skipped,skipped,skipped,3,9
2054,Drew FILSON (Ind),Elaine DINWOODIE (Lab),Elaine STEWART (Lab),skipped,skipped,skipped,skipped,skipped,skipped,skipped,3,9
2055,Drew FILSON (Ind),Elaine DINWOODIE (Lab),Elaine STEWART (Lab),skipped,skipped,skipped,skipped,skipped,skipped,skipped,3,9
2056,Drew FILSON (Ind),Elaine DINWOODIE (Lab),Elaine STEWART (Lab),John BELL (SNP),skipped,skipped,skipped,skipped,skipped,skipped,3,9
2057,Drew FILSON (Ind),Elaine DINWOODIE (Lab),Elaine STEWART (Lab),Anne FAIRLIE (SNP),skipped,skipped,skipped,skipped,skipped,skipped,3,9
2058,Drew FILSON (Ind),Elaine DINWOODIE (Lab),Elaine STEWART (Lab),Alison HARPER (C),skipped,skipped,skipped,skipped,skipped,skipped,3,9
2059,Drew FILSON (Ind),Elaine DINWOODIE (Lab),Elaine STEWART (Lab),John YOUNG (Ind),skipped,skipped,skipped,skipped,skipped,skipped,3,9
2060,Drew FILSON (Ind),Elaine DINWOODIE (Lab),Elaine STEWART (Lab),John YOUNG (Ind),skipped,skipped,skipped,skipped,skipped,skipped,3,9
2061,Drew FILSON (Ind),Elaine DINWOODIE (Lab),Elaine STEWART (Lab),John YOUNG (Ind),skipped,skipped,skipped,skipped,skipped,skipped,3,9
2062,Drew FILSON (Ind),Elaine DINWOODIE (Lab),Elaine STEWART (Lab),John YOUNG (Ind),Alison HARPER (C),Mark MITCHELL (Libtn),Craig MURRAY (Grn),Anne FAIRLIE (SNP),John BELL (SNP),skipped,3,9
2063,Drew FILSON (Ind),Elaine DINWOODIE (Lab),Elaine STEWART (Lab),John YOUNG (Ind),Mark MITCHELL (Libtn),Craig MURRAY (Grn),Alison HARPER (C),Anne FAIRLIE (SNP),John BELL (SNP),skipped,3,9
2064,Drew FILSON (Ind),Elaine DINWOODIE (Lab),Elaine STEWART (Lab),John YOUNG (Ind),Craig MURRAY (Grn),Mark MITCHELL (Libtn),skipped,skipped,skipped,skipped,3,9
2065,Drew FILSON (Ind),Elaine DINWOODIE (Lab),John YOUNG (Ind),skipped,skipped,skipped,skipped,skipped,skipped,skipped,3,9
2066,Drew FILSON (Ind),Elaine DINWOODIE (Lab),John YOUNG (Ind),skipped,skipped,skipped,skipped,skipped,skipped,skipped,3,9
2067,Drew FILSON (Ind),Elaine DINWOODIE (Lab),John YOUNG (Ind),skipped,skipped,skipped,skipped,skipped,skipped,skipped,3,9
2068,Drew FILSON (Ind),Elaine DINWOODIE (Lab),John YOUNG (Ind),skipped,skipped,skipped,skipped,skipped,skipped,skipped,3,9
2069,Drew FILSON (Ind),Elaine DINWOODIE (Lab),John YOUNG (Ind),skipped,skipped,skipped,skipped,skipped,skipped,skipped,3,9
2070,Drew FILSON (Ind),Elaine DINWOODIE (Lab),John YOUNG (Ind),skipped,skipped,skipped,skipped,skipped,skipped,skipped,3,9
2071,Drew FILSON (Ind),Elaine DINWOODIE (Lab),John YOUNG (Ind),skipped,skipped,skipped,skipped,skipped,skipped,skipped,3,9
2072,Drew FILSON (Ind),Elaine DINWOODIE (Lab),John YOUNG (Ind),skipped,skipped,skipped,skipped,skipped,skipped,skipped,3,9
2073,Drew FILSON (Ind),Elaine DINWOODIE (Lab),John YOUNG (Ind),skipped,skipped,skipped,skipped,skipped,skipped,skipped,3,9
2074,Drew FILSON (Ind),Elaine DINWOODIE (Lab),John YOUNG (Ind),John BELL (SNP),skipped,skipped,skipped,skipped,skipped,skipped,3,9
2075,Drew FILSON (Ind),Elaine DINWOODIE (Lab),John YOUNG (Ind),John BELL (SNP),Anne FAIRLIE (SNP),Craig MURRAY (Grn),Elaine STEWART (Lab),Mark MITCHELL (Libtn),Alison HARPER (C),skipped,3,9
2076,Drew FILSON (Ind),Elaine DINWOODIE (Lab),John YOUNG (Ind),Anne FAIRLIE (SNP),John BELL (SNP),Craig MURRAY (Grn),Mark MITCHELL (Libtn),Alison HARPER (C),skipped,skipped,3,9
2077,Drew FILSON (Ind),Elaine DINWOODIE (Lab),John YOUNG (Ind),Alison HARPER (C),skipped,skipped,skipped,skipped,skipped,skipped,3,9
2078,Drew FILSON (Ind),Anne FAIRLIE (SNP),skipped,skipped,skipped,skipped,skipped,skipped,skipped,skipped,3,9
2079,Drew FILSON (Ind),Anne FAIRLIE (SNP),skipped,skipped,skipped,skipped,skipped,skipped,skipped,skipped,3,9
2080,Drew FILSON (Ind),Anne FAIRLIE (SNP),John BELL (SNP),skipped,skipped,skipped,skipped,skipped,skipped,skipped,3,9
2081,Drew FILSON (Ind),Anne FAIRLIE (SNP),John BELL (SNP),skipped,skipped,skipped,skipped,skipped,skipped,skipped,3,9
2082,Drew FILSON (Ind),Anne FAIRLIE (SNP),John BELL (SNP),skipped,skipped,skipped,skipped,skipped,skipped,skipped,3,9
2083,Drew FILSON (Ind),Anne FAIRLIE (SNP),John BELL (SNP),skipped,skipped,skipped,skipped,skipped,skipped,skipped,3,9
2084,Drew FILSON (Ind),Anne FAIRLIE (SNP),John BELL (SNP),skipped,skipped,skipped,skipped,skipped,skipped,skipped,3,9
2085,Drew FILSON (Ind),Anne FAIRLIE (SNP),John BELL (SNP),skipped,skipped,skipped,skipped,skipped,skipped,skipped,3,9
2086,Drew FILSON (Ind),Anne FAIRLIE (SNP),John BELL (SNP),skipped,skipped,skipped,skipped,skipped,skipped,skipped,3,9
2087,Drew FILSON (Ind),Anne FAIRLIE (SNP),John BELL (SNP),skipped,skipped,skipped,skipped,skipped,skipped,skipped,3,9
2088,Drew FILSON (Ind),Anne FAIRLIE (SNP),John BELL (SNP),Elaine DINWOODIE (Lab),Alison HARPER (C),Mark MITCHELL (Libtn),Elaine STEWART (Lab),Craig MURRAY (Grn),John YOUNG (Ind),skipped,3,9
2089,Drew FILSON (Ind),Anne FAIRLIE (SNP),John BELL (SNP),Craig MURRAY (Grn),Elaine DINWOODIE (Lab),Elaine STEWART (Lab),Mark MITCHELL (Libtn),Alison HARPER (C),skipped,skipped,3,9
2090,Drew FILSON (Ind),Anne FAIRLIE (SNP),Elaine DINWOODIE (Lab),skipped,skipped,skipped,skipped,skipped,skipped,skipped,3,9
2091,Drew FILSON (Ind),Anne FAIRLIE (SNP),Elaine DINWOODIE (Lab),skipped,skipped,skipped,skipped,skipped,skipped,skipped,3,9
2092,Drew FILSON (Ind),Anne FAIRLIE (SNP),Elaine DINWOODIE (Lab),John BELL (SNP),skipped,skipped,skipped,skipped,skipped,skipped,3,9
2093,Drew FILSON (Ind),Anne FAIRLIE (SNP),Elaine DINWOODIE (Lab),John BELL (SNP),Alison HARPER (C),skipped,skipped,skipped,skipped,skipped,3,9
2094,Drew FILSON (Ind),Anne FAIRLIE (SNP),Alison HARPER (C),skipped,skipped,skipped,skipped,skipped,skipped,skipped,3,9
2095,Drew FILSON (Ind),Anne FAIRLIE (SNP),Craig MURRAY (Grn),skipped,skipped,skipped,skipped,skipped,skipped,skipped,3,9
2096,Drew FILSON (Ind),Anne FAIRLIE (SNP),Elaine STEWART (Lab),skipped,skipped,skipped,skipped,skipped,skipped,skipped,3,9
2097,Drew FILSON (Ind),Anne FAIRLIE (SNP),Elaine STEWART (Lab),skipped,skipped,skipped,skipped,skipped,skipped,skipped,3,9
2098,Drew FILSON (Ind),Anne FAIRLIE (SNP),Elaine STEWART (Lab),skipped,skipped,skipped,skipped,skipped,skipped,skipped,3,9
2099,Drew FILSON (Ind),Anne FAIRLIE (SNP),John YOUNG (Ind),skipped,skipped,skipped,skipped,skipped,skipped,skipped,3,9
2100,Drew FILSON (Ind),Alison HARPER (C),skipped,skipped,skipped,skipped,skipped,skipped,skipped,skipped,3,9
2101,Drew FILSON (Ind),Alison HARPER (C),skipped,skipped,skipped,skipped,skipped,skipped,skipped,skipped,3,9
2102,Drew FILSON (Ind),Alison HARPER (C),skipped,skipped,skipped,skipped,skipped,skipped,skipped,skipped,3,9
2103,Drew FILSON (Ind),Alison HARPER (C),skipped,skipped,skipped,skipped,skipped,skipped,skipped,skipped,3,9
2104,Drew FILSON (Ind),Alison HARPER (C),skipped,skipped,skipped,skipped,skipped,skipped,skipped,skipped,3,9
2105,Drew FILSON (Ind),Alison HARPER (C),skipped,skipped,skipped,skipped,skipped,skipped,skipped,skipped,3,9
2106,Drew FILSON (Ind),Alison HARPER (C),skipped,skipped,skipped,skipped,skipped,skipped,skipped,skipped,3,9
2107,Drew FILSON (Ind),Alison HARPER (C),skipped,skipped,skipped,skipped,skipped,skipped,skipped,skipped,3,9
2108,Drew FILSON (Ind),Alison HARPER (C),John BELL (SNP),skipped,skipped,skipped,skipped,skipped,skipped,skipped,3,9
2109,Drew FILSON (Ind),Alison HARPER (C),John BELL (SNP),skipped,skipped,skipped,skipped,skipped,skipped,skipped,3,9
2110,Drew FILSON (Ind),Alison HARPER (C),Elaine DINWOODIE (Lab),skipped,skipped,skipped,skipped,skipped,skipped,skipped,3,9
2111,Drew FILSON (Ind),Alison HARPER (C),Elaine DINWOODIE (Lab),Elaine STEWART (Lab),skipped,skipped,skipped,skipped,skipped,skipped,3,9
2112,Drew FILSON (Ind),Alison HARPER (C),Elaine DINWOODIE (Lab),Elaine STEWART (Lab),John YOUNG (Ind),Mark MITCHELL (Libtn),Craig MURRAY (Grn),John BELL (SNP),Anne FAIRLIE (SNP),skipped,3,9
2113,Drew FILSON (Ind),Alison HARPER (C),Mark MITCHELL (Libtn),skipped,skipped,skipped,skipped,skipped,skipped,skipped,3,9
2114,Drew FILSON (Ind),Alison HARPER (C),Mark MITCHELL (Libtn),skipped,skipped,skipped,skipped,skipped,skipped,skipped,3,9
2115,Drew FILSON (Ind),Alison HARPER (C),Mark MITCHELL (Libtn),Craig MURRAY (Grn),Elaine STEWART (Lab),John YOUNG (Ind),John BELL (SNP),skipped,skipped,skipped,3,9
2116,Drew FILSON (Ind),Alison HARPER (C),Craig MURRAY (Grn),skipped,skipped,skipped,skipped,skipped,skipped,skipped,3,9
2117,Drew FILSON (Ind),Alison HARPER (C),Elaine STEWART (Lab),skipped,skipped,skipped,skipped,skipped,skipped,skipped,3,9
2118,Drew FILSON (Ind),Alison HARPER (C),Elaine STEWART (Lab),skipped,skipped,skipped,skipped,skipped,skipped,skipped,3,9
2119,Drew FILSON (Ind),Alison HARPER (C),Elaine STEWART (Lab),John YOUNG (Ind),Mark MITCHELL (Libtn),Elaine DINWOODIE (Lab),skipped,skipped,skipped,skipped,3,9
2120,Drew FILSON (Ind),Alison HARPER (C),John YOUNG (Ind),skipped,skipped,skipped,skipped,skipped,skipped,skipped,3,9
2121,Drew FILSON (Ind),Alison HARPER (C),John YOUNG (Ind),skipped,skipped,skipped,skipped,skipped,skipped,skipped,3,9
2122,Drew FILSON (Ind),Alison HARPER (C),John YOUNG (Ind),skipped,skipped,skipped,skipped,skipped,skipped,skipped,3,9
2123,Drew FILSON (Ind),Alison HARPER (C),John YOUNG (Ind),skipped,skipped,skipped,skipped,skipped,skipped,skipped,3,9
2124,Drew FILSON (Ind),Alison HARPER (C),John YOUNG (Ind),skipped,skipped,skipped,skipped,skipped,skipped,skipped,3,9
2125,Drew FILSON (Ind),Alison HARPER (C),John YOUNG (Ind),skipped,skipped,skipped,skipped,skipped,skipped,skipped,3,9
2126,Drew FILSON (Ind),Alison HARPER (C),John YOUNG (Ind),skipped,skipped,skipped,skipped,skipped,skipped,skipped,3,9
2127,Drew FILSON (Ind),Alison HARPER (C),John YOUNG (Ind),skipped,skipped,skipped,skipped,skipped,skipped,skipped,3,9
2128,Drew FILSON (Ind),Alison HARPER (C),John YOUNG (Ind),skipped,skipped,skipped,skipped,skipped,skipped,skipped,3,9
2129,Drew FILSON (Ind),Alison HARPER (C),John YOUNG (Ind),skipped,skipped,skipped,skipped,skipped,skipped,skipped,3,9
2130,Drew FILSON (Ind),Alison HARPER (C),John YOUNG (Ind),skipped,skipped,skipped,skipped,skipped,skipped,skipped,3,9
2131,Drew FILSON (Ind),Mark MITCHELL (Libtn),Craig MURRAY (Grn),John YOUNG (Ind),skipped,skipped,skipped,skipped,skipped,skipped,3,9
2132,Drew FILSON (Ind),Mark MITCHELL (Libtn),Elaine STEWART (Lab),John YOUNG (Ind),Alison HARPER (C),Anne FAIRLIE (SNP),John BELL (SNP),Craig MURRAY (Grn),Elaine DINWOODIE (Lab),skipped,3,9
2133,Drew FILSON (Ind),Craig MURRAY (Grn),Elaine DINWOODIE (Lab),John YOUNG (Ind),Alison HARPER (C),Mark MITCHELL (Libtn),Elaine STEWART (Lab),Anne FAIRLIE (SNP),John BELL (SNP),skipped,3,9
2134,Drew FILSON (Ind),Craig MURRAY (Grn),Anne FAIRLIE (SNP),skipped,skipped,skipped,skipped,skipped,skipped,skipped,3,9
2135,Drew FILSON (Ind),Craig MURRAY (Grn),Elaine STEWART (Lab),John YOUNG (Ind),skipped,skipped,skipped,skipped,skipped,skipped,3,9
2136,Drew FILSON (Ind),Craig MURRAY (Grn),John YOUNG (Ind),skipped,skipped,skipped,skipped,skipped,skipped,skipped,3,9
2137,Drew FILSON (Ind),Craig MURRAY (Grn),John YOUNG (Ind),skipped,skipped,skipped,skipped,skipped,skipped,skipped,3,9
2138,Drew FILSON (Ind),Elaine STEWART (Lab),skipped,skipped,skipped,skipped,skipped,skipped,skipped,skipped,3,9
2139,Drew FILSON (Ind),Elaine STEWART (Lab),skipped,skipped,skipped,skipped,skipped,skipped,skipped,skipped,3,9
2140,Drew FILSON (Ind),Elaine STEWART (Lab),skipped,skipped,skipped,skipped,skipped,skipped,skipped,skipped,3,9
2141,Drew FILSON (Ind),Elaine STEWART (Lab),skipped,skipped,skipped,skipped,skipped,skipped,skipped,skipped,3,9
2142,Drew FILSON (Ind),Elaine STEWART (Lab),skipped,skipped,skipped,skipped,skipped,skipped,skipped,skipped,3,9
2143,Drew FILSON (Ind),Elaine STEWART (Lab),skipped,skipped,skipped,skipped,skipped,skipped,skipped,skipped,3,9
2144,Drew FILSON (Ind),Elaine STEWART (Lab),skipped,skipped,skipped,skipped,skipped,skipped,skipped,skipped,3,9
2145,Drew FILSON (Ind),Elaine STEWART (Lab),skipped,skipped,skipped,skipped,skipped,skipped,skipped,skipped,3,9
2146,Drew FILSON (Ind),Elaine STEWART (Lab),skipped,skipped,skipped,skipped,skipped,skipped,skipped,skipped,3,9
2147,Drew FILSON (Ind),Elaine STEWART (Lab),skipped,skipped,skipped,skipped,skipped,skipped,skipped,skipped,3,9
2148,Drew FILSON (Ind),Elaine STEWART (Lab),skipped,skipped,skipped,skipped,skipped,skipped,skipped,skipped,3,9
2149,Drew FILSON (Ind),Elaine STEWART (Lab),skipped,skipped,skipped,skipped,skipped,skipped,skipped,skipped,3,9
2150,Drew FILSON (Ind),Elaine STEWART (Lab),skipped,skipped,skipped,skipped,skipped,skipped,skipped,skipped,3,9
2151,Drew FILSON (Ind),Elaine STEWART (Lab),skipped,skipped,skipped,skipped,skipped,skipped,skipped,skipped,3,9
2152,Drew FILSON (Ind),Elaine STEWART (Lab),skipped,skipped,skipped,skipped,skipped,skipped,skipped,skipped,3,9
2153,Drew FILSON (Ind),Elaine STEWART (Lab),John BELL (SNP),skipped,skipped,skipped,skipped,skipped,skipped,skipped,3,9
2154,Drew FILSON (Ind),Elaine STEWART (Lab),John BELL (SNP),skipped,skipped,skipped,skipped,skipped,skipped,skipped,3,9
2155,Drew FILSON (Ind),Elaine STEWART (Lab),John BELL (SNP),skipped,skipped,skipped,skipped,skipped,skipped,skipped,3,9
2156,Drew FILSON (Ind),Elaine STEWART (Lab),John BELL (SNP),skipped,skipped,skipped,skipped,skipped,skipped,skipped,3,9
2157,Drew FILSON (Ind),Elaine STEWART (Lab),John BELL (SNP),skipped,skipped,skipped,skipped,skipped,skipped,skipped,3,9
2158,Drew FILSON (Ind),Elaine STEWART (Lab),John BELL (SNP),skipped,skipped,skipped,skipped,skipped,skipped,skipped,3,9
2159,Drew FILSON (Ind),Elaine STEWART (Lab),John BELL (SNP),skipped,skipped,skipped,skipped,skipped,skipped,skipped,3,9
2160,Drew FILSON (Ind),Elaine STEWART (Lab),John BELL (SNP),skipped,skipped,skipped,skipped,skipped,skipped,skipped,3,9
2161,Drew FILSON (Ind),Elaine STEWART (Lab),John BELL (SNP),Elaine DINWOODIE (Lab),John YOUNG (Ind),skipped,skipped,skipped,skipped,skipped,3,9
2162,Drew FILSON (Ind),Elaine STEWART (Lab),John BELL (SNP),Anne FAIRLIE (SNP),skipped,skipped,skipped,skipped,skipped,skipped,3,9
2163,Drew FILSON (Ind),Elaine STEWART (Lab),John BELL (SNP),Anne FAIRLIE (SNP),Elaine DINWOODIE (Lab),John YOUNG (Ind),Craig MURRAY (Grn),Mark MITCHELL (Libtn),Alison HARPER (C),skipped,3,9
2164,Drew FILSON (Ind),Elaine STEWART (Lab),John BELL (SNP),John YOUNG (Ind),Elaine DINWOODIE (Lab),skipped,skipped,skipped,skipped,skipped,3,9
2165,Drew FILSON (Ind),Elaine STEWART (Lab),Elaine DINWOODIE (Lab),skipped,skipped,skipped,skipped,skipped,skipped,skipped,3,9
2166,Drew FILSON (Ind),Elaine STEWART (Lab),Elaine DINWOODIE (Lab),skipped,skipped,skipped,skipped,skipped,skipped,skipped,3,9
2167,Drew FILSON (Ind),Elaine STEWART (Lab),Elaine DINWOODIE (Lab),skipped,skipped,skipped,skipped,skipped,skipped,skipped,3,9
2168,Drew FILSON (Ind),Elaine STEWART (Lab),Elaine DINWOODIE (Lab),skipped,skipped,skipped,skipped,skipped,skipped,skipped,3,9
2169,Drew FILSON (Ind),Elaine STEWART (Lab),Elaine DINWOODIE (Lab),skipped,skipped,skipped,skipped,skipped,skipped,skipped,3,9
2170,Drew FILSON (Ind),Elaine STEWART (Lab),Elaine DINWOODIE (Lab),skipped,skipped,skipped,skipped,skipped,skipped,skipped,3,9
2171,Drew FILSON (Ind),Elaine STEWART (Lab),Elaine DINWOODIE (Lab),skipped,skipped,skipped,skipped,skipped,skipped,skipped,3,9
2172,Drew FILSON (Ind),Elaine STEWART (Lab),Elaine DINWOODIE (Lab),skipped,skipped,skipped,skipped,skipped,skipped,skipped,3,9
2173,Drew FILSON (Ind),Elaine STEWART (Lab),Elaine DINWOODIE (Lab),skipped,skipped,skipped,skipped,skipped,skipped,skipped,3,9
2174,Drew FILSON (Ind),Elaine STEWART (Lab),Elaine DINWOODIE (Lab),skipped,skipped,skipped,skipped,skipped,skipped,skipped,3,9
2175,Drew FILSON (Ind),Elaine STEWART (Lab),Elaine DINWOODIE (Lab),skipped,skipped,skipped,skipped,skipped,skipped,skipped,3,9
2176,Drew FILSON (Ind),Elaine STEWART (Lab),Elaine DINWOODIE (Lab),skipped,skipped,skipped,skipped,skipped,skipped,skipped,3,9
2177,Drew FILSON (Ind),Elaine STEWART (Lab),Elaine DINWOODIE (Lab),skipped,skipped,skipped,skipped,skipped,skipped,skipped,3,9
2178,Drew FILSON (Ind),Elaine STEWART (Lab),Elaine DINWOODIE (Lab),skipped,skipped,skipped,skipped,skipped,skipped,skipped,3,9
2179,Drew FILSON (Ind),Elaine STEWART (Lab),Elaine DINWOODIE (Lab),skipped,skipped,skipped,skipped,skipped,skipped,skipped,3,9
2180,Drew FILSON (Ind),Elaine STEWART (Lab),Elaine DINWOODIE (Lab),skipped,skipped,skipped,skipped,skipped,skipped,skipped,3,9
2181,Drew FILSON (Ind),Elaine STEWART (Lab),Elaine DINWOODIE (Lab),skipped,skipped,skipped,skipped,skipped,skipped,skipped,3,9
2182,Drew FILSON (Ind),Elaine STEWART (Lab),Elaine DINWOODIE (Lab),skipped,skipped,skipped,skipped,skipped,skipped,skipped,3,9
2183,Drew FILSON (Ind),Elaine STEWART (Lab),Elaine DINWOODIE (Lab),skipped,skipped,skipped,skipped,skipped,skipped,skipped,3,9
2184,Drew FILSON (Ind),Elaine STEWART (Lab),Elaine DINWOODIE (Lab),skipped,skipped,skipped,skipped,skipped,skipped,skipped,3,9
2185,Drew FILSON (Ind),Elaine STEWART (Lab),Elaine DINWOODIE (Lab),skipped,skipped,skipped,skipped,skipped,skipped,skipped,3,9
2186,Drew FILSON (Ind),Elaine STEWART (Lab),Elaine DINWOODIE (Lab),skipped,skipped,skipped,skipped,skipped,skipped,skipped,3,9
2187,Drew FILSON (Ind),Elaine STEWART (Lab),Elaine DINWOODIE (Lab),skipped,skipped,skipped,skipped,skipped,skipped,skipped,3,9
2188,Drew FILSON (Ind),Elaine STEWART (Lab),Elaine DINWOODIE (Lab),skipped,skipped,skipped,skipped,skipped,skipped,skipped,3,9
2189,Drew FILSON (Ind),Elaine STEWART (Lab),Elaine DINWOODIE (Lab),skipped,skipped,skipped,skipped,skipped,skipped,skipped,3,9
2190,Drew FILSON (Ind),Elaine STEWART (Lab),Elaine DINWOODIE (Lab),skipped,skipped,skipped,skipped,skipped,skipped,skipped,3,9
2191,Drew FILSON (Ind),Elaine STEWART (Lab),Elaine DINWOODIE (Lab),skipped,skipped,skipped,skipped,skipped,skipped,skipped,3,9
2192,Drew FILSON (Ind),Elaine STEWART (Lab),Elaine DINWOODIE (Lab),skipped,skipped,skipped,skipped,skipped,skipped,skipped,3,9
2193,Drew FILSON (Ind),Elaine STEWART (Lab),Elaine DINWOODIE (Lab),skipped,skipped,skipped,skipped,skipped,skipped,skipped,3,9
2194,Drew FILSON (Ind),Elaine STEWART (Lab),Elaine DINWOODIE (Lab),skipped,skipped,skipped,skipped,skipped,skipped,skipped,3,9
2195,Drew FILSON (Ind),Elaine STEWART (Lab),Elaine DINWOODIE (Lab),John BELL (SNP),skipped,skipped,skipped,skipped,skipped,skipped,3,9
2196,Drew FILSON (Ind),Elaine STEWART (Lab),Elaine DINWOODIE (Lab),Anne FAIRLIE (SNP),John BELL (SNP),John YOUNG (Ind),Craig MURRAY (Grn),Mark MITCHELL (Libtn),Alison HARPER (C),skipped,3,9
2197,Drew FILSON (Ind),Elaine STEWART (Lab),Elaine DINWOODIE (Lab),Alison HARPER (C),skipped,skipped,skipped,skipped,skipped,skipped,3,9
2198,Drew FILSON (Ind),Elaine STEWART (Lab),Elaine DINWOODIE (Lab),Mark MITCHELL (Libtn),Craig MURRAY (Grn),John YOUNG (Ind),Alison HARPER (C),Anne FAIRLIE (SNP),John BELL (SNP),skipped,3,9
2199,Drew FILSON (Ind),Elaine STEWART (Lab),Elaine DINWOODIE (Lab),Craig MURRAY (Grn),John YOUNG (Ind),John BELL (SNP),Anne FAIRLIE (SNP),Mark MITCHELL (Libtn),Alison HARPER (C),skipped,3,9
2200,Drew FILSON (Ind),Elaine STEWART (Lab),Elaine DINWOODIE (Lab),John YOUNG (Ind),Mark MITCHELL (Libtn),Craig MURRAY (Grn),Anne FAIRLIE (SNP),John BELL (SNP),Alison HARPER (C),skipped,3,9
2201,Drew FILSON (Ind),Elaine STEWART (Lab),Anne FAIRLIE (SNP),skipped,skipped,skipped,skipped,skipped,skipped,skipped,3,9
2202,Drew FILSON (Ind),Elaine STEWART (Lab),Anne FAIRLIE (SNP),skipped,skipped,skipped,skipped,skipped,skipped,skipped,3,9
2203,Drew FILSON (Ind),Elaine STEWART (Lab),Alison HARPER (C),Elaine DINWOODIE (Lab),skipped,skipped,skipped,skipped,skipped,skipped,3,9
2204,Drew FILSON (Ind),Elaine STEWART (Lab),Alison HARPER (C),John YOUNG (Ind),skipped,skipped,skipped,skipped,skipped,skipped,3,9
2205,Drew FILSON (Ind),Elaine STEWART (Lab),Craig MURRAY (Grn),John BELL (SNP),skipped,skipped,skipped,skipped,skipped,skipped,3,9
2206,Drew FILSON (Ind),Elaine STEWART (Lab),John YOUNG (Ind),skipped,skipped,skipped,skipped,skipped,skipped,skipped,3,9
2207,Drew FILSON (Ind),Elaine STEWART (Lab),John YOUNG (Ind),skipped,skipped,skipped,skipped,skipped,skipped,skipped,3,9
2208,Drew FILSON (Ind),Elaine STEWART (Lab),John YOUNG (Ind),skipped,skipped,skipped,skipped,skipped,skipped,skipped,3,9
2209,Drew FILSON (Ind),Elaine STEWART (Lab),John YOUNG (Ind),skipped,skipped,skipped,skipped,skipped,skipped,skipped,3,9
2210,Drew FILSON (Ind),Elaine STEWART (Lab),John YOUNG (Ind),skipped,skipped,skipped,skipped,skipped,skipped,skipped,3,9
2211,Drew FILSON (Ind),Elaine STEWART (Lab),John YOUNG (Ind),skipped,skipped,skipped,skipped,skipped,skipped,skipped,3,9
2212,Drew FILSON (Ind),Elaine STEWART (Lab),John YOUNG (Ind),skipped,skipped,skipped,skipped,skipped,skipped,skipped,3,9
2213,Drew FILSON (Ind),Elaine STEWART (Lab),John YOUNG (Ind),John BELL (SNP),Elaine DINWOODIE (Lab),skipped,skipped,skipped,skipped,skipped,3,9
2214,Drew FILSON (Ind),Elaine STEWART (Lab),John YOUNG (Ind),John BELL (SNP),Anne FAIRLIE (SNP),Mark MITCHELL (Libtn),Craig MURRAY (Grn),Elaine DINWOODIE (Lab),skipped,skipped,3,9
2215,Drew FILSON (Ind),Elaine STEWART (Lab),John YOUNG (Ind),Elaine DINWOODIE (Lab),skipped,skipped,skipped,skipped,skipped,skipped,3,9
2216,Drew FILSON (Ind),Elaine STEWART (Lab),John YOUNG (Ind),Elaine DINWOODIE (Lab),skipped,skipped,skipped,skipped,skipped,skipped,3,9
2217,Drew FILSON (Ind),Elaine STEWART (Lab),John YOUNG (Ind),Elaine DINWOODIE (Lab),John BELL (SNP),Anne FAIRLIE (SNP),Craig MURRAY (Grn),Mark MITCHELL (Libtn),Alison HARPER (C),skipped,3,9
2218,Drew FILSON (Ind),Elaine STEWART (Lab),John YOUNG (Ind),Elaine DINWOODIE (Lab),John BELL (SNP),Craig MURRAY (Grn),skipped,skipped,skipped,skipped,3,9
2219,Drew FILSON (Ind),Elaine STEWART (Lab),John YOUNG (Ind),Elaine DINWOODIE (Lab),Anne FAIRLIE (SNP),John BELL (SNP),Craig MURRAY (Grn),Mark MITCHELL (Libtn),Alison HARPER (C),skipped,3,9
2220,Drew FILSON (Ind),Elaine STEWART (Lab),John YOUNG (Ind),Mark MITCHELL (Libtn),skipped,skipped,skipped,skipped,skipped,skipped,3,9
2221,Drew FILSON (Ind),John YOUNG (Ind),skipped,skipped,skipped,skipped,skipped,skipped,skipped,skipped,3,9
2222,Drew FILSON (Ind),John YOUNG (Ind),skipped,skipped,skipped,skipped,skipped,skipped,skipped,skipped,3,9
2223,Drew FILSON (Ind),John YOUNG (Ind),skipped,skipped,skipped,skipped,skipped,skipped,skipped,skipped,3,9
2224,Drew FILSON (Ind),John YOUNG (Ind),skipped,skipped,skipped,skipped,skipped,skipped,skipped,skipped,3,9
2225,Drew FILSON (Ind),John YOUNG (Ind),skipped,skipped,skipped,skipped,skipped,skipped,skipped,skipped,3,9
2226,Drew FILSON (Ind),John YOUNG (Ind),skipped,skipped,skipped,skipped,skipped,skipped,skipped,skipped,3,9
2227,Drew FILSON (Ind),John YOUNG (Ind),skipped,skipped,skipped,skipped,skipped,skipped,skipped,skipped,3,9
2228,Drew FILSON (Ind),John YOUNG (Ind),skipped,skipped,skipped,skipped,skipped,skipped,skipped,skipped,3,9
2229,Drew FILSON (Ind),John YOUNG (Ind),skipped,skipped,skipped,skipped,skipped,skipped,skipped,skipped,3,9
2230,Drew FILSON (Ind),John YOUNG (Ind),skipped,skipped,skipped,skipped,skipped,skipped,skipped,skipped,3,9
2231,Drew FILSON (Ind),John YOUNG (Ind),skipped,skipped,skipped,skipped,skipped,skipped,skipped,skipped,3,9
2232,Drew FILSON (Ind),John YOUNG (Ind),skipped,skipped,skipped,skipped,skipped,skipped,skipped,skipped,3,9
2233,Drew FILSON (Ind),John YOUNG (Ind),skipped,skipped,skipped,skipped,skipped,skipped,skipped,skipped,3,9
2234,Drew FILSON (Ind),John YOUNG (Ind),skipped,skipped,skipped,skipped,skipped,skipped,skipped,skipped,3,9
2235,Drew FILSON (Ind),John YOUNG (Ind),skipped,skipped,skipped,skipped,skipped,skipped,skipped,skipped,3,9
2236,Drew FILSON (Ind),John YOUNG (Ind),skipped,skipped,skipped,skipped,skipped,skipped,skipped,skipped,3,9
2237,Drew FILSON (Ind),John YOUNG (Ind),skipped,skipped,skipped,skipped,skipped,skipped,skipped,skipped,3,9
2238,Drew FILSON (Ind),John YOUNG (Ind),skipped,skipped,skipped,skipped,skipped,skipped,skipped,skipped,3,9
2239,Drew FILSON (Ind),John YOUNG (Ind),skipped,skipped,skipped,skipped,skipped,skipped,skipped,skipped,3,9
2240,Drew FILSON (Ind),John YOUNG (Ind),skipped,skipped,skipped,skipped,skipped,skipped,skipped,skipped,3,9
2241,Drew FILSON (Ind),John YOUNG (Ind),skipped,skipped,skipped,skipped,skipped,skipped,skipped,skipped,3,9
2242,Drew FILSON (Ind),John YOUNG (Ind),skipped,skipped,skipped,skipped,skipped,skipped,skipped,skipped,3,9
2243,Drew FILSON (Ind),John YOUNG (Ind),skipped,skipped,skipped,skipped,skipped,skipped,skipped,skipped,3,9
2244,Drew FILSON (Ind),John YOUNG (Ind),skipped,skipped,skipped,skipped,skipped,skipped,skipped,skipped,3,9
2245,Drew FILSON (Ind),John YOUNG (Ind),skipped,skipped,skipped,skipped,skipped,skipped,skipped,skipped,3,9
2246,Drew FILSON (Ind),John YOUNG (Ind),skipped,skipped,skipped,skipped,skipped,skipped,skipped,skipped,3,9
2247,Drew FILSON (Ind),John YOUNG (Ind),skipped,skipped,skipped,skipped,skipped,skipped,skipped,skipped,3,9
2248,Drew FILSON (Ind),John YOUNG (Ind),skipped,skipped,skipped,skipped,skipped,skipped,skipped,skipped,3,9
2249,Drew FILSON (Ind),John YOUNG (Ind),skipped,skipped,skipped,skipped,skipped,skipped,skipped,skipped,3,9
2250,Drew FILSON (Ind),John YOUNG (Ind),skipped,skipped,skipped,skipped,skipped,skipped,skipped,skipped,3,9
2251,Drew FILSON (Ind),John YOUNG (Ind),skipped,skipped,skipped,skipped,skipped,skipped,skipped,skipped,3,9
2252,Drew FILSON (Ind),John YOUNG (Ind),skipped,skipped,skipped,skipped,skipped,skipped,skipped,skipped,3,9
2253,Drew FILSON (Ind),John YOUNG (Ind),skipped,skipped,skipped,skipped,skipped,skipped,skipped,skipped,3,9
2254,Drew FILSON (Ind),John YOUNG (Ind),skipped,skipped,skipped,skipped,skipped,skipped,skipped,skipped,3,9
2255,Drew FILSON (Ind),John YOUNG (Ind),skipped,skipped,skipped,skipped,skipped,skipped,skipped,skipped,3,9
2256,Drew FILSON (Ind),John YOUNG (Ind),skipped,skipped,skipped,skipped,skipped,skipped,skipped,skipped,3,9
2257,Drew FILSON (Ind),John YOUNG (Ind),skipped,skipped,skipped,skipped,skipped,skipped,skipped,skipped,3,9
2258,Drew FILSON (Ind),John YOUNG (Ind),skipped,skipped,skipped,skipped,skipped,skipped,skipped,skipped,3,9
2259,Drew FILSON (Ind),John YOUNG (Ind),skipped,skipped,skipped,skipped,skipped,skipped,skipped,skipped,3,9
2260,Drew FILSON (Ind),John YOUNG (Ind),skipped,skipped,skipped,skipped,skipped,skipped,skipped,skipped,3,9
2261,Drew FILSON (Ind),John YOUNG (Ind),skipped,skipped,skipped,skipped,skipped,skipped,skipped,skipped,3,9
2262,Drew FILSON (Ind),John YOUNG (Ind),skipped,skipped,skipped,skipped,skipped,skipped,skipped,skipped,3,9
2263,Drew FILSON (Ind),John YOUNG (Ind),skipped,skipped,skipped,skipped,skipped,skipped,skipped,skipped,3,9
2264,Drew FILSON (Ind),John YOUNG (Ind),skipped,skipped,skipped,skipped,skipped,skipped,skipped,skipped,3,9
2265,Drew FILSON (Ind),John YOUNG (Ind),skipped,skipped,skipped,skipped,skipped,skipped,skipped,skipped,3,9
2266,Drew FILSON (Ind),John YOUNG (Ind),skipped,skipped,skipped,skipped,skipped,skipped,skipped,skipped,3,9
2267,Drew FILSON (Ind),John YOUNG (Ind),skipped,skipped,skipped,skipped,skipped,skipped,skipped,skipped,3,9
2268,Drew FILSON (Ind),John YOUNG (Ind),skipped,skipped,skipped,skipped,skipped,skipped,skipped,skipped,3,9
2269,Drew FILSON (Ind),John YOUNG (Ind),skipped,skipped,skipped,skipped,skipped,skipped,skipped,skipped,3,9
2270,Drew FILSON (Ind),John YOUNG (Ind),skipped,skipped,skipped,skipped,skipped,skipped,skipped,skipped,3,9
2271,Drew FILSON (Ind),John YOUNG (Ind),John BELL (SNP),skipped,skipped,skipped,skipped,skipped,skipped,skipped,3,9
2272,Drew FILSON (Ind),John YOUNG (Ind),John BELL (SNP),skipped,skipped,skipped,skipped,skipped,skipped,skipped,3,9
2273,Drew FILSON (Ind),John YOUNG (Ind),John BELL (SNP),skipped,skipped,skipped,skipped,skipped,skipped,skipped,3,9
2274,Drew FILSON (Ind),John YOUNG (Ind),John BELL (SNP),skipped,skipped,skipped,skipped,skipped,skipped,skipped,3,9
2275,Drew FILSON (Ind),John YOUNG (Ind),John BELL (SNP),skipped,skipped,skipped,skipped,skipped,skipped,skipped,3,9
2276,Drew FILSON (Ind),John YOUNG (Ind),John BELL (SNP),skipped,skipped,skipped,skipped,skipped,skipped,skipped,3,9
2277,Drew FILSON (Ind),John YOUNG (Ind),John BELL (SNP),Anne FAIRLIE (SNP),skipped,skipped,skipped,skipped,skipped,skipped,3,9
2278,Drew FILSON (Ind),John YOUNG (Ind),John BELL (SNP),Anne FAIRLIE (SNP),Craig MURRAY (Grn),Mark MITCHELL (Libtn),Alison HARPER (C),Elaine STEWART (Lab),Elaine DINWOODIE (Lab),skipped,3,9
2279,Drew FILSON (Ind),John YOUNG (Ind),John BELL (SNP),Craig MURRAY (Grn),Anne FAIRLIE (SNP),Alison HARPER (C),Mark MITCHELL (Libtn),Elaine DINWOODIE (Lab),Elaine STEWART (Lab),skipped,3,9
2280,Drew FILSON (Ind),John YOUNG (Ind),Elaine DINWOODIE (Lab),skipped,skipped,skipped,skipped,skipped,skipped,skipped,3,9
2281,Drew FILSON (Ind),John YOUNG (Ind),Elaine DINWOODIE (Lab),skipped,skipped,skipped,skipped,skipped,skipped,skipped,3,9
2282,Drew FILSON (Ind),John YOUNG (Ind),Elaine DINWOODIE (Lab),skipped,skipped,skipped,skipped,skipped,skipped,skipped,3,9
2283,Drew FILSON (Ind),John YOUNG (Ind),Elaine DINWOODIE (Lab),skipped,skipped,skipped,skipped,skipped,skipped,skipped,3,9
2284,Drew FILSON (Ind),John YOUNG (Ind),Elaine DINWOODIE (Lab),skipped,skipped,skipped,skipped,skipped,skipped,skipped,3,9
2285,Drew FILSON (Ind),John YOUNG (Ind),Elaine DINWOODIE (Lab),skipped,skipped,skipped,skipped,skipped,skipped,skipped,3,9
2286,Drew FILSON (Ind),John YOUNG (Ind),Elaine DINWOODIE (Lab),skipped,skipped,skipped,skipped,skipped,skipped,skipped,3,9
2287,Drew FILSON (Ind),John YOUNG (Ind),Elaine DINWOODIE (Lab),skipped,skipped,skipped,skipped,skipped,skipped,skipped,3,9
2288,Drew FILSON (Ind),John YOUNG (Ind),Elaine DINWOODIE (Lab),skipped,skipped,skipped,skipped,skipped,skipped,skipped,3,9
2289,Drew FILSON (Ind),John YOUNG (Ind),Elaine DINWOODIE (Lab),skipped,skipped,skipped,skipped,skipped,skipped,skipped,3,9
2290,Drew FILSON (Ind),John YOUNG (Ind),Elaine DINWOODIE (Lab),skipped,skipped,skipped,skipped,skipped,skipped,skipped,3,9
2291,Drew FILSON (Ind),John YOUNG (Ind),Elaine DINWOODIE (Lab),skipped,skipped,skipped,skipped,skipped,skipped,skipped,3,9
2292,Drew FILSON (Ind),John YOUNG (Ind),Elaine DINWOODIE (Lab),skipped,skipped,skipped,skipped,skipped,skipped,skipped,3,9
2293,Drew FILSON (Ind),John YOUNG (Ind),Elaine DINWOODIE (Lab),John BELL (SNP),Anne FAIRLIE (SNP),skipped,skipped,skipped,skipped,skipped,3,9
2294,Drew FILSON (Ind),John YOUNG (Ind),Elaine DINWOODIE (Lab),Alison HARPER (C),skipped,skipped,skipped,skipped,skipped,skipped,3,9
2295,Drew FILSON (Ind),John YOUNG (Ind),Elaine DINWOODIE (Lab),Alison HARPER (C),Mark MITCHELL (Libtn),Elaine STEWART (Lab),Craig MURRAY (Grn),Anne FAIRLIE (SNP),John BELL (SNP),skipped,3,9
2296,Drew FILSON (Ind),John YOUNG (Ind),Elaine DINWOODIE (Lab),Elaine STEWART (Lab),skipped,skipped,skipped,skipped,skipped,skipped,3,9
2297,Drew FILSON (Ind),John YOUNG (Ind),Elaine DINWOODIE (Lab),Elaine STEWART (Lab),skipped,skipped,skipped,skipped,skipped,skipped,3,9
2298,Drew FILSON (Ind),John YOUNG (Ind),Anne FAIRLIE (SNP),skipped,skipped,skipped,skipped,skipped,skipped,skipped,3,9
2299,Drew FILSON (Ind),John YOUNG (Ind),Anne FAIRLIE (SNP),skipped,skipped,skipped,skipped,skipped,skipped,skipped,3,9
2300,Drew FILSON (Ind),John YOUNG (Ind),Anne FAIRLIE (SNP),skipped,skipped,skipped,skipped,skipped,skipped,skipped,3,9
2301,Drew FILSON (Ind),John YOUNG (Ind),Anne FAIRLIE (SNP),skipped,skipped,skipped,skipped,skipped,skipped,skipped,3,9
2302,Drew FILSON (Ind),John YOUNG (Ind),Anne FAIRLIE (SNP),John BELL (SNP),skipped,skipped,skipped,skipped,skipped,skipped,3,9
2303,Drew FILSON (Ind),John YOUNG (Ind),Anne FAIRLIE (SNP),John BELL (SNP),Elaine DINWOODIE (Lab),Alison HARPER (C),Mark MITCHELL (Libtn),Craig MURRAY (Grn),Elaine STEWART (Lab),skipped,3,9
2304,Drew FILSON (Ind),John YOUNG (Ind),Anne FAIRLIE (SNP),John BELL (SNP),Craig MURRAY (Grn),skipped,skipped,skipped,skipped,skipped,3,9
2305,Drew FILSON (Ind),John YOUNG (Ind),Anne FAIRLIE (SNP),John BELL (SNP),Craig MURRAY (Grn),Alison HARPER (C),Mark MITCHELL (Libtn),Elaine DINWOODIE (Lab),Elaine STEWART (Lab),skipped,3,9
2306,Drew FILSON (Ind),John YOUNG (Ind),Alison HARPER (C),skipped,skipped,skipped,skipped,skipped,skipped,skipped,3,9
2307,Drew FILSON (Ind),John YOUNG (Ind),Alison HARPER (C),skipped,skipped,skipped,skipped,skipped,skipped,skipped,3,9
2308,Drew FILSON (Ind),John YOUNG (Ind),Alison HARPER (C),skipped,skipped,skipped,skipped,skipped,skipped,skipped,3,9
2309,Drew FILSON (Ind),John YOUNG (Ind),Alison HARPER (C),skipped,skipped,skipped,skipped,skipped,skipped,skipped,3,9
2310,Drew FILSON (Ind),John YOUNG (Ind),Alison HARPER (C),skipped,skipped,skipped,skipped,skipped,skipped,skipped,3,9
2311,Drew FILSON (Ind),John YOUNG (Ind),Alison HARPER (C),skipped,skipped,skipped,skipped,skipped,skipped,skipped,3,9
2312,Drew FILSON (Ind),John YOUNG (Ind),Alison HARPER (C),skipped,skipped,skipped,skipped,skipped,skipped,skipped,3,9
2313,Drew FILSON (Ind),John YOUNG (Ind),Alison HARPER (C),skipped,skipped,skipped,skipped,skipped,skipped,skipped,3,9
2314,Drew FILSON (Ind),John YOUNG (Ind),Alison HARPER (C),skipped,skipped,skipped,skipped,skipped,skipped,skipped,3,9
2315,Drew FILSON (Ind),John YOUNG (Ind),Alison HARPER (C),skipped,skipped,skipped,skipped,skipped,skipped,skipped,3,9
2316,Drew FILSON (Ind),John YOUNG (Ind),Alison HARPER (C),Mark MITCHELL (Libtn),Elaine STEWART (Lab),Elaine DINWOODIE (Lab),skipped,skipped,skipped,skipped,3,9
2317,Drew FILSON (Ind),John YOUNG (Ind),Alison HARPER (C),Craig MURRAY (Grn),skipped,skipped,skipped,skipped,skipped,skipped,3,9
2318,Drew FILSON (Ind),John YOUNG (Ind),Alison HARPER (C),Craig MURRAY (Grn),skipped,skipped,skipped,skipped,skipped,skipped,3,9
2319,Drew FILSON (Ind),John YOUNG (Ind),Craig MURRAY (Grn),skipped,skipped,skipped,skipped,skipped,skipped,skipped,3,9
2320,Drew FILSON (Ind),John YOUNG (Ind),Craig MURRAY (Grn),skipped,skipped,skipped,skipped,skipped,skipped,skipped,3,9
2321,Drew FILSON (Ind),John YOUNG (Ind),Craig MURRAY (Grn),skipped,skipped,skipped,skipped,skipped,skipped,skipped,3,9
2322,Drew FILSON (Ind),John YOUNG (Ind),Craig MURRAY (Grn),skipped,skipped,skipped,skipped,skipped,skipped,skipped,3,9
2323,Drew FILSON (Ind),John YOUNG (Ind),Craig MURRAY (Grn),skipped,skipped,skipped,skipped,skipped,skipped,skipped,3,9
2324,Drew FILSON (Ind),John YOUNG (Ind),Craig MURRAY (Grn),skipped,skipped,skipped,skipped,skipped,skipped,skipped,3,9
2325,Drew FILSON (Ind),John YOUNG (Ind),Craig MURRAY (Grn),skipped,skipped,skipped,skipped,skipped,skipped,skipped,3,9
2326,Drew FILSON (Ind),John YOUNG (Ind),Craig MURRAY (Grn),skipped,skipped,skipped,skipped,skipped,skipped,skipped,3,9
2327,Drew FILSON (Ind),John YOUNG (Ind),Craig MURRAY (Grn),skipped,skipped,skipped,skipped,skipped,skipped,skipped,3,9
2328,Drew FILSON (Ind),John YOUNG (Ind),Craig MURRAY (Grn),skipped,skipped,skipped,skipped,skipped,skipped,skipped,3,9
2329,Drew FILSON (Ind),John YOUNG (Ind),Craig MURRAY (Grn),Elaine DINWOODIE (Lab),John BELL (SNP),Anne FAIRLIE (SNP),Elaine STEWART (Lab),Alison HARPER (C),Mark MITCHELL (Libtn),skipped,3,9
2330,Drew FILSON (Ind),John YOUNG (Ind),Craig MURRAY (Grn),Mark MITCHELL (Libtn),skipped,skipped,skipped,skipped,skipped,skipped,3,9
2331,Drew FILSON (Ind),John YOUNG (Ind),Craig MURRAY (Grn),Elaine STEWART (Lab),Elaine DINWOODIE (Lab),Mark MITCHELL (Libtn),Alison HARPER (C),Anne FAIRLIE (SNP),John BELL (SNP),skipped,3,9
2332,Drew FILSON (Ind),John YOUNG (Ind),Craig MURRAY (Grn),Elaine STEWART (Lab),Mark MITCHELL (Libtn),Elaine DINWOODIE (Lab),skipped,skipped,skipped,skipped,3,9
2333,Drew FILSON (Ind),John YOUNG (Ind),Elaine STEWART (Lab),skipped,skipped,skipped,skipped,skipped,skipped,skipped,3,9
2334,Drew FILSON (Ind),John YOUNG (Ind),Elaine STEWART (Lab),skipped,skipped,skipped,skipped,skipped,skipped,skipped,3,9
2335,Drew FILSON (Ind),John YOUNG (Ind),Elaine STEWART (Lab),skipped,skipped,skipped,skipped,skipped,skipped,skipped,3,9
2336,Drew FILSON (Ind),John YOUNG (Ind),Elaine STEWART (Lab),skipped,skipped,skipped,skipped,skipped,skipped,skipped,3,9
2337,Drew FILSON (Ind),John YOUNG (Ind),Elaine STEWART (Lab),skipped,skipped,skipped,skipped,skipped,skipped,skipped,3,9
2338,Drew FILSON (Ind),John YOUNG (Ind),Elaine STEWART (Lab),skipped,skipped,skipped,skipped,skipped,skipped,skipped,3,9
2339,Drew FILSON (Ind),John YOUNG (Ind),Elaine STEWART (Lab),skipped,skipped,skipped,skipped,skipped,skipped,skipped,3,9
2340,Drew FILSON (Ind),John YOUNG (Ind),Elaine STEWART (Lab),skipped,skipped,skipped,skipped,skipped,skipped,skipped,3,9
2341,Drew FILSON (Ind),John YOUNG (Ind),Elaine STEWART (Lab),skipped,skipped,skipped,skipped,skipped,skipped,skipped,3,9
2342,Drew FILSON (Ind),John YOUNG (Ind),Elaine STEWART (Lab),skipped,skipped,skipped,skipped,skipped,skipped,skipped,3,9
2343,Drew FILSON (Ind),John YOUNG (Ind),Elaine STEWART (Lab),skipped,skipped,skipped,skipped,skipped,skipped,skipped,3,9
2344,Drew FILSON (Ind),John YOUNG (Ind),Elaine STEWART (Lab),John BELL (SNP),Elaine DINWOODIE (Lab),skipped,skipped,skipped,skipped,skipped,3,9
2345,Drew FILSON (Ind),John YOUNG (Ind),Elaine STEWART (Lab),Elaine DINWOODIE (Lab),skipped,skipped,skipped,skipped,skipped,skipped,3,9
2346,Drew FILSON (Ind),John YOUNG (Ind),Elaine STEWART (Lab),Elaine DINWOODIE (Lab),skipped,skipped,skipped,skipped,skipped,skipped,3,9
2347,Drew FILSON (Ind),John YOUNG (Ind),Elaine STEWART (Lab),Elaine DINWOODIE (Lab),Craig MURRAY (Grn),Mark MITCHELL (Libtn),Alison HARPER (C),Anne FAIRLIE (SNP),John BELL (SNP),skipped,3,9
2348,Drew FILSON (Ind),John YOUNG (Ind),Elaine STEWART (Lab),Alison HARPER (C),Elaine DINWOODIE (Lab),Craig MURRAY (Grn),Mark MITCHELL (Libtn),Anne FAIRLIE (SNP),John BELL (SNP),skipped,3,9
2349,Alison HARPER (C),skipped,skipped,skipped,skipped,skipped,skipped,skipped,skipped,skipped,3,9
2350,Alison HARPER (C),skipped,skipped,skipped,skipped,skipped,skipped,skipped,skipped,skipped,3,9
2351,Alison HARPER (C),skipped,skipped,skipped,skipped,skipped,skipped,skipped,skipped,skipped,3,9
2352,Alison HARPER (C),skipped,skipped,skipped,skipped,skipped,skipped,skipped,skipped,skipped,3,9
2353,Alison HARPER (C),skipped,skipped,skipped,skipped,skipped,skipped,skipped,skipped,skipped,3,9
2354,Alison HARPER (C),skipped,skipped,skipped,skipped,skipped,skipped,skipped,skipped,skipped,3,9
2355,Alison HARPER (C),skipped,skipped,skipped,skipped,skipped,skipped,skipped,skipped,skipped,3,9
2356,Alison HARPER (C),skipped,skipped,skipped,skipped,skipped,skipped,skipped,skipped,skipped,3,9
2357,Alison HARPER (C),skipped,skipped,skipped,skipped,skipped,skipped,skipped,skipped,skipped,3,9
2358,Alison HARPER (C),skipped,skipped,skipped,skipped,skipped,skipped,skipped,skipped,skipped,3,9
2359,Alison HARPER (C),skipped,skipped,skipped,skipped,skipped,skipped,skipped,skipped,skipped,3,9
2360,Alison HARPER (C),skipped,skipped,skipped,skipped,skipped,skipped,skipped,skipped,skipped,3,9
2361,Alison HARPER (C),skipped,skipped,skipped,skipped,skipped,skipped,skipped,skipped,skipped,3,9
2362,Alison HARPER (C),skipped,skipped,skipped,skipped,skipped,skipped,skipped,skipped,skipped,3,9
2363,Alison HARPER (C),skipped,skipped,skipped,skipped,skipped,skipped,skipped,skipped,skipped,3,9
2364,Alison HARPER (C),skipped,skipped,skipped,skipped,skipped,skipped,skipped,skipped,skipped,3,9
2365,Alison HARPER (C),skipped,skipped,skipped,skipped,skipped,skipped,skipped,skipped,skipped,3,9
2366,Alison HARPER (C),skipped,skipped,skipped,skipped,skipped,skipped,skipped,skipped,skipped,3,9
2367,Alison HARPER (C),skipped,skipped,skipped,skipped,skipped,skipped,skipped,skipped,skipped,3,9
2368,Alison HARPER (C),skipped,skipped,skipped,skipped,skipped,skipped,skipped,skipped,skipped,3,9
2369,Alison HARPER (C),skipped,skipped,skipped,skipped,skipped,skipped,skipped,skipped,skipped,3,9
2370,Alison HARPER (C),skipped,skipped,skipped,skipped,skipped,skipped,skipped,skipped,skipped,3,9
2371,Alison HARPER (C),skipped,skipped,skipped,skipped,skipped,skipped,skipped,skipped,skipped,3,9
2372,Alison HARPER (C),skipped,skipped,skipped,skipped,skipped,skipped,skipped,skipped,skipped,3,9
2373,Alison HARPER (C),skipped,skipped,skipped,skipped,skipped,skipped,skipped,skipped,skipped,3,9
2374,Alison HARPER (C),skipped,skipped,skipped,skipped,skipped,skipped,skipped,skipped,skipped,3,9
2375,Alison HARPER (C),skipped,skipped,skipped,skipped,skipped,skipped,skipped,skipped,skipped,3,9
2376,Alison HARPER (C),skipped,skipped,skipped,skipped,skipped,skipped,skipped,skipped,skipped,3,9
2377,Alison HARPER (C),skipped,skipped,skipped,skipped,skipped,skipped,skipped,skipped,skipped,3,9
2378,Alison HARPER (C),skipped,skipped,skipped,skipped,skipped,skipped,skipped,skipped,skipped,3,9
2379,Alison HARPER (C),skipped,skipped,skipped,skipped,skipped,skipped,skipped,skipped,skipped,3,9
2380,Alison HARPER (C),skipped,skipped,skipped,skipped,skipped,skipped,skipped,skipped,skipped,3,9
2381,Alison HARPER (C),skipped,skipped,skipped,skipped,skipped,skipped,skipped,skipped,skipped,3,9
2382,Alison HARPER (C),skipped,skipped,skipped,skipped,skipped,skipped,skipped,skipped,skipped,3,9
2383,Alison HARPER (C),skipped,skipped,skipped,skipped,skipped,skipped,skipped,skipped,skipped,3,9
2384,Alison HARPER (C),skipped,skipped,skipped,skipped,skipped,skipped,skipped,skipped,skipped,3,9
2385,Alison HARPER (C),skipped,skipped,skipped,skipped,skipped,skipped,skipped,skipped,skipped,3,9
2386,Alison HARPER (C),skipped,skipped,skipped,skipped,skipped,skipped,skipped,skipped,skipped,3,9
2387,Alison HARPER (C),skipped,skipped,skipped,skipped,skipped,skipped,skipped,skipped,skipped,3,9
2388,Alison HARPER (C),skipped,skipped,skipped,skipped,skipped,skipped,skipped,skipped,skipped,3,9
2389,Alison HARPER (C),skipped,skipped,skipped,skipped,skipped,skipped,skipped,skipped,skipped,3,9
2390,Alison HARPER (C),skipped,skipped,skipped,skipped,skipped,skipped,skipped,skipped,skipped,3,9
2391,Alison HARPER (C),skipped,skipped,skipped,skipped,skipped,skipped,skipped,skipped,skipped,3,9
2392,Alison HARPER (C),skipped,skipped,skipped,skipped,skipped,skipped,skipped,skipped,skipped,3,9
2393,Alison HARPER (C),skipped,skipped,skipped,skipped,skipped,skipped,skipped,skipped,skipped,3,9
2394,Alison HARPER (C),skipped,skipped,skipped,skipped,skipped,skipped,skipped,skipped,skipped,3,9
2395,Alison HARPER (C),skipped,skipped,skipped,skipped,skipped,skipped,skipped,skipped,skipped,3,9
2396,Alison HARPER (C),skipped,skipped,skipped,skipped,skipped,skipped,skipped,skipped,skipped,3,9
2397,Alison HARPER (C),skipped,skipped,skipped,skipped,skipped,skipped,skipped,skipped,skipped,3,9
2398,Alison HARPER (C),skipped,skipped,skipped,skipped,skipped,skipped,skipped,skipped,skipped,3,9
2399,Alison HARPER (C),skipped,skipped,skipped,skipped,skipped,skipped,skipped,skipped,skipped,3,9
2400,Alison HARPER (C),skipped,skipped,skipped,skipped,skipped,skipped,skipped,skipped,skipped,3,9
2401,Alison HARPER (C),skipped,skipped,skipped,skipped,skipped,skipped,skipped,skipped,skipped,3,9
2402,Alison HARPER (C),skipped,skipped,skipped,skipped,skipped,skipped,skipped,skipped,skipped,3,9
2403,Alison HARPER (C),skipped,skipped,skipped,skipped,skipped,skipped,skipped,skipped,skipped,3,9
2404,Alison HARPER (C),skipped,skipped,skipped,skipped,skipped,skipped,skipped,skipped,skipped,3,9
2405,Alison HARPER (C),skipped,skipped,skipped,skipped,skipped,skipped,skipped,skipped,skipped,3,9
2406,Alison HARPER (C),skipped,skipped,skipped,skipped,skipped,skipped,skipped,skipped,skipped,3,9
2407,Alison HARPER (C),skipped,skipped,skipped,skipped,skipped,skipped,skipped,skipped,skipped,3,9
2408,Alison HARPER (C),skipped,skipped,skipped,skipped,skipped,skipped,skipped,skipped,skipped,3,9
2409,Alison HARPER (C),skipped,skipped,skipped,skipped,skipped,skipped,skipped,skipped,skipped,3,9
2410,Alison HARPER (C),skipped,skipped,skipped,skipped,skipped,skipped,skipped,skipped,skipped,3,9
2411,Alison HARPER (C),skipped,skipped,skipped,skipped,skipped,skipped,skipped,skipped,skipped,3,9
2412,Alison HARPER (C),skipped,skipped,skipped,skipped,skipped,skipped,skipped,skipped,skipped,3,9
2413,Alison HARPER (C),skipped,skipped,skipped,skipped,skipped,skipped,skipped,skipped,skipped,3,9
2414,Alison HARPER (C),skipped,skipped,skipped,skipped,skipped,skipped,skipped,skipped,skipped,3,9
2415,Alison HARPER (C),skipped,skipped,skipped,skipped,skipped,skipped,skipped,skipped,skipped,3,9
2416,Alison HARPER (C),skipped,skipped,skipped,skipped,skipped,skipped,skipped,skipped,skipped,3,9
2417,Alison HARPER (C),skipped,skipped,skipped,skipped,skipped,skipped,skipped,skipped,skipped,3,9
2418,Alison HARPER (C),skipped,skipped,skipped,skipped,skipped,skipped,skipped,skipped,skipped,3,9
2419,Alison HARPER (C),skipped,skipped,skipped,skipped,skipped,skipped,skipped,skipped,skipped,3,9
2420,Alison HARPER (C),skipped,skipped,skipped,skipped,skipped,skipped,skipped,skipped,skipped,3,9
2421,Alison HARPER (C),skipped,skipped,skipped,skipped,skipped,skipped,skipped,skipped,skipped,3,9
2422,Alison HARPER (C),skipped,skipped,skipped,skipped,skipped,skipped,skipped,skipped,skipped,3,9
2423,Alison HARPER (C),skipped,skipped,skipped,skipped,skipped,skipped,skipped,skipped,skipped,3,9
2424,Alison HARPER (C),skipped,skipped,skipped,skipped,skipped,skipped,skipped,skipped,skipped,3,9
2425,Alison HARPER (C),skipped,skipped,skipped,skipped,skipped,skipped,skipped,skipped,skipped,3,9
2426,Alison HARPER (C),skipped,skipped,skipped,skipped,skipped,skipped,skipped,skipped,skipped,3,9
2427,Alison HARPER (C),skipped,skipped,skipped,skipped,skipped,skipped,skipped,skipped,skipped,3,9
2428,Alison HARPER (C),skipped,skipped,skipped,skipped,skipped,skipped,skipped,skipped,skipped,3,9
2429,Alison HARPER (C),skipped,skipped,skipped,skipped,skipped,skipped,skipped,skipped,skipped,3,9
2430,Alison HARPER (C),skipped,skipped,skipped,skipped,skipped,skipped,skipped,skipped,skipped,3,9
2431,Alison HARPER (C),skipped,skipped,skipped,skipped,skipped,skipped,skipped,skipped,skipped,3,9
2432,Alison HARPER (C),skipped,skipped,skipped,skipped,skipped,skipped,skipped,skipped,skipped,3,9
2433,Alison HARPER (C),skipped,skipped,skipped,skipped,skipped,skipped,skipped,skipped,skipped,3,9
2434,Alison HARPER (C),skipped,skipped,skipped,skipped,skipped,skipped,skipped,skipped,skipped,3,9
2435,Alison HARPER (C),skipped,skipped,skipped,skipped,skipped,skipped,skipped,skipped,skipped,3,9
2436,Alison HARPER (C),skipped,skipped,skipped,skipped,skipped,skipped,skipped,skipped,skipped,3,9
2437,Alison HARPER (C),skipped,skipped,skipped,skipped,skipped,skipped,skipped,skipped,skipped,3,9
2438,Alison HARPER (C),skipped,skipped,skipped,skipped,skipped,skipped,skipped,skipped,skipped,3,9
2439,Alison HARPER (C),skipped,skipped,skipped,skipped,skipped,skipped,skipped,skipped,skipped,3,9
2440,Alison HARPER (C),skipped,skipped,skipped,skipped,skipped,skipped,skipped,skipped,skipped,3,9
2441,Alison HARPER (C),skipped,skipped,skipped,skipped,skipped,skipped,skipped,skipped,skipped,3,9
2442,Alison HARPER (C),skipped,skipped,skipped,skipped,skipped,skipped,skipped,skipped,skipped,3,9
2443,Alison HARPER (C),skipped,skipped,skipped,skipped,skipped,skipped,skipped,skipped,skipped,3,9
2444,Alison HARPER (C),skipped,skipped,skipped,skipped,skipped,skipped,skipped,skipped,skipped,3,9
2445,Alison HARPER (C),skipped,skipped,skipped,skipped,skipped,skipped,skipped,skipped,skipped,3,9
2446,Alison HARPER (C),skipped,skipped,skipped,skipped,skipped,skipped,skipped,skipped,skipped,3,9
2447,Alison HARPER (C),skipped,skipped,skipped,skipped,skipped,skipped,skipped,skipped,skipped,3,9
2448,Alison HARPER (C),skipped,skipped,skipped,skipped,skipped,skipped,skipped,skipped,skipped,3,9
2449,Alison HARPER (C),skipped,skipped,skipped,skipped,skipped,skipped,skipped,skipped,skipped,3,9
2450,Alison HARPER (C),skipped,skipped,skipped,skipped,skipped,skipped,skipped,skipped,skipped,3,9
2451,Alison HARPER (C),skipped,skipped,skipped,skipped,skipped,skipped,skipped,skipped,skipped,3,9
2452,Alison HARPER (C),skipped,skipped,skipped,skipped,skipped,skipped,skipped,skipped,skipped,3,9
2453,Alison HARPER (C),skipped,skipped,skipped,skipped,skipped,skipped,skipped,skipped,skipped,3,9
2454,Alison HARPER (C),skipped,skipped,skipped,skipped,skipped,skipped,skipped,skipped,skipped,3,9
2455,Alison HARPER (C),skipped,skipped,skipped,skipped,skipped,skipped,skipped,skipped,skipped,3,9
2456,Alison HARPER (C),skipped,skipped,skipped,skipped,skipped,skipped,skipped,skipped,skipped,3,9
2457,Alison HARPER (C),skipped,skipped,skipped,skipped,skipped,skipped,skipped,skipped,skipped,3,9
2458,Alison HARPER (C),skipped,skipped,skipped,skipped,skipped,skipped,skipped,skipped,skipped,3,9
2459,Alison HARPER (C),skipped,skipped,skipped,skipped,skipped,skipped,skipped,skipped,skipped,3,9
2460,Alison HARPER (C),skipped,skipped,skipped,skipped,skipped,skipped,skipped,skipped,skipped,3,9
2461,Alison HARPER (C),skipped,skipped,skipped,skipped,skipped,skipped,skipped,skipped,skipped,3,9
2462,Alison HARPER (C),skipped,skipped,skipped,skipped,skipped,skipped,skipped,skipped,skipped,3,9
2463,Alison HARPER (C),skipped,skipped,skipped,skipped,skipped,skipped,skipped,skipped,skipped,3,9
2464,Alison HARPER (C),skipped,skipped,skipped,skipped,skipped,skipped,skipped,skipped,skipped,3,9
2465,Alison HARPER (C),skipped,skipped,skipped,skipped,skipped,skipped,skipped,skipped,skipped,3,9
2466,Alison HARPER (C),skipped,skipped,skipped,skipped,skipped,skipped,skipped,skipped,skipped,3,9
2467,Alison HARPER (C),skipped,skipped,skipped,skipped,skipped,skipped,skipped,skipped,skipped,3,9
2468,Alison HARPER (C),skipped,skipped,skipped,skipped,skipped,skipped,skipped,skipped,skipped,3,9
2469,Alison HARPER (C),skipped,skipped,skipped,skipped,skipped,skipped,skipped,skipped,skipped,3,9
2470,Alison HARPER (C),skipped,skipped,skipped,skipped,skipped,skipped,skipped,skipped,skipped,3,9
2471,Alison HARPER (C),skipped,skipped,skipped,skipped,skipped,skipped,skipped,skipped,skipped,3,9
2472,Alison HARPER (C),skipped,skipped,skipped,skipped,skipped,skipped,skipped,skipped,skipped,3,9
2473,Alison HARPER (C),skipped,skipped,skipped,skipped,skipped,skipped,skipped,skipped,skipped,3,9
2474,Alison HARPER (C),skipped,skipped,skipped,skipped,skipped,skipped,skipped,skipped,skipped,3,9
2475,Alison HARPER (C),skipped,skipped,skipped,skipped,skipped,skipped,skipped,skipped,skipped,3,9
2476,Alison HARPER (C),skipped,skipped,skipped,skipped,skipped,skipped,skipped,skipped,skipped,3,9
2477,Alison HARPER (C),skipped,skipped,skipped,skipped,skipped,skipped,skipped,skipped,skipped,3,9
2478,Alison HARPER (C),skipped,skipped,skipped,skipped,skipped,skipped,skipped,skipped,skipped,3,9
2479,Alison HARPER (C),skipped,skipped,skipped,skipped,skipped,skipped,skipped,skipped,skipped,3,9
2480,Alison HARPER (C),skipped,skipped,skipped,skipped,skipped,skipped,skipped,skipped,skipped,3,9
2481,Alison HARPER (C),skipped,skipped,skipped,skipped,skipped,skipped,skipped,skipped,skipped,3,9
2482,Alison HARPER (C),skipped,skipped,skipped,skipped,skipped,skipped,skipped,skipped,skipped,3,9
2483,Alison HARPER (C),skipped,skipped,skipped,skipped,skipped,skipped,skipped,skipped,skipped,3,9
2484,Alison HARPER (C),skipped,skipped,skipped,skipped,skipped,skipped,skipped,skipped,skipped,3,9
2485,Alison HARPER (C),skipped,skipped,skipped,skipped,skipped,skipped,skipped,skipped,skipped,3,9
2486,Alison HARPER (C),skipped,skipped,skipped,skipped,skipped,skipped,skipped,skipped,skipped,3,9
2487,Alison HARPER (C),skipped,skipped,skipped,skipped,skipped,skipped,skipped,skipped,skipped,3,9
2488,Alison HARPER (C),skipped,skipped,skipped,skipped,skipped,skipped,skipped,skipped,skipped,3,9
2489,Alison HARPER (C),skipped,skipped,skipped,skipped,skipped,skipped,skipped,skipped,skipped,3,9
2490,Alison HARPER (C),skipped,skipped,skipped,skipped,skipped,skipped,skipped,skipped,skipped,3,9
2491,Alison HARPER (C),skipped,skipped,skipped,skipped,skipped,skipped,skipped,skipped,skipped,3,9
2492,Alison HARPER (C),skipped,skipped,skipped,skipped,skipped,skipped,skipped,skipped,skipped,3,9
2493,Alison HARPER (C),skipped,skipped,skipped,skipped,skipped,skipped,skipped,skipped,skipped,3,9
2494,Alison HARPER (C),skipped,skipped,skipped,skipped,skipped,skipped,skipped,skipped,skipped,3,9
2495,Alison HARPER (C),skipped,skipped,skipped,skipped,skipped,skipped,skipped,skipped,skipped,3,9
2496,Alison HARPER (C),skipped,skipped,skipped,skipped,skipped,skipped,skipped,skipped,skipped,3,9
2497,Alison HARPER (C),skipped,skipped,skipped,skipped,skipped,skipped,skipped,skipped,skipped,3,9
2498,Alison HARPER (C),skipped,skipped,skipped,skipped,skipped,skipped,skipped,skipped,skipped,3,9
2499,Alison HARPER (C),skipped,skipped,skipped,skipped,skipped,skipped,skipped,skipped,skipped,3,9
2500,Alison HARPER (C),skipped,skipped,skipped,skipped,skipped,skipped,skipped,skipped,skipped,3,9
2501,Alison HARPER (C),skipped,skipped,skipped,skipped,skipped,skipped,skipped,skipped,skipped,3,9
2502,Alison HARPER (C),skipped,skipped,skipped,skipped,skipped,skipped,skipped,skipped,skipped,3,9
2503,Alison HARPER (C),skipped,skipped,skipped,skipped,skipped,skipped,skipped,skipped,skipped,3,9
2504,Alison HARPER (C),skipped,skipped,skipped,skipped,skipped,skipped,skipped,skipped,skipped,3,9
2505,Alison HARPER (C),skipped,skipped,skipped,skipped,skipped,skipped,skipped,skipped,skipped,3,9
2506,Alison HARPER (C),skipped,skipped,skipped,skipped,skipped,skipped,skipped,skipped,skipped,3,9
2507,Alison HARPER (C),skipped,skipped,skipped,skipped,skipped,skipped,skipped,skipped,skipped,3,9
2508,Alison HARPER (C),skipped,skipped,skipped,skipped,skipped,skipped,skipped,skipped,skipped,3,9
2509,Alison HARPER (C),skipped,skipped,skipped,skipped,skipped,skipped,skipped,skipped,skipped,3,9
2510,Alison HARPER (C),skipped,skipped,skipped,skipped,skipped,skipped,skipped,skipped,skipped,3,9
2511,Alison HARPER (C),skipped,skipped,skipped,skipped,skipped,skipped,skipped,skipped,skipped,3,9
2512,Alison HARPER (C),skipped,skipped,skipped,skipped,skipped,skipped,skipped,skipped,skipped,3,9
2513,Alison HARPER (C),skipped,skipped,skipped,skipped,skipped,skipped,skipped,skipped,skipped,3,9
2514,Alison HARPER (C),skipped,skipped,skipped,skipped,skipped,skipped,skipped,skipped,skipped,3,9
2515,Alison HARPER (C),skipped,skipped,skipped,skipped,skipped,skipped,skipped,skipped,skipped,3,9
2516,Alison HARPER (C),skipped,skipped,skipped,skipped,skipped,skipped,skipped,skipped,skipped,3,9
2517,Alison HARPER (C),skipped,skipped,skipped,skipped,skipped,skipped,skipped,skipped,skipped,3,9
2518,Alison HARPER (C),skipped,skipped,skipped,skipped,skipped,skipped,skipped,skipped,skipped,3,9
2519,Alison HARPER (C),skipped,skipped,skipped,skipped,skipped,skipped,skipped,skipped,skipped,3,9
2520,Alison HARPER (C),skipped,skipped,skipped,skipped,skipped,skipped,skipped,skipped,skipped,3,9
2521,Alison HARPER (C),skipped,skipped,skipped,skipped,skipped,skipped,skipped,skipped,skipped,3,9
2522,Alison HARPER (C),skipped,skipped,skipped,skipped,skipped,skipped,skipped,skipped,skipped,3,9
2523,Alison HARPER (C),skipped,skipped,skipped,skipped,skipped,skipped,skipped,skipped,skipped,3,9
2524,Alison HARPER (C),skipped,skipped,skipped,skipped,skipped,skipped,skipped,skipped,skipped,3,9
2525,Alison HARPER (C),skipped,skipped,skipped,skipped,skipped,skipped,skipped,skipped,skipped,3,9
2526,Alison HARPER (C),skipped,skipped,skipped,skipped,skipped,skipped,skipped,skipped,skipped,3,9
2527,Alison HARPER (C),skipped,skipped,skipped,skipped,skipped,skipped,skipped,skipped,skipped,3,9
2528,Alison HARPER (C),skipped,skipped,skipped,skipped,skipped,skipped,skipped,skipped,skipped,3,9
2529,Alison HARPER (C),skipped,skipped,skipped,skipped,skipped,skipped,skipped,skipped,skipped,3,9
2530,Alison HARPER (C),skipped,skipped,skipped,skipped,skipped,skipped,skipped,skipped,skipped,3,9
2531,Alison HARPER (C),skipped,skipped,skipped,skipped,skipped,skipped,skipped,skipped,skipped,3,9
2532,Alison HARPER (C),skipped,skipped,skipped,skipped,skipped,skipped,skipped,skipped,skipped,3,9
2533,Alison HARPER (C),skipped,skipped,skipped,skipped,skipped,skipped,skipped,skipped,skipped,3,9
2534,Alison HARPER (C),skipped,skipped,skipped,skipped,skipped,skipped,skipped,skipped,skipped,3,9
2535,Alison HARPER (C),skipped,skipped,skipped,skipped,skipped,skipped,skipped,skipped,skipped,3,9
2536,Alison HARPER (C),skipped,skipped,skipped,skipped,skipped,skipped,skipped,skipped,skipped,3,9
2537,Alison HARPER (C),skipped,skipped,skipped,skipped,skipped,skipped,skipped,skipped,skipped,3,9
2538,Alison HARPER (C),skipped,skipped,skipped,skipped,skipped,skipped,skipped,skipped,skipped,3,9
2539,Alison HARPER (C),skipped,skipped,skipped,skipped,skipped,skipped,skipped,skipped,skipped,3,9
2540,Alison HARPER (C),skipped,skipped,skipped,skipped,skipped,skipped,skipped,skipped,skipped,3,9
2541,Alison HARPER (C),skipped,skipped,skipped,skipped,skipped,skipped,skipped,skipped,skipped,3,9
2542,Alison HARPER (C),skipped,skipped,skipped,skipped,skipped,skipped,skipped,skipped,skipped,3,9
2543,Alison HARPER (C),skipped,skipped,skipped,skipped,skipped,skipped,skipped,skipped,skipped,3,9
2544,Alison HARPER (C),skipped,skipped,skipped,skipped,skipped,skipped,skipped,skipped,skipped,3,9
2545,Alison HARPER (C),skipped,skipped,skipped,skipped,skipped,skipped,skipped,skipped,skipped,3,9
2546,Alison HARPER (C),skipped,skipped,skipped,skipped,skipped,skipped,skipped,skipped,skipped,3,9
2547,Alison HARPER (C),skipped,skipped,skipped,skipped,skipped,skipped,skipped,skipped,skipped,3,9
2548,Alison HARPER (C),skipped,skipped,skipped,skipped,skipped,skipped,skipped,skipped,skipped,3,9
2549,Alison HARPER (C),skipped,skipped,skipped,skipped,skipped,skipped,skipped,skipped,skipped,3,9
2550,Alison HARPER (C),skipped,skipped,skipped,skipped,skipped,skipped,skipped,skipped,skipped,3,9
2551,Alison HARPER (C),skipped,skipped,skipped,skipped,skipped,skipped,skipped,skipped,skipped,3,9
2552,Alison HARPER (C),skipped,skipped,skipped,skipped,skipped,skipped,skipped,skipped,skipped,3,9
2553,Alison HARPER (C),skipped,skipped,skipped,skipped,skipped,skipped,skipped,skipped,skipped,3,9
2554,Alison HARPER (C),skipped,skipped,skipped,skipped,skipped,skipped,skipped,skipped,skipped,3,9
2555,Alison HARPER (C),skipped,skipped,skipped,skipped,skipped,skipped,skipped,skipped,skipped,3,9
2556,Alison HARPER (C),skipped,skipped,skipped,skipped,skipped,skipped,skipped,skipped,skipped,3,9
2557,Alison HARPER (C),skipped,skipped,skipped,skipped,skipped,skipped,skipped,skipped,skipped,3,9
2558,Alison HARPER (C),skipped,skipped,skipped,skipped,skipped,skipped,skipped,skipped,skipped,3,9
2559,Alison HARPER (C),skipped,skipped,skipped,skipped,skipped,skipped,skipped,skipped,skipped,3,9
2560,Alison HARPER (C),skipped,skipped,skipped,skipped,skipped,skipped,skipped,skipped,skipped,3,9
2561,Alison HARPER (C),skipped,skipped,skipped,skipped,skipped,skipped,skipped,skipped,skipped,3,9
2562,Alison HARPER (C),skipped,skipped,skipped,skipped,skipped,skipped,skipped,skipped,skipped,3,9
2563,Alison HARPER (C),skipped,skipped,skipped,skipped,skipped,skipped,skipped,skipped,skipped,3,9
2564,Alison HARPER (C),skipped,skipped,skipped,skipped,skipped,skipped,skipped,skipped,skipped,3,9
2565,Alison HARPER (C),skipped,skipped,skipped,skipped,skipped,skipped,skipped,skipped,skipped,3,9
2566,Alison HARPER (C),skipped,skipped,skipped,skipped,skipped,skipped,skipped,skipped,skipped,3,9
2567,Alison HARPER (C),skipped,skipped,skipped,skipped,skipped,skipped,skipped,skipped,skipped,3,9
2568,Alison HARPER (C),skipped,skipped,skipped,skipped,skipped,skipped,skipped,skipped,skipped,3,9
2569,Alison HARPER (C),skipped,skipped,skipped,skipped,skipped,skipped,skipped,skipped,skipped,3,9
2570,Alison HARPER (C),skipped,skipped,skipped,skipped,skipped,skipped,skipped,skipped,skipped,3,9
2571,Alison HARPER (C),skipped,skipped,skipped,skipped,skipped,skipped,skipped,skipped,skipped,3,9
2572,Alison HARPER (C),skipped,skipped,skipped,skipped,skipped,skipped,skipped,skipped,skipped,3,9
2573,Alison HARPER (C),skipped,skipped,skipped,skipped,skipped,skipped,skipped,skipped,skipped,3,9
2574,Alison HARPER (C),skipped,skipped,skipped,skipped,skipped,skipped,skipped,skipped,skipped,3,9
2575,Alison HARPER (C),skipped,skipped,skipped,skipped,skipped,skipped,skipped,skipped,skipped,3,9
2576,Alison HARPER (C),skipped,skipped,skipped,skipped,skipped,skipped,skipped,skipped,skipped,3,9
2577,Alison HARPER (C),skipped,skipped,skipped,skipped,skipped,skipped,skipped,skipped,skipped,3,9
2578,Alison HARPER (C),skipped,skipped,skipped,skipped,skipped,skipped,skipped,skipped,skipped,3,9
2579,Alison HARPER (C),skipped,skipped,skipped,skipped,skipped,skipped,skipped,skipped,skipped,3,9
2580,Alison HARPER (C),skipped,skipped,skipped,skipped,skipped,skipped,skipped,skipped,skipped,3,9
2581,Alison HARPER (C),skipped,skipped,skipped,skipped,skipped,skipped,skipped,skipped,skipped,3,9
2582,Alison HARPER (C),skipped,skipped,skipped,skipped,skipped,skipped,skipped,skipped,skipped,3,9
2583,Alison HARPER (C),skipped,skipped,skipped,skipped,skipped,skipped,skipped,skipped,skipped,3,9
2584,Alison HARPER (C),skipped,skipped,skipped,skipped,skipped,skipped,skipped,skipped,skipped,3,9
2585,Alison HARPER (C),skipped,skipped,skipped,skipped,skipped,skipped,skipped,skipped,skipped,3,9
2586,Alison HARPER (C),skipped,skipped,skipped,skipped,skipped,skipped,skipped,skipped,skipped,3,9
2587,Alison HARPER (C),skipped,skipped,skipped,skipped,skipped,skipped,skipped,skipped,skipped,3,9
2588,Alison HARPER (C),skipped,skipped,skipped,skipped,skipped,skipped,skipped,skipped,skipped,3,9
2589,Alison HARPER (C),skipped,skipped,skipped,skipped,skipped,skipped,skipped,skipped,skipped,3,9
2590,Alison HARPER (C),skipped,skipped,skipped,skipped,skipped,skipped,skipped,skipped,skipped,3,9
2591,Alison HARPER (C),skipped,skipped,skipped,skipped,skipped,skipped,skipped,skipped,skipped,3,9
2592,Alison HARPER (C),skipped,skipped,skipped,skipped,skipped,skipped,skipped,skipped,skipped,3,9
2593,Alison HARPER (C),skipped,skipped,skipped,skipped,skipped,skipped,skipped,skipped,skipped,3,9
2594,Alison HARPER (C),skipped,skipped,skipped,skipped,skipped,skipped,skipped,skipped,skipped,3,9
2595,Alison HARPER (C),skipped,skipped,skipped,skipped,skipped,skipped,skipped,skipped,skipped,3,9
2596,Alison HARPER (C),skipped,skipped,skipped,skipped,skipped,skipped,skipped,skipped,skipped,3,9
2597,Alison HARPER (C),skipped,skipped,skipped,skipped,skipped,skipped,skipped,skipped,skipped,3,9
2598,Alison HARPER (C),skipped,skipped,skipped,skipped,skipped,skipped,skipped,skipped,skipped,3,9
2599,Alison HARPER (C),skipped,skipped,skipped,skipped,skipped,skipped,skipped,skipped,skipped,3,9
2600,Alison HARPER (C),skipped,skipped,skipped,skipped,skipped,skipped,skipped,skipped,skipped,3,9
2601,Alison HARPER (C),skipped,skipped,skipped,skipped,skipped,skipped,skipped,skipped,skipped,3,9
2602,Alison HARPER (C),skipped,skipped,skipped,skipped,skipped,skipped,skipped,skipped,skipped,3,9
2603,Alison HARPER (C),skipped,skipped,skipped,skipped,skipped,skipped,skipped,skipped,skipped,3,9
2604,Alison HARPER (C),skipped,skipped,skipped,skipped,skipped,skipped,skipped,skipped,skipped,3,9
2605,Alison HARPER (C),skipped,skipped,skipped,skipped,skipped,skipped,skipped,skipped,skipped,3,9
2606,Alison HARPER (C),skipped,skipped,skipped,skipped,skipped,skipped,skipped,skipped,skipped,3,9
2607,Alison HARPER (C),skipped,skipped,skipped,skipped,skipped,skipped,skipped,skipped,skipped,3,9
2608,Alison HARPER (C),skipped,skipped,skipped,skipped,skipped,skipped,skipped,skipped,skipped,3,9
2609,Alison HARPER (C),skipped,skipped,skipped,skipped,skipped,skipped,skipped,skipped,skipped,3,9
2610,Alison HARPER (C),skipped,skipped,skipped,skipped,skipped,skipped,skipped,skipped,skipped,3,9
2611,Alison HARPER (C),skipped,skipped,skipped,skipped,skipped,skipped,skipped,skipped,skipped,3,9
2612,Alison HARPER (C),skipped,skipped,skipped,skipped,skipped,skipped,skipped,skipped,skipped,3,9
2613,Alison HARPER (C),skipped,skipped,skipped,skipped,skipped,skipped,skipped,skipped,skipped,3,9
2614,Alison HARPER (C),skipped,skipped,skipped,skipped,skipped,skipped,skipped,skipped,skipped,3,9
2615,Alison HARPER (C),skipped,skipped,skipped,skipped,skipped,skipped,skipped,skipped,skipped,3,9
2616,Alison HARPER (C),skipped,skipped,skipped,skipped,skipped,skipped,skipped,skipped,skipped,3,9
2617,Alison HARPER (C),skipped,skipped,skipped,skipped,skipped,skipped,skipped,skipped,skipped,3,9
2618,Alison HARPER (C),skipped,skipped,skipped,skipped,skipped,skipped,skipped,skipped,skipped,3,9
2619,Alison HARPER (C),skipped,skipped,skipped,skipped,skipped,skipped,skipped,skipped,skipped,3,9
2620,Alison HARPER (C),skipped,skipped,skipped,skipped,skipped,skipped,skipped,skipped,skipped,3,9
2621,Alison HARPER (C),skipped,skipped,skipped,skipped,skipped,skipped,skipped,skipped,skipped,3,9
2622,Alison HARPER (C),skipped,skipped,skipped,skipped,skipped,skipped,skipped,skipped,skipped,3,9
2623,Alison HARPER (C),skipped,skipped,skipped,skipped,skipped,skipped,skipped,skipped,skipped,3,9
2624,Alison HARPER (C),skipped,skipped,skipped,skipped,skipped,skipped,skipped,skipped,skipped,3,9
2625,Alison HARPER (C),John BELL (SNP),skipped,skipped,skipped,skipped,skipped,skipped,skipped,skipped,3,9
2626,Alison HARPER (C),John BELL (SNP),skipped,skipped,skipped,skipped,skipped,skipped,skipped,skipped,3,9
2627,Alison HARPER (C),John BELL (SNP),skipped,skipped,skipped,skipped,skipped,skipped,skipped,skipped,3,9
2628,Alison HARPER (C),John BELL (SNP),skipped,skipped,skipped,skipped,skipped,skipped,skipped,skipped,3,9
2629,Alison HARPER (C),John BELL (SNP),skipped,skipped,skipped,skipped,skipped,skipped,skipped,skipped,3,9
2630,Alison HARPER (C),John BELL (SNP),skipped,skipped,skipped,skipped,skipped,skipped,skipped,skipped,3,9
2631,Alison HARPER (C),John BELL (SNP),skipped,skipped,skipped,skipped,skipped,skipped,skipped,skipped,3,9
2632,Alison HARPER (C),John BELL (SNP),Elaine DINWOODIE (Lab),skipped,skipped,skipped,skipped,skipped,skipped,skipped,3,9
2633,Alison HARPER (C),John BELL (SNP),Elaine DINWOODIE (Lab),skipped,skipped,skipped,skipped,skipped,skipped,skipped,3,9
2634,Alison HARPER (C),John BELL (SNP),Anne FAIRLIE (SNP),skipped,skipped,skipped,skipped,skipped,skipped,skipped,3,9
2635,Alison HARPER (C),John BELL (SNP),Anne FAIRLIE (SNP),skipped,skipped,skipped,skipped,skipped,skipped,skipped,3,9
2636,Alison HARPER (C),John BELL (SNP),Anne FAIRLIE (SNP),skipped,skipped,skipped,skipped,skipped,skipped,skipped,3,9
2637,Alison HARPER (C),John BELL (SNP),Anne FAIRLIE (SNP),Elaine DINWOODIE (Lab),Drew FILSON (Ind),Elaine STEWART (Lab),skipped,skipped,skipped,skipped,3,9
2638,Alison HARPER (C),John BELL (SNP),Anne FAIRLIE (SNP),Craig MURRAY (Grn),skipped,skipped,skipped,skipped,skipped,skipped,3,9
2639,Alison HARPER (C),John BELL (SNP),Drew FILSON (Ind),skipped,skipped,skipped,skipped,skipped,skipped,skipped,3,9
2640,Alison HARPER (C),John BELL (SNP),Drew FILSON (Ind),John YOUNG (Ind),skipped,skipped,skipped,skipped,skipped,skipped,3,9
2641,Alison HARPER (C),John BELL (SNP),Craig MURRAY (Grn),skipped,skipped,skipped,skipped,skipped,skipped,skipped,3,9
2642,Alison HARPER (C),John BELL (SNP),John YOUNG (Ind),skipped,skipped,skipped,skipped,skipped,skipped,skipped,3,9
2643,Alison HARPER (C),John BELL (SNP),John YOUNG (Ind),Anne FAIRLIE (SNP),skipped,skipped,skipped,skipped,skipped,skipped,3,9
2644,Alison HARPER (C),Elaine DINWOODIE (Lab),skipped,skipped,skipped,skipped,skipped,skipped,skipped,skipped,3,9
2645,Alison HARPER (C),Elaine DINWOODIE (Lab),skipped,skipped,skipped,skipped,skipped,skipped,skipped,skipped,3,9
2646,Alison HARPER (C),Elaine DINWOODIE (Lab),skipped,skipped,skipped,skipped,skipped,skipped,skipped,skipped,3,9
2647,Alison HARPER (C),Elaine DINWOODIE (Lab),skipped,skipped,skipped,skipped,skipped,skipped,skipped,skipped,3,9
2648,Alison HARPER (C),Elaine DINWOODIE (Lab),skipped,skipped,skipped,skipped,skipped,skipped,skipped,skipped,3,9
2649,Alison HARPER (C),Elaine DINWOODIE (Lab),skipped,skipped,skipped,skipped,skipped,skipped,skipped,skipped,3,9
2650,Alison HARPER (C),Elaine DINWOODIE (Lab),skipped,skipped,skipped,skipped,skipped,skipped,skipped,skipped,3,9
2651,Alison HARPER (C),Elaine DINWOODIE (Lab),skipped,skipped,skipped,skipped,skipped,skipped,skipped,skipped,3,9
2652,Alison HARPER (C),Elaine DINWOODIE (Lab),skipped,skipped,skipped,skipped,skipped,skipped,skipped,skipped,3,9
2653,Alison HARPER (C),Elaine DINWOODIE (Lab),skipped,skipped,skipped,skipped,skipped,skipped,skipped,skipped,3,9
2654,Alison HARPER (C),Elaine DINWOODIE (Lab),skipped,skipped,skipped,skipped,skipped,skipped,skipped,skipped,3,9
2655,Alison HARPER (C),Elaine DINWOODIE (Lab),skipped,skipped,skipped,skipped,skipped,skipped,skipped,skipped,3,9
2656,Alison HARPER (C),Elaine DINWOODIE (Lab),skipped,skipped,skipped,skipped,skipped,skipped,skipped,skipped,3,9
2657,Alison HARPER (C),Elaine DINWOODIE (Lab),skipped,skipped,skipped,skipped,skipped,skipped,skipped,skipped,3,9
2658,Alison HARPER (C),Elaine DINWOODIE (Lab),skipped,skipped,skipped,skipped,skipped,skipped,skipped,skipped,3,9
2659,Alison HARPER (C),Elaine DINWOODIE (Lab),skipped,skipped,skipped,skipped,skipped,skipped,skipped,skipped,3,9
2660,Alison HARPER (C),Elaine DINWOODIE (Lab),skipped,skipped,skipped,skipped,skipped,skipped,skipped,skipped,3,9
2661,Alison HARPER (C),Elaine DINWOODIE (Lab),skipped,skipped,skipped,skipped,skipped,skipped,skipped,skipped,3,9
2662,Alison HARPER (C),Elaine DINWOODIE (Lab),skipped,skipped,skipped,skipped,skipped,skipped,skipped,skipped,3,9
2663,Alison HARPER (C),Elaine DINWOODIE (Lab),skipped,skipped,skipped,skipped,skipped,skipped,skipped,skipped,3,9
2664,Alison HARPER (C),Elaine DINWOODIE (Lab),skipped,skipped,skipped,skipped,skipped,skipped,skipped,skipped,3,9
2665,Alison HARPER (C),Elaine DINWOODIE (Lab),skipped,skipped,skipped,skipped,skipped,skipped,skipped,skipped,3,9
2666,Alison HARPER (C),Elaine DINWOODIE (Lab),skipped,skipped,skipped,skipped,skipped,skipped,skipped,skipped,3,9
2667,Alison HARPER (C),Elaine DINWOODIE (Lab),skipped,skipped,skipped,skipped,skipped,skipped,skipped,skipped,3,9
2668,Alison HARPER (C),Elaine DINWOODIE (Lab),skipped,skipped,skipped,skipped,skipped,skipped,skipped,skipped,3,9
2669,Alison HARPER (C),Elaine DINWOODIE (Lab),John BELL (SNP),skipped,skipped,skipped,skipped,skipped,skipped,skipped,3,9
2670,Alison HARPER (C),Elaine DINWOODIE (Lab),Anne FAIRLIE (SNP),skipped,skipped,skipped,skipped,skipped,skipped,skipped,3,9
2671,Alison HARPER (C),Elaine DINWOODIE (Lab),Anne FAIRLIE (SNP),skipped,skipped,skipped,skipped,skipped,skipped,skipped,3,9
2672,Alison HARPER (C),Elaine DINWOODIE (Lab),Drew FILSON (Ind),skipped,skipped,skipped,skipped,skipped,skipped,skipped,3,9
2673,Alison HARPER (C),Elaine DINWOODIE (Lab),Drew FILSON (Ind),skipped,skipped,skipped,skipped,skipped,skipped,skipped,3,9
2674,Alison HARPER (C),Elaine DINWOODIE (Lab),Drew FILSON (Ind),skipped,skipped,skipped,skipped,skipped,skipped,skipped,3,9
2675,Alison HARPER (C),Elaine DINWOODIE (Lab),Drew FILSON (Ind),skipped,skipped,skipped,skipped,skipped,skipped,skipped,3,9
2676,Alison HARPER (C),Elaine DINWOODIE (Lab),Drew FILSON (Ind),skipped,skipped,skipped,skipped,skipped,skipped,skipped,3,9
2677,Alison HARPER (C),Elaine DINWOODIE (Lab),Drew FILSON (Ind),skipped,skipped,skipped,skipped,skipped,skipped,skipped,3,9
2678,Alison HARPER (C),Elaine DINWOODIE (Lab),Drew FILSON (Ind),skipped,skipped,skipped,skipped,skipped,skipped,skipped,3,9
2679,Alison HARPER (C),Elaine DINWOODIE (Lab),Drew FILSON (Ind),skipped,skipped,skipped,skipped,skipped,skipped,skipped,3,9
2680,Alison HARPER (C),Elaine DINWOODIE (Lab),Drew FILSON (Ind),skipped,skipped,skipped,skipped,skipped,skipped,skipped,3,9
2681,Alison HARPER (C),Elaine DINWOODIE (Lab),Drew FILSON (Ind),Craig MURRAY (Grn),Mark MITCHELL (Libtn),John YOUNG (Ind),Elaine STEWART (Lab),Anne FAIRLIE (SNP),John BELL (SNP),skipped,3,9
2682,Alison HARPER (C),Elaine DINWOODIE (Lab),Drew FILSON (Ind),Elaine STEWART (Lab),skipped,skipped,skipped,skipped,skipped,skipped,3,9
2683,Alison HARPER (C),Elaine DINWOODIE (Lab),Drew FILSON (Ind),Elaine STEWART (Lab),skipped,skipped,skipped,skipped,skipped,skipped,3,9
2684,Alison HARPER (C),Elaine DINWOODIE (Lab),Drew FILSON (Ind),Elaine STEWART (Lab),skipped,skipped,skipped,skipped,skipped,skipped,3,9
2685,Alison HARPER (C),Elaine DINWOODIE (Lab),Drew FILSON (Ind),Elaine STEWART (Lab),skipped,skipped,skipped,skipped,skipped,skipped,3,9
2686,Alison HARPER (C),Elaine DINWOODIE (Lab),Drew FILSON (Ind),Elaine STEWART (Lab),John YOUNG (Ind),skipped,skipped,skipped,skipped,skipped,3,9
2687,Alison HARPER (C),Elaine DINWOODIE (Lab),Drew FILSON (Ind),Elaine STEWART (Lab),John YOUNG (Ind),skipped,skipped,skipped,skipped,skipped,3,9
2688,Alison HARPER (C),Elaine DINWOODIE (Lab),Drew FILSON (Ind),Elaine STEWART (Lab),John YOUNG (Ind),Mark MITCHELL (Libtn),skipped,skipped,skipped,skipped,3,9
2689,Alison HARPER (C),Elaine DINWOODIE (Lab),Drew FILSON (Ind),Elaine STEWART (Lab),John YOUNG (Ind),Craig MURRAY (Grn),skipped,skipped,skipped,skipped,3,9
2690,Alison HARPER (C),Elaine DINWOODIE (Lab),Drew FILSON (Ind),John YOUNG (Ind),Elaine STEWART (Lab),Mark MITCHELL (Libtn),skipped,skipped,skipped,skipped,3,9
2691,Alison HARPER (C),Elaine DINWOODIE (Lab),Drew FILSON (Ind),John YOUNG (Ind),Elaine STEWART (Lab),Mark MITCHELL (Libtn),John BELL (SNP),Anne FAIRLIE (SNP),Craig MURRAY (Grn),skipped,3,9
2692,Alison HARPER (C),Elaine DINWOODIE (Lab),Drew FILSON (Ind),John YOUNG (Ind),Elaine STEWART (Lab),Mark MITCHELL (Libtn),Craig MURRAY (Grn),Anne FAIRLIE (SNP),John BELL (SNP),skipped,3,9
2693,Alison HARPER (C),Elaine DINWOODIE (Lab),Mark MITCHELL (Libtn),Elaine STEWART (Lab),John YOUNG (Ind),Craig MURRAY (Grn),Drew FILSON (Ind),Anne FAIRLIE (SNP),John BELL (SNP),skipped,3,9
2694,Alison HARPER (C),Elaine DINWOODIE (Lab),Craig MURRAY (Grn),skipped,skipped,skipped,skipped,skipped,skipped,skipped,3,9
2695,Alison HARPER (C),Elaine DINWOODIE (Lab),Craig MURRAY (Grn),skipped,skipped,skipped,skipped,skipped,skipped,skipped,3,9
2696,Alison HARPER (C),Elaine DINWOODIE (Lab),Craig MURRAY (Grn),Elaine STEWART (Lab),skipped,skipped,skipped,skipped,skipped,skipped,3,9
2697,Alison HARPER (C),Elaine DINWOODIE (Lab),Craig MURRAY (Grn),Elaine STEWART (Lab),Drew FILSON (Ind),John YOUNG (Ind),Mark MITCHELL (Libtn),skipped,skipped,skipped,3,9
2698,Alison HARPER (C),Elaine DINWOODIE (Lab),Elaine STEWART (Lab),skipped,skipped,skipped,skipped,skipped,skipped,skipped,3,9
2699,Alison HARPER (C),Elaine DINWOODIE (Lab),Elaine STEWART (Lab),skipped,skipped,skipped,skipped,skipped,skipped,skipped,3,9
2700,Alison HARPER (C),Elaine DINWOODIE (Lab),Elaine STEWART (Lab),skipped,skipped,skipped,skipped,skipped,skipped,skipped,3,9
2701,Alison HARPER (C),Elaine DINWOODIE (Lab),Elaine STEWART (Lab),skipped,skipped,skipped,skipped,skipped,skipped,skipped,3,9
2702,Alison HARPER (C),Elaine DINWOODIE (Lab),Elaine STEWART (Lab),skipped,skipped,skipped,skipped,skipped,skipped,skipped,3,9
2703,Alison HARPER (C),Elaine DINWOODIE (Lab),Elaine STEWART (Lab),skipped,skipped,skipped,skipped,skipped,skipped,skipped,3,9
2704,Alison HARPER (C),Elaine DINWOODIE (Lab),Elaine STEWART (Lab),skipped,skipped,skipped,skipped,skipped,skipped,skipped,3,9
2705,Alison HARPER (C),Elaine DINWOODIE (Lab),Elaine STEWART (Lab),skipped,skipped,skipped,skipped,skipped,skipped,skipped,3,9
2706,Alison HARPER (C),Elaine DINWOODIE (Lab),Elaine STEWART (Lab),skipped,skipped,skipped,skipped,skipped,skipped,skipped,3,9
2707,Alison HARPER (C),Elaine DINWOODIE (Lab),Elaine STEWART (Lab),skipped,skipped,skipped,skipped,skipped,skipped,skipped,3,9
2708,Alison HARPER (C),Elaine DINWOODIE (Lab),Elaine STEWART (Lab),skipped,skipped,skipped,skipped,skipped,skipped,skipped,3,9
2709,Alison HARPER (C),Elaine DINWOODIE (Lab),Elaine STEWART (Lab),skipped,skipped,skipped,skipped,skipped,skipped,skipped,3,9
2710,Alison HARPER (C),Elaine DINWOODIE (Lab),Elaine STEWART (Lab),skipped,skipped,skipped,skipped,skipped,skipped,skipped,3,9
2711,Alison HARPER (C),Elaine DINWOODIE (Lab),Elaine STEWART (Lab),skipped,skipped,skipped,skipped,skipped,skipped,skipped,3,9
2712,Alison HARPER (C),Elaine DINWOODIE (Lab),Elaine STEWART (Lab),skipped,skipped,skipped,skipped,skipped,skipped,skipped,3,9
2713,Alison HARPER (C),Elaine DINWOODIE (Lab),Elaine STEWART (Lab),skipped,skipped,skipped,skipped,skipped,skipped,skipped,3,9
2714,Alison HARPER (C),Elaine DINWOODIE (Lab),Elaine STEWART (Lab),skipped,skipped,skipped,skipped,skipped,skipped,skipped,3,9
2715,Alison HARPER (C),Elaine DINWOODIE (Lab),Elaine STEWART (Lab),skipped,skipped,skipped,skipped,skipped,skipped,skipped,3,9
2716,Alison HARPER (C),Elaine DINWOODIE (Lab),Elaine STEWART (Lab),skipped,skipped,skipped,skipped,skipped,skipped,skipped,3,9
2717,Alison HARPER (C),Elaine DINWOODIE (Lab),Elaine STEWART (Lab),skipped,skipped,skipped,skipped,skipped,skipped,skipped,3,9
2718,Alison HARPER (C),Elaine DINWOODIE (Lab),Elaine STEWART (Lab),skipped,skipped,skipped,skipped,skipped,skipped,skipped,3,9
2719,Alison HARPER (C),Elaine DINWOODIE (Lab),Elaine STEWART (Lab),skipped,skipped,skipped,skipped,skipped,skipped,skipped,3,9
2720,Alison HARPER (C),Elaine DINWOODIE (Lab),Elaine STEWART (Lab),skipped,skipped,skipped,skipped,skipped,skipped,skipped,3,9
2721,Alison HARPER (C),Elaine DINWOODIE (Lab),Elaine STEWART (Lab),skipped,skipped,skipped,skipped,skipped,skipped,skipped,3,9
2722,Alison HARPER (C),Elaine DINWOODIE (Lab),Elaine STEWART (Lab),skipped,skipped,skipped,skipped,skipped,skipped,skipped,3,9
2723,Alison HARPER (C),Elaine DINWOODIE (Lab),Elaine STEWART (Lab),skipped,skipped,skipped,skipped,skipped,skipped,skipped,3,9
2724,Alison HARPER (C),Elaine DINWOODIE (Lab),Elaine STEWART (Lab),skipped,skipped,skipped,skipped,skipped,skipped,skipped,3,9
2725,Alison HARPER (C),Elaine DINWOODIE (Lab),Elaine STEWART (Lab),skipped,skipped,skipped,skipped,skipped,skipped,skipped,3,9
2726,Alison HARPER (C),Elaine DINWOODIE (Lab),Elaine STEWART (Lab),skipped,skipped,skipped,skipped,skipped,skipped,skipped,3,9
2727,Alison HARPER (C),Elaine DINWOODIE (Lab),Elaine STEWART (Lab),skipped,skipped,skipped,skipped,skipped,skipped,skipped,3,9
2728,Alison HARPER (C),Elaine DINWOODIE (Lab),Elaine STEWART (Lab),skipped,skipped,skipped,skipped,skipped,skipped,skipped,3,9
2729,Alison HARPER (C),Elaine DINWOODIE (Lab),Elaine STEWART (Lab),skipped,skipped,skipped,skipped,skipped,skipped,skipped,3,9
2730,Alison HARPER (C),Elaine DINWOODIE (Lab),Elaine STEWART (Lab),skipped,skipped,skipped,skipped,skipped,skipped,skipped,3,9
2731,Alison HARPER (C),Elaine DINWOODIE (Lab),Elaine STEWART (Lab),skipped,skipped,skipped,skipped,skipped,skipped,skipped,3,9
2732,Alison HARPER (C),Elaine DINWOODIE (Lab),Elaine STEWART (Lab),skipped,skipped,skipped,skipped,skipped,skipped,skipped,3,9
2733,Alison HARPER (C),Elaine DINWOODIE (Lab),Elaine STEWART (Lab),skipped,skipped,skipped,skipped,skipped,skipped,skipped,3,9
2734,Alison HARPER (C),Elaine DINWOODIE (Lab),Elaine STEWART (Lab),skipped,skipped,skipped,skipped,skipped,skipped,skipped,3,9
2735,Alison HARPER (C),Elaine DINWOODIE (Lab),Elaine STEWART (Lab),skipped,skipped,skipped,skipped,skipped,skipped,skipped,3,9
2736,Alison HARPER (C),Elaine DINWOODIE (Lab),Elaine STEWART (Lab),skipped,skipped,skipped,skipped,skipped,skipped,skipped,3,9
2737,Alison HARPER (C),Elaine DINWOODIE (Lab),Elaine STEWART (Lab),skipped,skipped,skipped,skipped,skipped,skipped,skipped,3,9
2738,Alison HARPER (C),Elaine DINWOODIE (Lab),Elaine STEWART (Lab),skipped,skipped,skipped,skipped,skipped,skipped,skipped,3,9
2739,Alison HARPER (C),Elaine DINWOODIE (Lab),Elaine STEWART (Lab),skipped,skipped,skipped,skipped,skipped,skipped,skipped,3,9
2740,Alison HARPER (C),Elaine DINWOODIE (Lab),Elaine STEWART (Lab),skipped,skipped,skipped,skipped,skipped,skipped,skipped,3,9
2741,Alison HARPER (C),Elaine DINWOODIE (Lab),Elaine STEWART (Lab),skipped,skipped,skipped,skipped,skipped,skipped,skipped,3,9
2742,Alison HARPER (C),Elaine DINWOODIE (Lab),Elaine STEWART (Lab),skipped,skipped,skipped,skipped,skipped,skipped,skipped,3,9
2743,Alison HARPER (C),Elaine DINWOODIE (Lab),Elaine STEWART (Lab),skipped,skipped,skipped,skipped,skipped,skipped,skipped,3,9
2744,Alison HARPER (C),Elaine DINWOODIE (Lab),Elaine STEWART (Lab),skipped,skipped,skipped,skipped,skipped,skipped,skipped,3,9
2745,Alison HARPER (C),Elaine DINWOODIE (Lab),Elaine STEWART (Lab),skipped,skipped,skipped,skipped,skipped,skipped,skipped,3,9
2746,Alison HARPER (C),Elaine DINWOODIE (Lab),Elaine STEWART (Lab),skipped,skipped,skipped,skipped,skipped,skipped,skipped,3,9
2747,Alison HARPER (C),Elaine DINWOODIE (Lab),Elaine STEWART (Lab),skipped,skipped,skipped,skipped,skipped,skipped,skipped,3,9
2748,Alison HARPER (C),Elaine DINWOODIE (Lab),Elaine STEWART (Lab),skipped,skipped,skipped,skipped,skipped,skipped,skipped,3,9
2749,Alison HARPER (C),Elaine DINWOODIE (Lab),Elaine STEWART (Lab),skipped,skipped,skipped,skipped,skipped,skipped,skipped,3,9
2750,Alison HARPER (C),Elaine DINWOODIE (Lab),Elaine STEWART (Lab),skipped,skipped,skipped,skipped,skipped,skipped,skipped,3,9
2751,Alison HARPER (C),Elaine DINWOODIE (Lab),Elaine STEWART (Lab),skipped,skipped,skipped,skipped,skipped,skipped,skipped,3,9
2752,Alison HARPER (C),Elaine DINWOODIE (Lab),Elaine STEWART (Lab),skipped,skipped,skipped,skipped,skipped,skipped,skipped,3,9
2753,Alison HARPER (C),Elaine DINWOODIE (Lab),Elaine STEWART (Lab),John BELL (SNP),Anne FAIRLIE (SNP),skipped,skipped,skipped,skipped,skipped,3,9
2754,Alison HARPER (C),Elaine DINWOODIE (Lab),Elaine STEWART (Lab),Drew FILSON (Ind),skipped,skipped,skipped,skipped,skipped,skipped,3,9
2755,Alison HARPER (C),Elaine DINWOODIE (Lab),Elaine STEWART (Lab),Drew FILSON (Ind),skipped,skipped,skipped,skipped,skipped,skipped,3,9
2756,Alison HARPER (C),Elaine DINWOODIE (Lab),Elaine STEWART (Lab),Drew FILSON (Ind),Mark MITCHELL (Libtn),John YOUNG (Ind),skipped,skipped,skipped,skipped,3,9
2757,Alison HARPER (C),Elaine DINWOODIE (Lab),Elaine STEWART (Lab),Drew FILSON (Ind),John YOUNG (Ind),skipped,skipped,skipped,skipped,skipped,3,9
2758,Alison HARPER (C),Elaine DINWOODIE (Lab),Elaine STEWART (Lab),Drew FILSON (Ind),John YOUNG (Ind),skipped,skipped,skipped,skipped,skipped,3,9
2759,Alison HARPER (C),Elaine DINWOODIE (Lab),Elaine STEWART (Lab),Drew FILSON (Ind),John YOUNG (Ind),Mark MITCHELL (Libtn),Craig MURRAY (Grn),John BELL (SNP),Anne FAIRLIE (SNP),skipped,3,9
2760,Alison HARPER (C),Elaine DINWOODIE (Lab),Elaine STEWART (Lab),Drew FILSON (Ind),John YOUNG (Ind),Craig MURRAY (Grn),Mark MITCHELL (Libtn),Anne FAIRLIE (SNP),John BELL (SNP),skipped,3,9
2761,Alison HARPER (C),Elaine DINWOODIE (Lab),Elaine STEWART (Lab),Mark MITCHELL (Libtn),John YOUNG (Ind),John BELL (SNP),Craig MURRAY (Grn),Anne FAIRLIE (SNP),skipped,skipped,3,9
2762,Alison HARPER (C),Elaine DINWOODIE (Lab),Elaine STEWART (Lab),Craig MURRAY (Grn),skipped,skipped,skipped,skipped,skipped,skipped,3,9
2763,Alison HARPER (C),Elaine DINWOODIE (Lab),Elaine STEWART (Lab),Craig MURRAY (Grn),Mark MITCHELL (Libtn),John YOUNG (Ind),Drew FILSON (Ind),Anne FAIRLIE (SNP),John BELL (SNP),skipped,3,9
2764,Alison HARPER (C),Elaine DINWOODIE (Lab),Elaine STEWART (Lab),John YOUNG (Ind),skipped,skipped,skipped,skipped,skipped,skipped,3,9
2765,Alison HARPER (C),Elaine DINWOODIE (Lab),Elaine STEWART (Lab),John YOUNG (Ind),skipped,skipped,skipped,skipped,skipped,skipped,3,9
2766,Alison HARPER (C),Elaine DINWOODIE (Lab),Elaine STEWART (Lab),John YOUNG (Ind),skipped,skipped,skipped,skipped,skipped,skipped,3,9
2767,Alison HARPER (C),Elaine DINWOODIE (Lab),Elaine STEWART (Lab),John YOUNG (Ind),Drew FILSON (Ind),skipped,skipped,skipped,skipped,skipped,3,9
2768,Alison HARPER (C),Elaine DINWOODIE (Lab),Elaine STEWART (Lab),John YOUNG (Ind),Drew FILSON (Ind),Mark MITCHELL (Libtn),Craig MURRAY (Grn),Anne FAIRLIE (SNP),John BELL (SNP),skipped,3,9
2769,Alison HARPER (C),Elaine DINWOODIE (Lab),Elaine STEWART (Lab),John YOUNG (Ind),Mark MITCHELL (Libtn),Drew FILSON (Ind),Craig MURRAY (Grn),John BELL (SNP),Anne FAIRLIE (SNP),skipped,3,9
2770,Alison HARPER (C),Elaine DINWOODIE (Lab),John YOUNG (Ind),skipped,skipped,skipped,skipped,skipped,skipped,skipped,3,9
2771,Alison HARPER (C),Elaine DINWOODIE (Lab),John YOUNG (Ind),skipped,skipped,skipped,skipped,skipped,skipped,skipped,3,9
2772,Alison HARPER (C),Elaine DINWOODIE (Lab),John YOUNG (Ind),skipped,skipped,skipped,skipped,skipped,skipped,skipped,3,9
2773,Alison HARPER (C),Elaine DINWOODIE (Lab),John YOUNG (Ind),skipped,skipped,skipped,skipped,skipped,skipped,skipped,3,9
2774,Alison HARPER (C),Elaine DINWOODIE (Lab),John YOUNG (Ind),skipped,skipped,skipped,skipped,skipped,skipped,skipped,3,9
2775,Alison HARPER (C),Elaine DINWOODIE (Lab),John YOUNG (Ind),skipped,skipped,skipped,skipped,skipped,skipped,skipped,3,9
2776,Alison HARPER (C),Elaine DINWOODIE (Lab),John YOUNG (Ind),Drew FILSON (Ind),skipped,skipped,skipped,skipped,skipped,skipped,3,9
2777,Alison HARPER (C),Elaine DINWOODIE (Lab),John YOUNG (Ind),Elaine STEWART (Lab),skipped,skipped,skipped,skipped,skipped,skipped,3,9
2778,Alison HARPER (C),Anne FAIRLIE (SNP),skipped,skipped,skipped,skipped,skipped,skipped,skipped,skipped,3,9
2779,Alison HARPER (C),Anne FAIRLIE (SNP),John BELL (SNP),skipped,skipped,skipped,skipped,skipped,skipped,skipped,3,9
2780,Alison HARPER (C),Anne FAIRLIE (SNP),John BELL (SNP),Drew FILSON (Ind),John YOUNG (Ind),Craig MURRAY (Grn),skipped,skipped,skipped,skipped,3,9
2781,Alison HARPER (C),Anne FAIRLIE (SNP),John BELL (SNP),Craig MURRAY (Grn),skipped,skipped,skipped,skipped,skipped,skipped,3,9
2782,Alison HARPER (C),Anne FAIRLIE (SNP),Elaine DINWOODIE (Lab),skipped,skipped,skipped,skipped,skipped,skipped,skipped,3,9
2783,Alison HARPER (C),Anne FAIRLIE (SNP),Elaine STEWART (Lab),skipped,skipped,skipped,skipped,skipped,skipped,skipped,3,9
2784,Alison HARPER (C),Drew FILSON (Ind),skipped,skipped,skipped,skipped,skipped,skipped,skipped,skipped,3,9
2785,Alison HARPER (C),Drew FILSON (Ind),skipped,skipped,skipped,skipped,skipped,skipped,skipped,skipped,3,9
2786,Alison HARPER (C),Drew FILSON (Ind),skipped,skipped,skipped,skipped,skipped,skipped,skipped,skipped,3,9
2787,Alison HARPER (C),Drew FILSON (Ind),skipped,skipped,skipped,skipped,skipped,skipped,skipped,skipped,3,9
2788,Alison HARPER (C),Drew FILSON (Ind),skipped,skipped,skipped,skipped,skipped,skipped,skipped,skipped,3,9
2789,Alison HARPER (C),Drew FILSON (Ind),skipped,skipped,skipped,skipped,skipped,skipped,skipped,skipped,3,9
2790,Alison HARPER (C),Drew FILSON (Ind),skipped,skipped,skipped,skipped,skipped,skipped,skipped,skipped,3,9
2791,Alison HARPER (C),Drew FILSON (Ind),skipped,skipped,skipped,skipped,skipped,skipped,skipped,skipped,3,9
2792,Alison HARPER (C),Drew FILSON (Ind),skipped,skipped,skipped,skipped,skipped,skipped,skipped,skipped,3,9
2793,Alison HARPER (C),Drew FILSON (Ind),skipped,skipped,skipped,skipped,skipped,skipped,skipped,skipped,3,9
2794,Alison HARPER (C),Drew FILSON (Ind),skipped,skipped,skipped,skipped,skipped,skipped,skipped,skipped,3,9
2795,Alison HARPER (C),Drew FILSON (Ind),skipped,skipped,skipped,skipped,skipped,skipped,skipped,skipped,3,9
2796,Alison HARPER (C),Drew FILSON (Ind),skipped,skipped,skipped,skipped,skipped,skipped,skipped,skipped,3,9
2797,Alison HARPER (C),Drew FILSON (Ind),skipped,skipped,skipped,skipped,skipped,skipped,skipped,skipped,3,9
2798,Alison HARPER (C),Drew FILSON (Ind),skipped,skipped,skipped,skipped,skipped,skipped,skipped,skipped,3,9
2799,Alison HARPER (C),Drew FILSON (Ind),skipped,skipped,skipped,skipped,skipped,skipped,skipped,skipped,3,9
2800,Alison HARPER (C),Drew FILSON (Ind),skipped,skipped,skipped,skipped,skipped,skipped,skipped,skipped,3,9
2801,Alison HARPER (C),Drew FILSON (Ind),skipped,skipped,skipped,skipped,skipped,skipped,skipped,skipped,3,9
2802,Alison HARPER (C),Drew FILSON (Ind),skipped,skipped,skipped,skipped,skipped,skipped,skipped,skipped,3,9
2803,Alison HARPER (C),Drew FILSON (Ind),skipped,skipped,skipped,skipped,skipped,skipped,skipped,skipped,3,9
2804,Alison HARPER (C),Drew FILSON (Ind),skipped,skipped,skipped,skipped,skipped,skipped,skipped,skipped,3,9
2805,Alison HARPER (C),Drew FILSON (Ind),Elaine DINWOODIE (Lab),skipped,skipped,skipped,skipped,skipped,skipped,skipped,3,9
2806,Alison HARPER (C),Drew FILSON (Ind),Elaine DINWOODIE (Lab),skipped,skipped,skipped,skipped,skipped,skipped,skipped,3,9
2807,Alison HARPER (C),Drew FILSON (Ind),Elaine DINWOODIE (Lab),skipped,skipped,skipped,skipped,skipped,skipped,skipped,3,9
2808,Alison HARPER (C),Drew FILSON (Ind),Elaine DINWOODIE (Lab),skipped,skipped,skipped,skipped,skipped,skipped,skipped,3,9
2809,Alison HARPER (C),Drew FILSON (Ind),Elaine DINWOODIE (Lab),skipped,skipped,skipped,skipped,skipped,skipped,skipped,3,9
2810,Alison HARPER (C),Drew FILSON (Ind),Elaine DINWOODIE (Lab),skipped,skipped,skipped,skipped,skipped,skipped,skipped,3,9
2811,Alison HARPER (C),Drew FILSON (Ind),Elaine DINWOODIE (Lab),skipped,skipped,skipped,skipped,skipped,skipped,skipped,3,9
2812,Alison HARPER (C),Drew FILSON (Ind),Elaine DINWOODIE (Lab),John BELL (SNP),Anne FAIRLIE (SNP),skipped,skipped,skipped,skipped,skipped,3,9
2813,Alison HARPER (C),Drew FILSON (Ind),Elaine DINWOODIE (Lab),Elaine STEWART (Lab),John YOUNG (Ind),Craig MURRAY (Grn),Mark MITCHELL (Libtn),Anne FAIRLIE (SNP),John BELL (SNP),skipped,3,9
2814,Alison HARPER (C),Drew FILSON (Ind),Mark MITCHELL (Libtn),skipped,skipped,skipped,skipped,skipped,skipped,skipped,3,9
2815,Alison HARPER (C),Drew FILSON (Ind),Mark MITCHELL (Libtn),Craig MURRAY (Grn),John YOUNG (Ind),Elaine STEWART (Lab),Elaine DINWOODIE (Lab),John BELL (SNP),Anne FAIRLIE (SNP),skipped,3,9
2816,Alison HARPER (C),Drew FILSON (Ind),Craig MURRAY (Grn),skipped,skipped,skipped,skipped,skipped,skipped,skipped,3,9
2817,Alison HARPER (C),Drew FILSON (Ind),Craig MURRAY (Grn),skipped,skipped,skipped,skipped,skipped,skipped,skipped,3,9
2818,Alison HARPER (C),Drew FILSON (Ind),Craig MURRAY (Grn),skipped,skipped,skipped,skipped,skipped,skipped,skipped,3,9
2819,Alison HARPER (C),Drew FILSON (Ind),Craig MURRAY (Grn),skipped,skipped,skipped,skipped,skipped,skipped,skipped,3,9
2820,Alison HARPER (C),Drew FILSON (Ind),Craig MURRAY (Grn),skipped,skipped,skipped,skipped,skipped,skipped,skipped,3,9
2821,Alison HARPER (C),Drew FILSON (Ind),Craig MURRAY (Grn),skipped,skipped,skipped,skipped,skipped,skipped,skipped,3,9
2822,Alison HARPER (C),Drew FILSON (Ind),Craig MURRAY (Grn),Mark MITCHELL (Libtn),John YOUNG (Ind),skipped,skipped,skipped,skipped,skipped,3,9
2823,Alison HARPER (C),Drew FILSON (Ind),Craig MURRAY (Grn),Mark MITCHELL (Libtn),John YOUNG (Ind),Elaine DINWOODIE (Lab),Elaine STEWART (Lab),Anne FAIRLIE (SNP),John BELL (SNP),skipped,3,9
2824,Alison HARPER (C),Drew FILSON (Ind),Craig MURRAY (Grn),John YOUNG (Ind),skipped,skipped,skipped,skipped,skipped,skipped,3,9
2825,Alison HARPER (C),Drew FILSON (Ind),Elaine STEWART (Lab),skipped,skipped,skipped,skipped,skipped,skipped,skipped,3,9
2826,Alison HARPER (C),Drew FILSON (Ind),Elaine STEWART (Lab),skipped,skipped,skipped,skipped,skipped,skipped,skipped,3,9
2827,Alison HARPER (C),Drew FILSON (Ind),Elaine STEWART (Lab),skipped,skipped,skipped,skipped,skipped,skipped,skipped,3,9
2828,Alison HARPER (C),Drew FILSON (Ind),Elaine STEWART (Lab),skipped,skipped,skipped,skipped,skipped,skipped,skipped,3,9
2829,Alison HARPER (C),Drew FILSON (Ind),Elaine STEWART (Lab),skipped,skipped,skipped,skipped,skipped,skipped,skipped,3,9
2830,Alison HARPER (C),Drew FILSON (Ind),John YOUNG (Ind),skipped,skipped,skipped,skipped,skipped,skipped,skipped,3,9
2831,Alison HARPER (C),Drew FILSON (Ind),John YOUNG (Ind),skipped,skipped,skipped,skipped,skipped,skipped,skipped,3,9
2832,Alison HARPER (C),Drew FILSON (Ind),John YOUNG (Ind),skipped,skipped,skipped,skipped,skipped,skipped,skipped,3,9
2833,Alison HARPER (C),Drew FILSON (Ind),John YOUNG (Ind),skipped,skipped,skipped,skipped,skipped,skipped,skipped,3,9
2834,Alison HARPER (C),Drew FILSON (Ind),John YOUNG (Ind),skipped,skipped,skipped,skipped,skipped,skipped,skipped,3,9
2835,Alison HARPER (C),Drew FILSON (Ind),John YOUNG (Ind),skipped,skipped,skipped,skipped,skipped,skipped,skipped,3,9
2836,Alison HARPER (C),Drew FILSON (Ind),John YOUNG (Ind),skipped,skipped,skipped,skipped,skipped,skipped,skipped,3,9
2837,Alison HARPER (C),Drew FILSON (Ind),John YOUNG (Ind),skipped,skipped,skipped,skipped,skipped,skipped,skipped,3,9
2838,Alison HARPER (C),Drew FILSON (Ind),John YOUNG (Ind),skipped,skipped,skipped,skipped,skipped,skipped,skipped,3,9
2839,Alison HARPER (C),Drew FILSON (Ind),John YOUNG (Ind),skipped,skipped,skipped,skipped,skipped,skipped,skipped,3,9
2840,Alison HARPER (C),Drew FILSON (Ind),John YOUNG (Ind),skipped,skipped,skipped,skipped,skipped,skipped,skipped,3,9
2841,Alison HARPER (C),Drew FILSON (Ind),John YOUNG (Ind),skipped,skipped,skipped,skipped,skipped,skipped,skipped,3,9
2842,Alison HARPER (C),Drew FILSON (Ind),John YOUNG (Ind),skipped,skipped,skipped,skipped,skipped,skipped,skipped,3,9
2843,Alison HARPER (C),Drew FILSON (Ind),John YOUNG (Ind),skipped,skipped,skipped,skipped,skipped,skipped,skipped,3,9
2844,Alison HARPER (C),Drew FILSON (Ind),John YOUNG (Ind),skipped,skipped,skipped,skipped,skipped,skipped,skipped,3,9
2845,Alison HARPER (C),Drew FILSON (Ind),John YOUNG (Ind),skipped,skipped,skipped,skipped,skipped,skipped,skipped,3,9
2846,Alison HARPER (C),Drew FILSON (Ind),John YOUNG (Ind),skipped,skipped,skipped,skipped,skipped,skipped,skipped,3,9
2847,Alison HARPER (C),Drew FILSON (Ind),John YOUNG (Ind),skipped,skipped,skipped,skipped,skipped,skipped,skipped,3,9
2848,Alison HARPER (C),Drew FILSON (Ind),John YOUNG (Ind),skipped,skipped,skipped,skipped,skipped,skipped,skipped,3,9
2849,Alison HARPER (C),Drew FILSON (Ind),John YOUNG (Ind),skipped,skipped,skipped,skipped,skipped,skipped,skipped,3,9
2850,Alison HARPER (C),Drew FILSON (Ind),John YOUNG (Ind),skipped,skipped,skipped,skipped,skipped,skipped,skipped,3,9
2851,Alison HARPER (C),Drew FILSON (Ind),John YOUNG (Ind),skipped,skipped,skipped,skipped,skipped,skipped,skipped,3,9
2852,Alison HARPER (C),Drew FILSON (Ind),John YOUNG (Ind),skipped,skipped,skipped,skipped,skipped,skipped,skipped,3,9
2853,Alison HARPER (C),Drew FILSON (Ind),John YOUNG (Ind),skipped,skipped,skipped,skipped,skipped,skipped,skipped,3,9
2854,Alison HARPER (C),Drew FILSON (Ind),John YOUNG (Ind),skipped,skipped,skipped,skipped,skipped,skipped,skipped,3,9
2855,Alison HARPER (C),Drew FILSON (Ind),John YOUNG (Ind),skipped,skipped,skipped,skipped,skipped,skipped,skipped,3,9
2856,Alison HARPER (C),Drew FILSON (Ind),John YOUNG (Ind),skipped,skipped,skipped,skipped,skipped,skipped,skipped,3,9
2857,Alison HARPER (C),Drew FILSON (Ind),John YOUNG (Ind),skipped,skipped,skipped,skipped,skipped,skipped,skipped,3,9
2858,Alison HARPER (C),Drew FILSON (Ind),John YOUNG (Ind),skipped,skipped,skipped,skipped,skipped,skipped,skipped,3,9
2859,Alison HARPER (C),Drew FILSON (Ind),John YOUNG (Ind),skipped,skipped,skipped,skipped,skipped,skipped,skipped,3,9
2860,Alison HARPER (C),Drew FILSON (Ind),John YOUNG (Ind),skipped,skipped,skipped,skipped,skipped,skipped,skipped,3,9
2861,Alison HARPER (C),Drew FILSON (Ind),John YOUNG (Ind),skipped,skipped,skipped,skipped,skipped,skipped,skipped,3,9
2862,Alison HARPER (C),Drew FILSON (Ind),John YOUNG (Ind),skipped,skipped,skipped,skipped,skipped,skipped,skipped,3,9
2863,Alison HARPER (C),Drew FILSON (Ind),John YOUNG (Ind),skipped,skipped,skipped,skipped,skipped,skipped,skipped,3,9
2864,Alison HARPER (C),Drew FILSON (Ind),John YOUNG (Ind),skipped,skipped,skipped,skipped,skipped,skipped,skipped,3,9
2865,Alison HARPER (C),Drew FILSON (Ind),John YOUNG (Ind),Elaine DINWOODIE (Lab),Elaine STEWART (Lab),skipped,skipped,skipped,skipped,skipped,3,9
2866,Alison HARPER (C),Drew FILSON (Ind),John YOUNG (Ind),Mark MITCHELL (Libtn),skipped,skipped,skipped,skipped,skipped,skipped,3,9
2867,Alison HARPER (C),Drew FILSON (Ind),John YOUNG (Ind),Mark MITCHELL (Libtn),skipped,skipped,skipped,skipped,skipped,skipped,3,9
2868,Alison HARPER (C),Drew FILSON (Ind),John YOUNG (Ind),Mark MITCHELL (Libtn),skipped,skipped,skipped,skipped,skipped,skipped,3,9
2869,Alison HARPER (C),Drew FILSON (Ind),John YOUNG (Ind),Mark MITCHELL (Libtn),Elaine STEWART (Lab),Elaine DINWOODIE (Lab),skipped,skipped,skipped,skipped,3,9
2870,Alison HARPER (C),Drew FILSON (Ind),John YOUNG (Ind),Mark MITCHELL (Libtn),Elaine STEWART (Lab),Elaine DINWOODIE (Lab),Anne FAIRLIE (SNP),John BELL (SNP),Craig MURRAY (Grn),skipped,3,9
2871,Alison HARPER (C),Drew FILSON (Ind),John YOUNG (Ind),Craig MURRAY (Grn),skipped,skipped,skipped,skipped,skipped,skipped,3,9
2872,Alison HARPER (C),Drew FILSON (Ind),John YOUNG (Ind),Craig MURRAY (Grn),skipped,skipped,skipped,skipped,skipped,skipped,3,9
2873,Alison HARPER (C),Drew FILSON (Ind),John YOUNG (Ind),Craig MURRAY (Grn),skipped,skipped,skipped,skipped,skipped,skipped,3,9
2874,Alison HARPER (C),Drew FILSON (Ind),John YOUNG (Ind),Craig MURRAY (Grn),Elaine DINWOODIE (Lab),Elaine STEWART (Lab),Mark MITCHELL (Libtn),Anne FAIRLIE (SNP),John BELL (SNP),skipped,3,9
2875,Alison HARPER (C),Drew FILSON (Ind),John YOUNG (Ind),Craig MURRAY (Grn),Mark MITCHELL (Libtn),Elaine STEWART (Lab),Elaine DINWOODIE (Lab),skipped,skipped,skipped,3,9
2876,Alison HARPER (C),Drew FILSON (Ind),John YOUNG (Ind),Craig MURRAY (Grn),Elaine STEWART (Lab),Elaine DINWOODIE (Lab),Mark MITCHELL (Libtn),Anne FAIRLIE (SNP),John BELL (SNP),skipped,3,9
2877,Alison HARPER (C),Drew FILSON (Ind),John YOUNG (Ind),Elaine STEWART (Lab),Elaine DINWOODIE (Lab),skipped,skipped,skipped,skipped,skipped,3,9
2878,Alison HARPER (C),Drew FILSON (Ind),John YOUNG (Ind),Elaine STEWART (Lab),Elaine DINWOODIE (Lab),Mark MITCHELL (Libtn),Craig MURRAY (Grn),John BELL (SNP),Anne FAIRLIE (SNP),skipped,3,9
2879,Alison HARPER (C),Mark MITCHELL (Libtn),skipped,skipped,skipped,skipped,skipped,skipped,skipped,skipped,3,9
2880,Alison HARPER (C),Mark MITCHELL (Libtn),skipped,skipped,skipped,skipped,skipped,skipped,skipped,skipped,3,9
2881,Alison HARPER (C),Mark MITCHELL (Libtn),skipped,skipped,skipped,skipped,skipped,skipped,skipped,skipped,3,9
2882,Alison HARPER (C),Mark MITCHELL (Libtn),skipped,skipped,skipped,skipped,skipped,skipped,skipped,skipped,3,9
2883,Alison HARPER (C),Mark MITCHELL (Libtn),skipped,skipped,skipped,skipped,skipped,skipped,skipped,skipped,3,9
2884,Alison HARPER (C),Mark MITCHELL (Libtn),skipped,skipped,skipped,skipped,skipped,skipped,skipped,skipped,3,9
2885,Alison HARPER (C),Mark MITCHELL (Libtn),Drew FILSON (Ind),John YOUNG (Ind),skipped,skipped,skipped,skipped,skipped,skipped,3,9
2886,Alison HARPER (C),Mark MITCHELL (Libtn),Drew FILSON (Ind),John YOUNG (Ind),Craig MURRAY (Grn),Elaine DINWOODIE (Lab),Elaine STEWART (Lab),Anne FAIRLIE (SNP),John BELL (SNP),skipped,3,9
2887,Alison HARPER (C),Mark MITCHELL (Libtn),Craig MURRAY (Grn),skipped,skipped,skipped,skipped,skipped,skipped,skipped,3,9
2888,Alison HARPER (C),Mark MITCHELL (Libtn),Craig MURRAY (Grn),Elaine STEWART (Lab),skipped,skipped,skipped,skipped,skipped,skipped,3,9
2889,Alison HARPER (C),Mark MITCHELL (Libtn),John YOUNG (Ind),skipped,skipped,skipped,skipped,skipped,skipped,skipped,3,9
2890,Alison HARPER (C),Mark MITCHELL (Libtn),John YOUNG (Ind),skipped,skipped,skipped,skipped,skipped,skipped,skipped,3,9
2891,Alison HARPER (C),Mark MITCHELL (Libtn),John YOUNG (Ind),Elaine STEWART (Lab),skipped,skipped,skipped,skipped,skipped,skipped,3,9
2892,Alison HARPER (C),Craig MURRAY (Grn),skipped,skipped,skipped,skipped,skipped,skipped,skipped,skipped,3,9
2893,Alison HARPER (C),Craig MURRAY (Grn),skipped,skipped,skipped,skipped,skipped,skipped,skipped,skipped,3,9
2894,Alison HARPER (C),Craig MURRAY (Grn),skipped,skipped,skipped,skipped,skipped,skipped,skipped,skipped,3,9
2895,Alison HARPER (C),Craig MURRAY (Grn),skipped,skipped,skipped,skipped,skipped,skipped,skipped,skipped,3,9
2896,Alison HARPER (C),Craig MURRAY (Grn),skipped,skipped,skipped,skipped,skipped,skipped,skipped,skipped,3,9
2897,Alison HARPER (C),Craig MURRAY (Grn),skipped,skipped,skipped,skipped,skipped,skipped,skipped,skipped,3,9
2898,Alison HARPER (C),Craig MURRAY (Grn),Elaine DINWOODIE (Lab),skipped,skipped,skipped,skipped,skipped,skipped,skipped,3,9
2899,Alison HARPER (C),Craig MURRAY (Grn),Elaine DINWOODIE (Lab),skipped,skipped,skipped,skipped,skipped,skipped,skipped,3,9
2900,Alison HARPER (C),Craig MURRAY (Grn),Elaine DINWOODIE (Lab),Elaine STEWART (Lab),skipped,skipped,skipped,skipped,skipped,skipped,3,9
2901,Alison HARPER (C),Craig MURRAY (Grn),Anne FAIRLIE (SNP),skipped,skipped,skipped,skipped,skipped,skipped,skipped,3,9
2902,Alison HARPER (C),Craig MURRAY (Grn),Drew FILSON (Ind),skipped,skipped,skipped,skipped,skipped,skipped,skipped,3,9
2903,Alison HARPER (C),Craig MURRAY (Grn),Drew FILSON (Ind),skipped,skipped,skipped,skipped,skipped,skipped,skipped,3,9
2904,Alison HARPER (C),Craig MURRAY (Grn),Drew FILSON (Ind),skipped,skipped,skipped,skipped,skipped,skipped,skipped,3,9
2905,Alison HARPER (C),Craig MURRAY (Grn),Drew FILSON (Ind),skipped,skipped,skipped,skipped,skipped,skipped,skipped,3,9
2906,Alison HARPER (C),Craig MURRAY (Grn),Drew FILSON (Ind),skipped,skipped,skipped,skipped,skipped,skipped,skipped,3,9
2907,Alison HARPER (C),Craig MURRAY (Grn),Drew FILSON (Ind),skipped,skipped,skipped,skipped,skipped,skipped,skipped,3,9
2908,Alison HARPER (C),Craig MURRAY (Grn),Drew FILSON (Ind),skipped,skipped,skipped,skipped,skipped,skipped,skipped,3,9
2909,Alison HARPER (C),Craig MURRAY (Grn),Drew FILSON (Ind),skipped,skipped,skipped,skipped,skipped,skipped,skipped,3,9
2910,Alison HARPER (C),Craig MURRAY (Grn),Drew FILSON (Ind),John YOUNG (Ind),Mark MITCHELL (Libtn),skipped,skipped,skipped,skipped,skipped,3,9
2911,Alison HARPER (C),Craig MURRAY (Grn),Mark MITCHELL (Libtn),skipped,skipped,skipped,skipped,skipped,skipped,skipped,3,9
2912,Alison HARPER (C),Craig MURRAY (Grn),Mark MITCHELL (Libtn),John YOUNG (Ind),Drew FILSON (Ind),Elaine DINWOODIE (Lab),Elaine STEWART (Lab),John BELL (SNP),Anne FAIRLIE (SNP),skipped,3,9
2913,Alison HARPER (C),Craig MURRAY (Grn),Mark MITCHELL (Libtn),John YOUNG (Ind),Elaine STEWART (Lab),Elaine DINWOODIE (Lab),Drew FILSON (Ind),Anne FAIRLIE (SNP),John BELL (SNP),skipped,3,9
2914,Alison HARPER (C),Craig MURRAY (Grn),Elaine STEWART (Lab),skipped,skipped,skipped,skipped,skipped,skipped,skipped,3,9
2915,Alison HARPER (C),Craig MURRAY (Grn),John YOUNG (Ind),skipped,skipped,skipped,skipped,skipped,skipped,skipped,3,9
2916,Alison HARPER (C),Craig MURRAY (Grn),John YOUNG (Ind),skipped,skipped,skipped,skipped,skipped,skipped,skipped,3,9
2917,Alison HARPER (C),Craig MURRAY (Grn),John YOUNG (Ind),skipped,skipped,skipped,skipped,skipped,skipped,skipped,3,9
2918,Alison HARPER (C),Craig MURRAY (Grn),John YOUNG (Ind),skipped,skipped,skipped,skipped,skipped,skipped,skipped,3,9
2919,Alison HARPER (C),Craig MURRAY (Grn),John YOUNG (Ind),skipped,skipped,skipped,skipped,skipped,skipped,skipped,3,9
2920,Alison HARPER (C),Craig MURRAY (Grn),John YOUNG (Ind),Elaine STEWART (Lab),Elaine DINWOODIE (Lab),Mark MITCHELL (Libtn),Drew FILSON (Ind),Anne FAIRLIE (SNP),John BELL (SNP),skipped,3,9
2921,Alison HARPER (C),Elaine STEWART (Lab),skipped,skipped,skipped,skipped,skipped,skipped,skipped,skipped,3,9
2922,Alison HARPER (C),Elaine STEWART (Lab),skipped,skipped,skipped,skipped,skipped,skipped,skipped,skipped,3,9
2923,Alison HARPER (C),Elaine STEWART (Lab),skipped,skipped,skipped,skipped,skipped,skipped,skipped,skipped,3,9
2924,Alison HARPER (C),Elaine STEWART (Lab),skipped,skipped,skipped,skipped,skipped,skipped,skipped,skipped,3,9
2925,Alison HARPER (C),Elaine STEWART (Lab),skipped,skipped,skipped,skipped,skipped,skipped,skipped,skipped,3,9
2926,Alison HARPER (C),Elaine STEWART (Lab),skipped,skipped,skipped,skipped,skipped,skipped,skipped,skipped,3,9
2927,Alison HARPER (C),Elaine STEWART (Lab),skipped,skipped,skipped,skipped,skipped,skipped,skipped,skipped,3,9
2928,Alison HARPER (C),Elaine STEWART (Lab),skipped,skipped,skipped,skipped,skipped,skipped,skipped,skipped,3,9
2929,Alison HARPER (C),Elaine STEWART (Lab),skipped,skipped,skipped,skipped,skipped,skipped,skipped,skipped,3,9
2930,Alison HARPER (C),Elaine STEWART (Lab),skipped,skipped,skipped,skipped,skipped,skipped,skipped,skipped,3,9
2931,Alison HARPER (C),Elaine STEWART (Lab),skipped,skipped,skipped,skipped,skipped,skipped,skipped,skipped,3,9
2932,Alison HARPER (C),Elaine STEWART (Lab),Elaine DINWOODIE (Lab),skipped,skipped,skipped,skipped,skipped,skipped,skipped,3,9
2933,Alison HARPER (C),Elaine STEWART (Lab),Elaine DINWOODIE (Lab),skipped,skipped,skipped,skipped,skipped,skipped,skipped,3,9
2934,Alison HARPER (C),Elaine STEWART (Lab),Elaine DINWOODIE (Lab),skipped,skipped,skipped,skipped,skipped,skipped,skipped,3,9
2935,Alison HARPER (C),Elaine STEWART (Lab),Elaine DINWOODIE (Lab),skipped,skipped,skipped,skipped,skipped,skipped,skipped,3,9
2936,Alison HARPER (C),Elaine STEWART (Lab),Elaine DINWOODIE (Lab),skipped,skipped,skipped,skipped,skipped,skipped,skipped,3,9
2937,Alison HARPER (C),Elaine STEWART (Lab),Elaine DINWOODIE (Lab),skipped,skipped,skipped,skipped,skipped,skipped,skipped,3,9
2938,Alison HARPER (C),Elaine STEWART (Lab),Elaine DINWOODIE (Lab),skipped,skipped,skipped,skipped,skipped,skipped,skipped,3,9
2939,Alison HARPER (C),Elaine STEWART (Lab),Elaine DINWOODIE (Lab),skipped,skipped,skipped,skipped,skipped,skipped,skipped,3,9
2940,Alison HARPER (C),Elaine STEWART (Lab),Elaine DINWOODIE (Lab),skipped,skipped,skipped,skipped,skipped,skipped,skipped,3,9
2941,Alison HARPER (C),Elaine STEWART (Lab),Elaine DINWOODIE (Lab),skipped,skipped,skipped,skipped,skipped,skipped,skipped,3,9
2942,Alison HARPER (C),Elaine STEWART (Lab),Elaine DINWOODIE (Lab),skipped,skipped,skipped,skipped,skipped,skipped,skipped,3,9
2943,Alison HARPER (C),Elaine STEWART (Lab),Elaine DINWOODIE (Lab),skipped,skipped,skipped,skipped,skipped,skipped,skipped,3,9
2944,Alison HARPER (C),Elaine STEWART (Lab),Elaine DINWOODIE (Lab),skipped,skipped,skipped,skipped,skipped,skipped,skipped,3,9
2945,Alison HARPER (C),Elaine STEWART (Lab),Elaine DINWOODIE (Lab),skipped,skipped,skipped,skipped,skipped,skipped,skipped,3,9
2946,Alison HARPER (C),Elaine STEWART (Lab),Elaine DINWOODIE (Lab),skipped,skipped,skipped,skipped,skipped,skipped,skipped,3,9
2947,Alison HARPER (C),Elaine STEWART (Lab),Elaine DINWOODIE (Lab),skipped,skipped,skipped,skipped,skipped,skipped,skipped,3,9
2948,Alison HARPER (C),Elaine STEWART (Lab),Elaine DINWOODIE (Lab),skipped,skipped,skipped,skipped,skipped,skipped,skipped,3,9
2949,Alison HARPER (C),Elaine STEWART (Lab),Elaine DINWOODIE (Lab),skipped,skipped,skipped,skipped,skipped,skipped,skipped,3,9
2950,Alison HARPER (C),Elaine STEWART (Lab),Elaine DINWOODIE (Lab),skipped,skipped,skipped,skipped,skipped,skipped,skipped,3,9
2951,Alison HARPER (C),Elaine STEWART (Lab),Elaine DINWOODIE (Lab),skipped,skipped,skipped,skipped,skipped,skipped,skipped,3,9
2952,Alison HARPER (C),Elaine STEWART (Lab),Elaine DINWOODIE (Lab),skipped,skipped,skipped,skipped,skipped,skipped,skipped,3,9
2953,Alison HARPER (C),Elaine STEWART (Lab),Elaine DINWOODIE (Lab),skipped,skipped,skipped,skipped,skipped,skipped,skipped,3,9
2954,Alison HARPER (C),Elaine STEWART (Lab),Elaine DINWOODIE (Lab),skipped,skipped,skipped,skipped,skipped,skipped,skipped,3,9
2955,Alison HARPER (C),Elaine STEWART (Lab),Elaine DINWOODIE (Lab),Anne FAIRLIE (SNP),John BELL (SNP),John YOUNG (Ind),Drew FILSON (Ind),Mark MITCHELL (Libtn),Craig MURRAY (Grn),skipped,3,9
2956,Alison HARPER (C),Elaine STEWART (Lab),Elaine DINWOODIE (Lab),Drew FILSON (Ind),Mark MITCHELL (Libtn),John YOUNG (Ind),Craig MURRAY (Grn),Anne FAIRLIE (SNP),John BELL (SNP),skipped,3,9
2957,Alison HARPER (C),Elaine STEWART (Lab),Elaine DINWOODIE (Lab),Drew FILSON (Ind),John YOUNG (Ind),skipped,skipped,skipped,skipped,skipped,3,9
2958,Alison HARPER (C),Elaine STEWART (Lab),Elaine DINWOODIE (Lab),Craig MURRAY (Grn),Mark MITCHELL (Libtn),John YOUNG (Ind),Drew FILSON (Ind),John BELL (SNP),Anne FAIRLIE (SNP),skipped,3,9
2959,Alison HARPER (C),Elaine STEWART (Lab),Elaine DINWOODIE (Lab),Craig MURRAY (Grn),John YOUNG (Ind),Mark MITCHELL (Libtn),Drew FILSON (Ind),Anne FAIRLIE (SNP),John BELL (SNP),skipped,3,9
2960,Alison HARPER (C),Elaine STEWART (Lab),Elaine DINWOODIE (Lab),John YOUNG (Ind),skipped,skipped,skipped,skipped,skipped,skipped,3,9
2961,Alison HARPER (C),Elaine STEWART (Lab),Elaine DINWOODIE (Lab),John YOUNG (Ind),Drew FILSON (Ind),skipped,skipped,skipped,skipped,skipped,3,9
2962,Alison HARPER (C),Elaine STEWART (Lab),Elaine DINWOODIE (Lab),John YOUNG (Ind),Drew FILSON (Ind),Mark MITCHELL (Libtn),Craig MURRAY (Grn),John BELL (SNP),Anne FAIRLIE (SNP),skipped,3,9
2963,Alison HARPER (C),Elaine STEWART (Lab),Elaine DINWOODIE (Lab),John YOUNG (Ind),Craig MURRAY (Grn),Mark MITCHELL (Libtn),John BELL (SNP),Drew FILSON (Ind),Anne FAIRLIE (SNP),skipped,3,9
2964,Alison HARPER (C),Elaine STEWART (Lab),Drew FILSON (Ind),skipped,skipped,skipped,skipped,skipped,skipped,skipped,3,9
2965,Alison HARPER (C),Elaine STEWART (Lab),Drew FILSON (Ind),John YOUNG (Ind),skipped,skipped,skipped,skipped,skipped,skipped,3,9
2966,Alison HARPER (C),Elaine STEWART (Lab),Mark MITCHELL (Libtn),skipped,skipped,skipped,skipped,skipped,skipped,skipped,3,9
2967,Alison HARPER (C),Elaine STEWART (Lab),Craig MURRAY (Grn),skipped,skipped,skipped,skipped,skipped,skipped,skipped,3,9
2968,Alison HARPER (C),Elaine STEWART (Lab),Craig MURRAY (Grn),skipped,skipped,skipped,skipped,skipped,skipped,skipped,3,9
2969,Alison HARPER (C),Elaine STEWART (Lab),Craig MURRAY (Grn),Elaine DINWOODIE (Lab),Drew FILSON (Ind),skipped,skipped,skipped,skipped,skipped,3,9
2970,Alison HARPER (C),Elaine STEWART (Lab),John YOUNG (Ind),skipped,skipped,skipped,skipped,skipped,skipped,skipped,3,9
2971,Alison HARPER (C),Elaine STEWART (Lab),John YOUNG (Ind),skipped,skipped,skipped,skipped,skipped,skipped,skipped,3,9
2972,Alison HARPER (C),Elaine STEWART (Lab),John YOUNG (Ind),skipped,skipped,skipped,skipped,skipped,skipped,skipped,3,9
2973,Alison HARPER (C),Elaine STEWART (Lab),John YOUNG (Ind),Elaine DINWOODIE (Lab),skipped,skipped,skipped,skipped,skipped,skipped,3,9
2974,Alison HARPER (C),Elaine STEWART (Lab),John YOUNG (Ind),Elaine DINWOODIE (Lab),Mark MITCHELL (Libtn),Drew FILSON (Ind),skipped,skipped,skipped,skipped,3,9
2975,Alison HARPER (C),John YOUNG (Ind),skipped,skipped,skipped,skipped,skipped,skipped,skipped,skipped,3,9
2976,Alison HARPER (C),John YOUNG (Ind),skipped,skipped,skipped,skipped,skipped,skipped,skipped,skipped,3,9
2977,Alison HARPER (C),John YOUNG (Ind),skipped,skipped,skipped,skipped,skipped,skipped,skipped,skipped,3,9
2978,Alison HARPER (C),John YOUNG (Ind),skipped,skipped,skipped,skipped,skipped,skipped,skipped,skipped,3,9
2979,Alison HARPER (C),John YOUNG (Ind),skipped,skipped,skipped,skipped,skipped,skipped,skipped,skipped,3,9
2980,Alison HARPER (C),John YOUNG (Ind),skipped,skipped,skipped,skipped,skipped,skipped,skipped,skipped,3,9
2981,Alison HARPER (C),John YOUNG (Ind),skipped,skipped,skipped,skipped,skipped,skipped,skipped,skipped,3,9
2982,Alison HARPER (C),John YOUNG (Ind),skipped,skipped,skipped,skipped,skipped,skipped,skipped,skipped,3,9
2983,Alison HARPER (C),John YOUNG (Ind),skipped,skipped,skipped,skipped,skipped,skipped,skipped,skipped,3,9
2984,Alison HARPER (C),John YOUNG (Ind),skipped,skipped,skipped,skipped,skipped,skipped,skipped,skipped,3,9
2985,Alison HARPER (C),John YOUNG (Ind),skipped,skipped,skipped,skipped,skipped,skipped,skipped,skipped,3,9
2986,Alison HARPER (C),John YOUNG (Ind),skipped,skipped,skipped,skipped,skipped,skipped,skipped,skipped,3,9
2987,Alison HARPER (C),John YOUNG (Ind),skipped,skipped,skipped,skipped,skipped,skipped,skipped,skipped,3,9
2988,Alison HARPER (C),John YOUNG (Ind),skipped,skipped,skipped,skipped,skipped,skipped,skipped,skipped,3,9
2989,Alison HARPER (C),John YOUNG (Ind),skipped,skipped,skipped,skipped,skipped,skipped,skipped,skipped,3,9
2990,Alison HARPER (C),John YOUNG (Ind),skipped,skipped,skipped,skipped,skipped,skipped,skipped,skipped,3,9
2991,Alison HARPER (C),John YOUNG (Ind),Elaine DINWOODIE (Lab),skipped,skipped,skipped,skipped,skipped,skipped,skipped,3,9
2992,Alison HARPER (C),John YOUNG (Ind),Elaine DINWOODIE (Lab),skipped,skipped,skipped,skipped,skipped,skipped,skipped,3,9
2993,Alison HARPER (C),John YOUNG (Ind),Elaine DINWOODIE (Lab),skipped,skipped,skipped,skipped,skipped,skipped,skipped,3,9
2994,Alison HARPER (C),John YOUNG (Ind),Elaine DINWOODIE (Lab),skipped,skipped,skipped,skipped,skipped,skipped,skipped,3,9
2995,Alison HARPER (C),John YOUNG (Ind),Elaine DINWOODIE (Lab),skipped,skipped,skipped,skipped,skipped,skipped,skipped,3,9
2996,Alison HARPER (C),John YOUNG (Ind),Elaine DINWOODIE (Lab),Elaine STEWART (Lab),skipped,skipped,skipped,skipped,skipped,skipped,3,9
2997,Alison HARPER (C),John YOUNG (Ind),Drew FILSON (Ind),skipped,skipped,skipped,skipped,skipped,skipped,skipped,3,9
2998,Alison HARPER (C),John YOUNG (Ind),Drew FILSON (Ind),skipped,skipped,skipped,skipped,skipped,skipped,skipped,3,9
2999,Alison HARPER (C),John YOUNG (Ind),Drew FILSON (Ind),skipped,skipped,skipped,skipped,skipped,skipped,skipped,3,9
3000,Alison HARPER (C),John YOUNG (Ind),Drew FILSON (Ind),skipped,skipped,skipped,skipped,skipped,skipped,skipped,3,9
3001,Alison HARPER (C),John YOUNG (Ind),Drew FILSON (Ind),skipped,skipped,skipped,skipped,skipped,skipped,skipped,3,9
3002,Alison HARPER (C),John YOUNG (Ind),Drew FILSON (Ind),skipped,skipped,skipped,skipped,skipped,skipped,skipped,3,9
3003,Alison HARPER (C),John YOUNG (Ind),Drew FILSON (Ind),skipped,skipped,skipped,skipped,skipped,skipped,skipped,3,9
3004,Alison HARPER (C),John YOUNG (Ind),Drew FILSON (Ind),skipped,skipped,skipped,skipped,skipped,skipped,skipped,3,9
3005,Alison HARPER (C),John YOUNG (Ind),Drew FILSON (Ind),skipped,skipped,skipped,skipped,skipped,skipped,skipped,3,9
3006,Alison HARPER (C),John YOUNG (Ind),Drew FILSON (Ind),skipped,skipped,skipped,skipped,skipped,skipped,skipped,3,9
3007,Alison HARPER (C),John YOUNG (Ind),Drew FILSON (Ind),skipped,skipped,skipped,skipped,skipped,skipped,skipped,3,9
3008,Alison HARPER (C),John YOUNG (Ind),Drew FILSON (Ind),skipped,skipped,skipped,skipped,skipped,skipped,skipped,3,9
3009,Alison HARPER (C),John YOUNG (Ind),Drew FILSON (Ind),skipped,skipped,skipped,skipped,skipped,skipped,skipped,3,9
3010,Alison HARPER (C),John YOUNG (Ind),Drew FILSON (Ind),skipped,skipped,skipped,skipped,skipped,skipped,skipped,3,9
3011,Alison HARPER (C),John YOUNG (Ind),Drew FILSON (Ind),skipped,skipped,skipped,skipped,skipped,skipped,skipped,3,9
3012,Alison HARPER (C),John YOUNG (Ind),Drew FILSON (Ind),skipped,skipped,skipped,skipped,skipped,skipped,skipped,3,9
3013,Alison HARPER (C),John YOUNG (Ind),Drew FILSON (Ind),skipped,skipped,skipped,skipped,skipped,skipped,skipped,3,9
3014,Alison HARPER (C),John YOUNG (Ind),Drew FILSON (Ind),skipped,skipped,skipped,skipped,skipped,skipped,skipped,3,9
3015,Alison HARPER (C),John YOUNG (Ind),Drew FILSON (Ind),skipped,skipped,skipped,skipped,skipped,skipped,skipped,3,9
3016,Alison HARPER (C),John YOUNG (Ind),Drew FILSON (Ind),skipped,skipped,skipped,skipped,skipped,skipped,skipped,3,9
3017,Alison HARPER (C),John YOUNG (Ind),Drew FILSON (Ind),skipped,skipped,skipped,skipped,skipped,skipped,skipped,3,9
3018,Alison HARPER (C),John YOUNG (Ind),Drew FILSON (Ind),skipped,skipped,skipped,skipped,skipped,skipped,skipped,3,9
3019,Alison HARPER (C),John YOUNG (Ind),Drew FILSON (Ind),skipped,skipped,skipped,skipped,skipped,skipped,skipped,3,9
3020,Alison HARPER (C),John YOUNG (Ind),Drew FILSON (Ind),skipped,skipped,skipped,skipped,skipped,skipped,skipped,3,9
3021,Alison HARPER (C),John YOUNG (Ind),Drew FILSON (Ind),skipped,skipped,skipped,skipped,skipped,skipped,skipped,3,9
3022,Alison HARPER (C),John YOUNG (Ind),Drew FILSON (Ind),skipped,skipped,skipped,skipped,skipped,skipped,skipped,3,9
3023,Alison HARPER (C),John YOUNG (Ind),Drew FILSON (Ind),skipped,skipped,skipped,skipped,skipped,skipped,skipped,3,9
3024,Alison HARPER (C),John YOUNG (Ind),Drew FILSON (Ind),skipped,skipped,skipped,skipped,skipped,skipped,skipped,3,9
3025,Alison HARPER (C),John YOUNG (Ind),Drew FILSON (Ind),skipped,skipped,skipped,skipped,skipped,skipped,skipped,3,9
3026,Alison HARPER (C),John YOUNG (Ind),Drew FILSON (Ind),skipped,skipped,skipped,skipped,skipped,skipped,skipped,3,9
3027,Alison HARPER (C),John YOUNG (Ind),Drew FILSON (Ind),skipped,skipped,skipped,skipped,skipped,skipped,skipped,3,9
3028,Alison HARPER (C),John YOUNG (Ind),Drew FILSON (Ind),skipped,skipped,skipped,skipped,skipped,skipped,skipped,3,9
3029,Alison HARPER (C),John YOUNG (Ind),Drew FILSON (Ind),Mark MITCHELL (Libtn),Craig MURRAY (Grn),Elaine STEWART (Lab),Elaine DINWOODIE (Lab),John BELL (SNP),Anne FAIRLIE (SNP),skipped,3,9
3030,Alison HARPER (C),John YOUNG (Ind),Drew FILSON (Ind),Craig MURRAY (Grn),Mark MITCHELL (Libtn),Elaine DINWOODIE (Lab),Elaine STEWART (Lab),Anne FAIRLIE (SNP),John BELL (SNP),skipped,3,9
3031,Alison HARPER (C),John YOUNG (Ind),Drew FILSON (Ind),Elaine STEWART (Lab),skipped,skipped,skipped,skipped,skipped,skipped,3,9
3032,Alison HARPER (C),John YOUNG (Ind),Drew FILSON (Ind),Elaine STEWART (Lab),Elaine DINWOODIE (Lab),skipped,skipped,skipped,skipped,skipped,3,9
3033,Alison HARPER (C),John YOUNG (Ind),Mark MITCHELL (Libtn),skipped,skipped,skipped,skipped,skipped,skipped,skipped,3,9
3034,Alison HARPER (C),John YOUNG (Ind),Mark MITCHELL (Libtn),skipped,skipped,skipped,skipped,skipped,skipped,skipped,3,9
3035,Alison HARPER (C),John YOUNG (Ind),Mark MITCHELL (Libtn),Craig MURRAY (Grn),Drew FILSON (Ind),skipped,skipped,skipped,skipped,skipped,3,9
3036,Alison HARPER (C),John YOUNG (Ind),Craig MURRAY (Grn),skipped,skipped,skipped,skipped,skipped,skipped,skipped,3,9
3037,Alison HARPER (C),John YOUNG (Ind),Craig MURRAY (Grn),skipped,skipped,skipped,skipped,skipped,skipped,skipped,3,9
3038,Alison HARPER (C),John YOUNG (Ind),Craig MURRAY (Grn),Drew FILSON (Ind),Elaine DINWOODIE (Lab),skipped,skipped,skipped,skipped,skipped,3,9
3039,Alison HARPER (C),John YOUNG (Ind),Craig MURRAY (Grn),Drew FILSON (Ind),Elaine DINWOODIE (Lab),Elaine STEWART (Lab),skipped,skipped,skipped,skipped,3,9
3040,Alison HARPER (C),John YOUNG (Ind),Craig MURRAY (Grn),Drew FILSON (Ind),Elaine STEWART (Lab),Elaine DINWOODIE (Lab),skipped,skipped,skipped,skipped,3,9
3041,Alison HARPER (C),John YOUNG (Ind),Elaine STEWART (Lab),skipped,skipped,skipped,skipped,skipped,skipped,skipped,3,9
3042,Alison HARPER (C),John YOUNG (Ind),Elaine STEWART (Lab),skipped,skipped,skipped,skipped,skipped,skipped,skipped,3,9
3043,Alison HARPER (C),John YOUNG (Ind),Elaine STEWART (Lab),skipped,skipped,skipped,skipped,skipped,skipped,skipped,3,9
3044,Alison HARPER (C),John YOUNG (Ind),Elaine STEWART (Lab),skipped,skipped,skipped,skipped,skipped,skipped,skipped,3,9
3045,Alison HARPER (C),John YOUNG (Ind),Elaine STEWART (Lab),Elaine DINWOODIE (Lab),John BELL (SNP),Anne FAIRLIE (SNP),Drew FILSON (Ind),Craig MURRAY (Grn),Mark MITCHELL (Libtn),skipped,3,9
3046,Alison HARPER (C),John YOUNG (Ind),Elaine STEWART (Lab),Elaine DINWOODIE (Lab),Anne FAIRLIE (SNP),John BELL (SNP),Drew FILSON (Ind),Craig MURRAY (Grn),Mark MITCHELL (Libtn),skipped,3,9
3047,Mark MITCHELL (Libtn),skipped,skipped,skipped,skipped,skipped,skipped,skipped,skipped,skipped,3,9
3048,Mark MITCHELL (Libtn),Alison HARPER (C),John YOUNG (Ind),skipped,skipped,skipped,skipped,skipped,skipped,skipped,3,9
3049,Mark MITCHELL (Libtn),Craig MURRAY (Grn),Anne FAIRLIE (SNP),John BELL (SNP),Drew FILSON (Ind),John YOUNG (Ind),Elaine STEWART (Lab),Elaine DINWOODIE (Lab),Alison HARPER (C),skipped,3,9
3050,Mark MITCHELL (Libtn),John YOUNG (Ind),Drew FILSON (Ind),Elaine STEWART (Lab),Elaine DINWOODIE (Lab),Alison HARPER (C),Craig MURRAY (Grn),Anne FAIRLIE (SNP),John BELL (SNP),skipped,3,9
3051,Craig MURRAY (Grn),skipped,skipped,skipped,skipped,skipped,skipped,skipped,skipped,skipped,3,9
3052,Craig MURRAY (Grn),skipped,skipped,skipped,skipped,skipped,skipped,skipped,skipped,skipped,3,9
3053,Craig MURRAY (Grn),skipped,skipped,skipped,skipped,skipped,skipped,skipped,skipped,skipped,3,9
3054,Craig MURRAY (Grn),skipped,skipped,skipped,skipped,skipped,skipped,skipped,skipped,skipped,3,9
3055,Craig MURRAY (Grn),skipped,skipped,skipped,skipped,skipped,skipped,skipped,skipped,skipped,3,9
3056,Craig MURRAY (Grn),John BELL (SNP),skipped,skipped,skipped,skipped,skipped,skipped,skipped,skipped,3,9
3057,Craig MURRAY (Grn),John BELL (SNP),Elaine DINWOODIE (Lab),Anne FAIRLIE (SNP),John YOUNG (Ind),Elaine STEWART (Lab),Drew FILSON (Ind),Mark MITCHELL (Libtn),Alison HARPER (C),skipped,3,9
3058,Craig MURRAY (Grn),John BELL (SNP),Elaine DINWOODIE (Lab),Elaine STEWART (Lab),Anne FAIRLIE (SNP),Drew FILSON (Ind),skipped,skipped,skipped,skipped,3,9
3059,Craig MURRAY (Grn),John BELL (SNP),Anne FAIRLIE (SNP),skipped,skipped,skipped,skipped,skipped,skipped,skipped,3,9
3060,Craig MURRAY (Grn),John BELL (SNP),Anne FAIRLIE (SNP),Elaine DINWOODIE (Lab),Elaine STEWART (Lab),Drew FILSON (Ind),skipped,skipped,skipped,skipped,3,9
3061,Craig MURRAY (Grn),John BELL (SNP),Anne FAIRLIE (SNP),Drew FILSON (Ind),Mark MITCHELL (Libtn),John YOUNG (Ind),Elaine STEWART (Lab),Elaine DINWOODIE (Lab),Alison HARPER (C),skipped,3,9
3062,Craig MURRAY (Grn),John BELL (SNP),Anne FAIRLIE (SNP),Drew FILSON (Ind),John YOUNG (Ind),Mark MITCHELL (Libtn),Elaine STEWART (Lab),Elaine DINWOODIE (Lab),Alison HARPER (C),skipped,3,9
3063,Craig MURRAY (Grn),John BELL (SNP),Anne FAIRLIE (SNP),Elaine STEWART (Lab),Elaine DINWOODIE (Lab),skipped,skipped,skipped,skipped,skipped,3,9
3064,Craig MURRAY (Grn),John BELL (SNP),Drew FILSON (Ind),John YOUNG (Ind),skipped,skipped,skipped,skipped,skipped,skipped,3,9
3065,Craig MURRAY (Grn),Elaine DINWOODIE (Lab),skipped,skipped,skipped,skipped,skipped,skipped,skipped,skipped,3,9
3066,Craig MURRAY (Grn),Elaine DINWOODIE (Lab),Anne FAIRLIE (SNP),skipped,skipped,skipped,skipped,skipped,skipped,skipped,3,9
3067,Craig MURRAY (Grn),Elaine DINWOODIE (Lab),Elaine STEWART (Lab),skipped,skipped,skipped,skipped,skipped,skipped,skipped,3,9
3068,Craig MURRAY (Grn),Elaine DINWOODIE (Lab),Elaine STEWART (Lab),John YOUNG (Ind),skipped,skipped,skipped,skipped,skipped,skipped,3,9
3069,Craig MURRAY (Grn),Elaine DINWOODIE (Lab),Elaine STEWART (Lab),John YOUNG (Ind),John BELL (SNP),Anne FAIRLIE (SNP),Drew FILSON (Ind),Alison HARPER (C),Mark MITCHELL (Libtn),skipped,3,9
3070,Craig MURRAY (Grn),Elaine DINWOODIE (Lab),John YOUNG (Ind),skipped,skipped,skipped,skipped,skipped,skipped,skipped,3,9
3071,Craig MURRAY (Grn),Anne FAIRLIE (SNP),skipped,skipped,skipped,skipped,skipped,skipped,skipped,skipped,3,9
3072,Craig MURRAY (Grn),Anne FAIRLIE (SNP),John BELL (SNP),skipped,skipped,skipped,skipped,skipped,skipped,skipped,3,9
3073,Craig MURRAY (Grn),Anne FAIRLIE (SNP),John BELL (SNP),skipped,skipped,skipped,skipped,skipped,skipped,skipped,3,9
3074,Craig MURRAY (Grn),Anne FAIRLIE (SNP),John BELL (SNP),skipped,skipped,skipped,skipped,skipped,skipped,skipped,3,9
3075,Craig MURRAY (Grn),Anne FAIRLIE (SNP),John BELL (SNP),Elaine DINWOODIE (Lab),skipped,skipped,skipped,skipped,skipped,skipped,3,9
3076,Craig MURRAY (Grn),Anne FAIRLIE (SNP),John BELL (SNP),Elaine DINWOODIE (Lab),Drew FILSON (Ind),Elaine STEWART (Lab),John YOUNG (Ind),Mark MITCHELL (Libtn),Alison HARPER (C),skipped,3,9
3077,Craig MURRAY (Grn),Anne FAIRLIE (SNP),John BELL (SNP),Elaine DINWOODIE (Lab),Elaine STEWART (Lab),skipped,skipped,skipped,skipped,skipped,3,9
3078,Craig MURRAY (Grn),Anne FAIRLIE (SNP),John BELL (SNP),Elaine STEWART (Lab),Drew FILSON (Ind),Elaine DINWOODIE (Lab),John YOUNG (Ind),Mark MITCHELL (Libtn),Alison HARPER (C),skipped,3,9
3079,Craig MURRAY (Grn),Anne FAIRLIE (SNP),John BELL (SNP),John YOUNG (Ind),Drew FILSON (Ind),skipped,skipped,skipped,skipped,skipped,3,9
3080,Craig MURRAY (Grn),Anne FAIRLIE (SNP),John BELL (SNP),John YOUNG (Ind),Mark MITCHELL (Libtn),Elaine DINWOODIE (Lab),Elaine STEWART (Lab),skipped,skipped,skipped,3,9
3081,Craig MURRAY (Grn),Anne FAIRLIE (SNP),Elaine DINWOODIE (Lab),John BELL (SNP),Mark MITCHELL (Libtn),Elaine STEWART (Lab),skipped,skipped,skipped,skipped,3,9
3082,Craig MURRAY (Grn),Anne FAIRLIE (SNP),Elaine STEWART (Lab),skipped,skipped,skipped,skipped,skipped,skipped,skipped,3,9
3083,Craig MURRAY (Grn),Anne FAIRLIE (SNP),John YOUNG (Ind),skipped,skipped,skipped,skipped,skipped,skipped,skipped,3,9
3084,Craig MURRAY (Grn),Drew FILSON (Ind),John BELL (SNP),skipped,skipped,skipped,skipped,skipped,skipped,skipped,3,9
3085,Craig MURRAY (Grn),Drew FILSON (Ind),John BELL (SNP),Anne FAIRLIE (SNP),John YOUNG (Ind),Mark MITCHELL (Libtn),Elaine STEWART (Lab),Alison HARPER (C),Elaine DINWOODIE (Lab),skipped,3,9
3086,Craig MURRAY (Grn),Drew FILSON (Ind),Anne FAIRLIE (SNP),skipped,skipped,skipped,skipped,skipped,skipped,skipped,3,9
3087,Craig MURRAY (Grn),Drew FILSON (Ind),John YOUNG (Ind),skipped,skipped,skipped,skipped,skipped,skipped,skipped,3,9
3088,Craig MURRAY (Grn),Drew FILSON (Ind),John YOUNG (Ind),Mark MITCHELL (Libtn),Elaine STEWART (Lab),Alison HARPER (C),Anne FAIRLIE (SNP),Elaine DINWOODIE (Lab),John BELL (SNP),skipped,3,9
3089,Craig MURRAY (Grn),Alison HARPER (C),Elaine DINWOODIE (Lab),skipped,skipped,skipped,skipped,skipped,skipped,skipped,3,9
3090,Craig MURRAY (Grn),Alison HARPER (C),John YOUNG (Ind),skipped,skipped,skipped,skipped,skipped,skipped,skipped,3,9
3091,Craig MURRAY (Grn),Mark MITCHELL (Libtn),Anne FAIRLIE (SNP),John BELL (SNP),skipped,skipped,skipped,skipped,skipped,skipped,3,9
3092,Craig MURRAY (Grn),Mark MITCHELL (Libtn),Drew FILSON (Ind),skipped,skipped,skipped,skipped,skipped,skipped,skipped,3,9
3093,Craig MURRAY (Grn),Mark MITCHELL (Libtn),John YOUNG (Ind),skipped,skipped,skipped,skipped,skipped,skipped,skipped,3,9
3094,Craig MURRAY (Grn),Elaine STEWART (Lab),Elaine DINWOODIE (Lab),skipped,skipped,skipped,skipped,skipped,skipped,skipped,3,9
3095,Craig MURRAY (Grn),Elaine STEWART (Lab),Elaine DINWOODIE (Lab),skipped,skipped,skipped,skipped,skipped,skipped,skipped,3,9
3096,Craig MURRAY (Grn),Elaine STEWART (Lab),Elaine DINWOODIE (Lab),skipped,skipped,skipped,skipped,skipped,skipped,skipped,3,9
3097,Craig MURRAY (Grn),Elaine STEWART (Lab),Elaine DINWOODIE (Lab),John BELL (SNP),Anne FAIRLIE (SNP),Alison HARPER (C),Mark MITCHELL (Libtn),Drew FILSON (Ind),John YOUNG (Ind),skipped,3,9
3098,Craig MURRAY (Grn),Elaine STEWART (Lab),Elaine DINWOODIE (Lab),Alison HARPER (C),Mark MITCHELL (Libtn),Drew FILSON (Ind),John YOUNG (Ind),Anne FAIRLIE (SNP),John BELL (SNP),skipped,3,9
3099,Craig MURRAY (Grn),Elaine STEWART (Lab),Elaine DINWOODIE (Lab),John YOUNG (Ind),skipped,skipped,skipped,skipped,skipped,skipped,3,9
3100,Craig MURRAY (Grn),John YOUNG (Ind),skipped,skipped,skipped,skipped,skipped,skipped,skipped,skipped,3,9
3101,Craig MURRAY (Grn),John YOUNG (Ind),Drew FILSON (Ind),skipped,skipped,skipped,skipped,skipped,skipped,skipped,3,9
3102,Craig MURRAY (Grn),John YOUNG (Ind),Drew FILSON (Ind),skipped,skipped,skipped,skipped,skipped,skipped,skipped,3,9
3103,Craig MURRAY (Grn),John YOUNG (Ind),Mark MITCHELL (Libtn),Drew FILSON (Ind),Elaine DINWOODIE (Lab),Elaine STEWART (Lab),Alison HARPER (C),Anne FAIRLIE (SNP),John BELL (SNP),skipped,3,9
3104,Elaine STEWART (Lab),skipped,skipped,skipped,skipped,skipped,skipped,skipped,skipped,skipped,3,9
3105,Elaine STEWART (Lab),skipped,skipped,skipped,skipped,skipped,skipped,skipped,skipped,skipped,3,9
3106,Elaine STEWART (Lab),skipped,skipped,skipped,skipped,skipped,skipped,skipped,skipped,skipped,3,9
3107,Elaine STEWART (Lab),skipped,skipped,skipped,skipped,skipped,skipped,skipped,skipped,skipped,3,9
3108,Elaine STEWART (Lab),skipped,skipped,skipped,skipped,skipped,skipped,skipped,skipped,skipped,3,9
3109,Elaine STEWART (Lab),skipped,skipped,skipped,skipped,skipped,skipped,skipped,skipped,skipped,3,9
3110,Elaine STEWART (Lab),skipped,skipped,skipped,skipped,skipped,skipped,skipped,skipped,skipped,3,9
3111,Elaine STEWART (Lab),skipped,skipped,skipped,skipped,skipped,skipped,skipped,skipped,skipped,3,9
3112,Elaine STEWART (Lab),skipped,skipped,skipped,skipped,skipped,skipped,skipped,skipped,skipped,3,9
3113,Elaine STEWART (Lab),skipped,skipped,skipped,skipped,skipped,skipped,skipped,skipped,skipped,3,9
3114,Elaine STEWART (Lab),skipped,skipped,skipped,skipped,skipped,skipped,skipped,skipped,skipped,3,9
3115,Elaine STEWART (Lab),skipped,skipped,skipped,skipped,skipped,skipped,skipped,skipped,skipped,3,9
3116,Elaine STEWART (Lab),skipped,skipped,skipped,skipped,skipped,skipped,skipped,skipped,skipped,3,9
3117,Elaine STEWART (Lab),skipped,skipped,skipped,skipped,skipped,skipped,skipped,skipped,skipped,3,9
3118,Elaine STEWART (Lab),skipped,skipped,skipped,skipped,skipped,skipped,skipped,skipped,skipped,3,9
3119,Elaine STEWART (Lab),skipped,skipped,skipped,skipped,skipped,skipped,skipped,skipped,skipped,3,9
3120,Elaine STEWART (Lab),skipped,skipped,skipped,skipped,skipped,skipped,skipped,skipped,skipped,3,9
3121,Elaine STEWART (Lab),skipped,skipped,skipped,skipped,skipped,skipped,skipped,skipped,skipped,3,9
3122,Elaine STEWART (Lab),skipped,skipped,skipped,skipped,skipped,skipped,skipped,skipped,skipped,3,9
3123,Elaine STEWART (Lab),skipped,skipped,skipped,skipped,skipped,skipped,skipped,skipped,skipped,3,9
3124,Elaine STEWART (Lab),skipped,skipped,skipped,skipped,skipped,skipped,skipped,skipped,skipped,3,9
3125,Elaine STEWART (Lab),skipped,skipped,skipped,skipped,skipped,skipped,skipped,skipped,skipped,3,9
3126,Elaine STEWART (Lab),skipped,skipped,skipped,skipped,skipped,skipped,skipped,skipped,skipped,3,9
3127,Elaine STEWART (Lab),skipped,skipped,skipped,skipped,skipped,skipped,skipped,skipped,skipped,3,9
3128,Elaine STEWART (Lab),skipped,skipped,skipped,skipped,skipped,skipped,skipped,skipped,skipped,3,9
3129,Elaine STEWART (Lab),skipped,skipped,skipped,skipped,skipped,skipped,skipped,skipped,skipped,3,9
3130,Elaine STEWART (Lab),skipped,skipped,skipped,skipped,skipped,skipped,skipped,skipped,skipped,3,9
3131,Elaine STEWART (Lab),skipped,skipped,skipped,skipped,skipped,skipped,skipped,skipped,skipped,3,9
3132,Elaine STEWART (Lab),skipped,skipped,skipped,skipped,skipped,skipped,skipped,skipped,skipped,3,9
3133,Elaine STEWART (Lab),skipped,skipped,skipped,skipped,skipped,skipped,skipped,skipped,skipped,3,9
3134,Elaine STEWART (Lab),skipped,skipped,skipped,skipped,skipped,skipped,skipped,skipped,skipped,3,9
3135,Elaine STEWART (Lab),skipped,skipped,skipped,skipped,skipped,skipped,skipped,skipped,skipped,3,9
3136,Elaine STEWART (Lab),skipped,skipped,skipped,skipped,skipped,skipped,skipped,skipped,skipped,3,9
3137,Elaine STEWART (Lab),skipped,skipped,skipped,skipped,skipped,skipped,skipped,skipped,skipped,3,9
3138,Elaine STEWART (Lab),skipped,skipped,skipped,skipped,skipped,skipped,skipped,skipped,skipped,3,9
3139,Elaine STEWART (Lab),skipped,skipped,skipped,skipped,skipped,skipped,skipped,skipped,skipped,3,9
3140,Elaine STEWART (Lab),skipped,skipped,skipped,skipped,skipped,skipped,skipped,skipped,skipped,3,9
3141,Elaine STEWART (Lab),skipped,skipped,skipped,skipped,skipped,skipped,skipped,skipped,skipped,3,9
3142,Elaine STEWART (Lab),skipped,skipped,skipped,skipped,skipped,skipped,skipped,skipped,skipped,3,9
3143,Elaine STEWART (Lab),skipped,skipped,skipped,skipped,skipped,skipped,skipped,skipped,skipped,3,9
3144,Elaine STEWART (Lab),skipped,skipped,skipped,skipped,skipped,skipped,skipped,skipped,skipped,3,9
3145,Elaine STEWART (Lab),skipped,skipped,skipped,skipped,skipped,skipped,skipped,skipped,skipped,3,9
3146,Elaine STEWART (Lab),skipped,skipped,skipped,skipped,skipped,skipped,skipped,skipped,skipped,3,9
3147,Elaine STEWART (Lab),skipped,skipped,skipped,skipped,skipped,skipped,skipped,skipped,skipped,3,9
3148,Elaine STEWART (Lab),skipped,skipped,skipped,skipped,skipped,skipped,skipped,skipped,skipped,3,9
3149,Elaine STEWART (Lab),skipped,skipped,skipped,skipped,skipped,skipped,skipped,skipped,skipped,3,9
3150,Elaine STEWART (Lab),skipped,skipped,skipped,skipped,skipped,skipped,skipped,skipped,skipped,3,9
3151,Elaine STEWART (Lab),skipped,skipped,skipped,skipped,skipped,skipped,skipped,skipped,skipped,3,9
3152,Elaine STEWART (Lab),skipped,skipped,skipped,skipped,skipped,skipped,skipped,skipped,skipped,3,9
3153,Elaine STEWART (Lab),skipped,skipped,skipped,skipped,skipped,skipped,skipped,skipped,skipped,3,9
3154,Elaine STEWART (Lab),skipped,skipped,skipped,skipped,skipped,skipped,skipped,skipped,skipped,3,9
3155,Elaine STEWART (Lab),skipped,skipped,skipped,skipped,skipped,skipped,skipped,skipped,skipped,3,9
3156,Elaine STEWART (Lab),skipped,skipped,skipped,skipped,skipped,skipped,skipped,skipped,skipped,3,9
3157,Elaine STEWART (Lab),skipped,skipped,skipped,skipped,skipped,skipped,skipped,skipped,skipped,3,9
3158,Elaine STEWART (Lab),skipped,skipped,skipped,skipped,skipped,skipped,skipped,skipped,skipped,3,9
3159,Elaine STEWART (Lab),skipped,skipped,skipped,skipped,skipped,skipped,skipped,skipped,skipped,3,9
3160,Elaine STEWART (Lab),skipped,skipped,skipped,skipped,skipped,skipped,skipped,skipped,skipped,3,9
3161,Elaine STEWART (Lab),skipped,skipped,skipped,skipped,skipped,skipped,skipped,skipped,skipped,3,9
3162,Elaine STEWART (Lab),skipped,skipped,skipped,skipped,skipped,skipped,skipped,skipped,skipped,3,9
3163,Elaine STEWART (Lab),skipped,skipped,skipped,skipped,skipped,skipped,skipped,skipped,skipped,3,9
3164,Elaine STEWART (Lab),skipped,skipped,skipped,skipped,skipped,skipped,skipped,skipped,skipped,3,9
3165,Elaine STEWART (Lab),skipped,skipped,skipped,skipped,skipped,skipped,skipped,skipped,skipped,3,9
3166,Elaine STEWART (Lab),skipped,skipped,skipped,skipped,skipped,skipped,skipped,skipped,skipped,3,9
3167,Elaine STEWART (Lab),skipped,skipped,skipped,skipped,skipped,skipped,skipped,skipped,skipped,3,9
3168,Elaine STEWART (Lab),skipped,skipped,skipped,skipped,skipped,skipped,skipped,skipped,skipped,3,9
3169,Elaine STEWART (Lab),skipped,skipped,skipped,skipped,skipped,skipped,skipped,skipped,skipped,3,9
3170,Elaine STEWART (Lab),skipped,skipped,skipped,skipped,skipped,skipped,skipped,skipped,skipped,3,9
3171,Elaine STEWART (Lab),John BELL (SNP),skipped,skipped,skipped,skipped,skipped,skipped,skipped,skipped,3,9
3172,Elaine STEWART (Lab),John BELL (SNP),skipped,skipped,skipped,skipped,skipped,skipped,skipped,skipped,3,9
3173,Elaine STEWART (Lab),John BELL (SNP),skipped,skipped,skipped,skipped,skipped,skipped,skipped,skipped,3,9
3174,Elaine STEWART (Lab),John BELL (SNP),Elaine DINWOODIE (Lab),skipped,skipped,skipped,skipped,skipped,skipped,skipped,3,9
3175,Elaine STEWART (Lab),John BELL (SNP),Elaine DINWOODIE (Lab),skipped,skipped,skipped,skipped,skipped,skipped,skipped,3,9
3176,Elaine STEWART (Lab),John BELL (SNP),Elaine DINWOODIE (Lab),Anne FAIRLIE (SNP),skipped,skipped,skipped,skipped,skipped,skipped,3,9
3177,Elaine STEWART (Lab),John BELL (SNP),Anne FAIRLIE (SNP),skipped,skipped,skipped,skipped,skipped,skipped,skipped,3,9
3178,Elaine STEWART (Lab),John BELL (SNP),Anne FAIRLIE (SNP),Craig MURRAY (Grn),Elaine DINWOODIE (Lab),Drew FILSON (Ind),Alison HARPER (C),Mark MITCHELL (Libtn),John YOUNG (Ind),skipped,3,9
3179,Elaine STEWART (Lab),John BELL (SNP),Drew FILSON (Ind),skipped,skipped,skipped,skipped,skipped,skipped,skipped,3,9
3180,Elaine STEWART (Lab),John BELL (SNP),Mark MITCHELL (Libtn),Elaine DINWOODIE (Lab),John YOUNG (Ind),Craig MURRAY (Grn),Alison HARPER (C),Anne FAIRLIE (SNP),Drew FILSON (Ind),skipped,3,9
3181,Elaine STEWART (Lab),John BELL (SNP),Craig MURRAY (Grn),skipped,skipped,skipped,skipped,skipped,skipped,skipped,3,9
3182,Elaine STEWART (Lab),Elaine DINWOODIE (Lab),skipped,skipped,skipped,skipped,skipped,skipped,skipped,skipped,3,9
3183,Elaine STEWART (Lab),Elaine DINWOODIE (Lab),skipped,skipped,skipped,skipped,skipped,skipped,skipped,skipped,3,9
3184,Elaine STEWART (Lab),Elaine DINWOODIE (Lab),skipped,skipped,skipped,skipped,skipped,skipped,skipped,skipped,3,9
3185,Elaine STEWART (Lab),Elaine DINWOODIE (Lab),skipped,skipped,skipped,skipped,skipped,skipped,skipped,skipped,3,9
3186,Elaine STEWART (Lab),Elaine DINWOODIE (Lab),skipped,skipped,skipped,skipped,skipped,skipped,skipped,skipped,3,9
3187,Elaine STEWART (Lab),Elaine DINWOODIE (Lab),skipped,skipped,skipped,skipped,skipped,skipped,skipped,skipped,3,9
3188,Elaine STEWART (Lab),Elaine DINWOODIE (Lab),skipped,skipped,skipped,skipped,skipped,skipped,skipped,skipped,3,9
3189,Elaine STEWART (Lab),Elaine DINWOODIE (Lab),skipped,skipped,skipped,skipped,skipped,skipped,skipped,skipped,3,9
3190,Elaine STEWART (Lab),Elaine DINWOODIE (Lab),skipped,skipped,skipped,skipped,skipped,skipped,skipped,skipped,3,9
3191,Elaine STEWART (Lab),Elaine DINWOODIE (Lab),skipped,skipped,skipped,skipped,skipped,skipped,skipped,skipped,3,9
3192,Elaine STEWART (Lab),Elaine DINWOODIE (Lab),skipped,skipped,skipped,skipped,skipped,skipped,skipped,skipped,3,9
3193,Elaine STEWART (Lab),Elaine DINWOODIE (Lab),skipped,skipped,skipped,skipped,skipped,skipped,skipped,skipped,3,9
3194,Elaine STEWART (Lab),Elaine DINWOODIE (Lab),skipped,skipped,skipped,skipped,skipped,skipped,skipped,skipped,3,9
3195,Elaine STEWART (Lab),Elaine DINWOODIE (Lab),skipped,skipped,skipped,skipped,skipped,skipped,skipped,skipped,3,9
3196,Elaine STEWART (Lab),Elaine DINWOODIE (Lab),skipped,skipped,skipped,skipped,skipped,skipped,skipped,skipped,3,9
3197,Elaine STEWART (Lab),Elaine DINWOODIE (Lab),skipped,skipped,skipped,skipped,skipped,skipped,skipped,skipped,3,9
3198,Elaine STEWART (Lab),Elaine DINWOODIE (Lab),skipped,skipped,skipped,skipped,skipped,skipped,skipped,skipped,3,9
3199,Elaine STEWART (Lab),Elaine DINWOODIE (Lab),skipped,skipped,skipped,skipped,skipped,skipped,skipped,skipped,3,9
3200,Elaine STEWART (Lab),Elaine DINWOODIE (Lab),skipped,skipped,skipped,skipped,skipped,skipped,skipped,skipped,3,9
3201,Elaine STEWART (Lab),Elaine DINWOODIE (Lab),skipped,skipped,skipped,skipped,skipped,skipped,skipped,skipped,3,9
3202,Elaine STEWART (Lab),Elaine DINWOODIE (Lab),skipped,skipped,skipped,skipped,skipped,skipped,skipped,skipped,3,9
3203,Elaine STEWART (Lab),Elaine DINWOODIE (Lab),skipped,skipped,skipped,skipped,skipped,skipped,skipped,skipped,3,9
3204,Elaine STEWART (Lab),Elaine DINWOODIE (Lab),skipped,skipped,skipped,skipped,skipped,skipped,skipped,skipped,3,9
3205,Elaine STEWART (Lab),Elaine DINWOODIE (Lab),skipped,skipped,skipped,skipped,skipped,skipped,skipped,skipped,3,9
3206,Elaine STEWART (Lab),Elaine DINWOODIE (Lab),skipped,skipped,skipped,skipped,skipped,skipped,skipped,skipped,3,9
3207,Elaine STEWART (Lab),Elaine DINWOODIE (Lab),skipped,skipped,skipped,skipped,skipped,skipped,skipped,skipped,3,9
3208,Elaine STEWART (Lab),Elaine DINWOODIE (Lab),skipped,skipped,skipped,skipped,skipped,skipped,skipped,skipped,3,9
3209,Elaine STEWART (Lab),Elaine DINWOODIE (Lab),skipped,skipped,skipped,skipped,skipped,skipped,skipped,skipped,3,9
3210,Elaine STEWART (Lab),Elaine DINWOODIE (Lab),skipped,skipped,skipped,skipped,skipped,skipped,skipped,skipped,3,9
3211,Elaine STEWART (Lab),Elaine DINWOODIE (Lab),skipped,skipped,skipped,skipped,skipped,skipped,skipped,skipped,3,9
3212,Elaine STEWART (Lab),Elaine DINWOODIE (Lab),skipped,skipped,skipped,skipped,skipped,skipped,skipped,skipped,3,9
3213,Elaine STEWART (Lab),Elaine DINWOODIE (Lab),skipped,skipped,skipped,skipped,skipped,skipped,skipped,skipped,3,9
3214,Elaine STEWART (Lab),Elaine DINWOODIE (Lab),skipped,skipped,skipped,skipped,skipped,skipped,skipped,skipped,3,9
3215,Elaine STEWART (Lab),Elaine DINWOODIE (Lab),skipped,skipped,skipped,skipped,skipped,skipped,skipped,skipped,3,9
3216,Elaine STEWART (Lab),Elaine DINWOODIE (Lab),skipped,skipped,skipped,skipped,skipped,skipped,skipped,skipped,3,9
3217,Elaine STEWART (Lab),Elaine DINWOODIE (Lab),skipped,skipped,skipped,skipped,skipped,skipped,skipped,skipped,3,9
3218,Elaine STEWART (Lab),Elaine DINWOODIE (Lab),skipped,skipped,skipped,skipped,skipped,skipped,skipped,skipped,3,9
3219,Elaine STEWART (Lab),Elaine DINWOODIE (Lab),skipped,skipped,skipped,skipped,skipped,skipped,skipped,skipped,3,9
3220,Elaine STEWART (Lab),Elaine DINWOODIE (Lab),skipped,skipped,skipped,skipped,skipped,skipped,skipped,skipped,3,9
3221,Elaine STEWART (Lab),Elaine DINWOODIE (Lab),skipped,skipped,skipped,skipped,skipped,skipped,skipped,skipped,3,9
3222,Elaine STEWART (Lab),Elaine DINWOODIE (Lab),skipped,skipped,skipped,skipped,skipped,skipped,skipped,skipped,3,9
3223,Elaine STEWART (Lab),Elaine DINWOODIE (Lab),skipped,skipped,skipped,skipped,skipped,skipped,skipped,skipped,3,9
3224,Elaine STEWART (Lab),Elaine DINWOODIE (Lab),skipped,skipped,skipped,skipped,skipped,skipped,skipped,skipped,3,9
3225,Elaine STEWART (Lab),Elaine DINWOODIE (Lab),skipped,skipped,skipped,skipped,skipped,skipped,skipped,skipped,3,9
3226,Elaine STEWART (Lab),Elaine DINWOODIE (Lab),skipped,skipped,skipped,skipped,skipped,skipped,skipped,skipped,3,9
3227,Elaine STEWART (Lab),Elaine DINWOODIE (Lab),skipped,skipped,skipped,skipped,skipped,skipped,skipped,skipped,3,9
3228,Elaine STEWART (Lab),Elaine DINWOODIE (Lab),skipped,skipped,skipped,skipped,skipped,skipped,skipped,skipped,3,9
3229,Elaine STEWART (Lab),Elaine DINWOODIE (Lab),skipped,skipped,skipped,skipped,skipped,skipped,skipped,skipped,3,9
3230,Elaine STEWART (Lab),Elaine DINWOODIE (Lab),skipped,skipped,skipped,skipped,skipped,skipped,skipped,skipped,3,9
3231,Elaine STEWART (Lab),Elaine DINWOODIE (Lab),skipped,skipped,skipped,skipped,skipped,skipped,skipped,skipped,3,9
3232,Elaine STEWART (Lab),Elaine DINWOODIE (Lab),skipped,skipped,skipped,skipped,skipped,skipped,skipped,skipped,3,9
3233,Elaine STEWART (Lab),Elaine DINWOODIE (Lab),skipped,skipped,skipped,skipped,skipped,skipped,skipped,skipped,3,9
3234,Elaine STEWART (Lab),Elaine DINWOODIE (Lab),skipped,skipped,skipped,skipped,skipped,skipped,skipped,skipped,3,9
3235,Elaine STEWART (Lab),Elaine DINWOODIE (Lab),skipped,skipped,skipped,skipped,skipped,skipped,skipped,skipped,3,9
3236,Elaine STEWART (Lab),Elaine DINWOODIE (Lab),skipped,skipped,skipped,skipped,skipped,skipped,skipped,skipped,3,9
3237,Elaine STEWART (Lab),Elaine DINWOODIE (Lab),skipped,skipped,skipped,skipped,skipped,skipped,skipped,skipped,3,9
3238,Elaine STEWART (Lab),Elaine DINWOODIE (Lab),skipped,skipped,skipped,skipped,skipped,skipped,skipped,skipped,3,9
3239,Elaine STEWART (Lab),Elaine DINWOODIE (Lab),skipped,skipped,skipped,skipped,skipped,skipped,skipped,skipped,3,9
3240,Elaine STEWART (Lab),Elaine DINWOODIE (Lab),skipped,skipped,skipped,skipped,skipped,skipped,skipped,skipped,3,9
3241,Elaine STEWART (Lab),Elaine DINWOODIE (Lab),skipped,skipped,skipped,skipped,skipped,skipped,skipped,skipped,3,9
3242,Elaine STEWART (Lab),Elaine DINWOODIE (Lab),skipped,skipped,skipped,skipped,skipped,skipped,skipped,skipped,3,9
3243,Elaine STEWART (Lab),Elaine DINWOODIE (Lab),skipped,skipped,skipped,skipped,skipped,skipped,skipped,skipped,3,9
3244,Elaine STEWART (Lab),Elaine DINWOODIE (Lab),skipped,skipped,skipped,skipped,skipped,skipped,skipped,skipped,3,9
3245,Elaine STEWART (Lab),Elaine DINWOODIE (Lab),skipped,skipped,skipped,skipped,skipped,skipped,skipped,skipped,3,9
3246,Elaine STEWART (Lab),Elaine DINWOODIE (Lab),skipped,skipped,skipped,skipped,skipped,skipped,skipped,skipped,3,9
3247,Elaine STEWART (Lab),Elaine DINWOODIE (Lab),skipped,skipped,skipped,skipped,skipped,skipped,skipped,skipped,3,9
3248,Elaine STEWART (Lab),Elaine DINWOODIE (Lab),skipped,skipped,skipped,skipped,skipped,skipped,skipped,skipped,3,9
3249,Elaine STEWART (Lab),Elaine DINWOODIE (Lab),skipped,skipped,skipped,skipped,skipped,skipped,skipped,skipped,3,9
3250,Elaine STEWART (Lab),Elaine DINWOODIE (Lab),skipped,skipped,skipped,skipped,skipped,skipped,skipped,skipped,3,9
3251,Elaine STEWART (Lab),Elaine DINWOODIE (Lab),skipped,skipped,skipped,skipped,skipped,skipped,skipped,skipped,3,9
3252,Elaine STEWART (Lab),Elaine DINWOODIE (Lab),skipped,skipped,skipped,skipped,skipped,skipped,skipped,skipped,3,9
3253,Elaine STEWART (Lab),Elaine DINWOODIE (Lab),skipped,skipped,skipped,skipped,skipped,skipped,skipped,skipped,3,9
3254,Elaine STEWART (Lab),Elaine DINWOODIE (Lab),skipped,skipped,skipped,skipped,skipped,skipped,skipped,skipped,3,9
3255,Elaine STEWART (Lab),Elaine DINWOODIE (Lab),skipped,skipped,skipped,skipped,skipped,skipped,skipped,skipped,3,9
3256,Elaine STEWART (Lab),Elaine DINWOODIE (Lab),skipped,skipped,skipped,skipped,skipped,skipped,skipped,skipped,3,9
3257,Elaine STEWART (Lab),Elaine DINWOODIE (Lab),skipped,skipped,skipped,skipped,skipped,skipped,skipped,skipped,3,9
3258,Elaine STEWART (Lab),Elaine DINWOODIE (Lab),skipped,skipped,skipped,skipped,skipped,skipped,skipped,skipped,3,9
3259,Elaine STEWART (Lab),Elaine DINWOODIE (Lab),skipped,skipped,skipped,skipped,skipped,skipped,skipped,skipped,3,9
3260,Elaine STEWART (Lab),Elaine DINWOODIE (Lab),skipped,skipped,skipped,skipped,skipped,skipped,skipped,skipped,3,9
3261,Elaine STEWART (Lab),Elaine DINWOODIE (Lab),skipped,skipped,skipped,skipped,skipped,skipped,skipped,skipped,3,9
3262,Elaine STEWART (Lab),Elaine DINWOODIE (Lab),skipped,skipped,skipped,skipped,skipped,skipped,skipped,skipped,3,9
3263,Elaine STEWART (Lab),Elaine DINWOODIE (Lab),skipped,skipped,skipped,skipped,skipped,skipped,skipped,skipped,3,9
3264,Elaine STEWART (Lab),Elaine DINWOODIE (Lab),skipped,skipped,skipped,skipped,skipped,skipped,skipped,skipped,3,9
3265,Elaine STEWART (Lab),Elaine DINWOODIE (Lab),skipped,skipped,skipped,skipped,skipped,skipped,skipped,skipped,3,9
3266,Elaine STEWART (Lab),Elaine DINWOODIE (Lab),skipped,skipped,skipped,skipped,skipped,skipped,skipped,skipped,3,9
3267,Elaine STEWART (Lab),Elaine DINWOODIE (Lab),skipped,skipped,skipped,skipped,skipped,skipped,skipped,skipped,3,9
3268,Elaine STEWART (Lab),Elaine DINWOODIE (Lab),skipped,skipped,skipped,skipped,skipped,skipped,skipped,skipped,3,9
3269,Elaine STEWART (Lab),Elaine DINWOODIE (Lab),skipped,skipped,skipped,skipped,skipped,skipped,skipped,skipped,3,9
3270,Elaine STEWART (Lab),Elaine DINWOODIE (Lab),skipped,skipped,skipped,skipped,skipped,skipped,skipped,skipped,3,9
3271,Elaine STEWART (Lab),Elaine DINWOODIE (Lab),skipped,skipped,skipped,skipped,skipped,skipped,skipped,skipped,3,9
3272,Elaine STEWART (Lab),Elaine DINWOODIE (Lab),skipped,skipped,skipped,skipped,skipped,skipped,skipped,skipped,3,9
3273,Elaine STEWART (Lab),Elaine DINWOODIE (Lab),skipped,skipped,skipped,skipped,skipped,skipped,skipped,skipped,3,9
3274,Elaine STEWART (Lab),Elaine DINWOODIE (Lab),skipped,skipped,skipped,skipped,skipped,skipped,skipped,skipped,3,9
3275,Elaine STEWART (Lab),Elaine DINWOODIE (Lab),skipped,skipped,skipped,skipped,skipped,skipped,skipped,skipped,3,9
3276,Elaine STEWART (Lab),Elaine DINWOODIE (Lab),skipped,skipped,skipped,skipped,skipped,skipped,skipped,skipped,3,9
3277,Elaine STEWART (Lab),Elaine DINWOODIE (Lab),skipped,skipped,skipped,skipped,skipped,skipped,skipped,skipped,3,9
3278,Elaine STEWART (Lab),Elaine DINWOODIE (Lab),skipped,skipped,skipped,skipped,skipped,skipped,skipped,skipped,3,9
3279,Elaine STEWART (Lab),Elaine DINWOODIE (Lab),skipped,skipped,skipped,skipped,skipped,skipped,skipped,skipped,3,9
3280,Elaine STEWART (Lab),Elaine DINWOODIE (Lab),skipped,skipped,skipped,skipped,skipped,skipped,skipped,skipped,3,9
3281,Elaine STEWART (Lab),Elaine DINWOODIE (Lab),skipped,skipped,skipped,skipped,skipped,skipped,skipped,skipped,3,9
3282,Elaine STEWART (Lab),Elaine DINWOODIE (Lab),skipped,skipped,skipped,skipped,skipped,skipped,skipped,skipped,3,9
3283,Elaine STEWART (Lab),Elaine DINWOODIE (Lab),skipped,skipped,skipped,skipped,skipped,skipped,skipped,skipped,3,9
3284,Elaine STEWART (Lab),Elaine DINWOODIE (Lab),skipped,skipped,skipped,skipped,skipped,skipped,skipped,skipped,3,9
3285,Elaine STEWART (Lab),Elaine DINWOODIE (Lab),skipped,skipped,skipped,skipped,skipped,skipped,skipped,skipped,3,9
3286,Elaine STEWART (Lab),Elaine DINWOODIE (Lab),skipped,skipped,skipped,skipped,skipped,skipped,skipped,skipped,3,9
3287,Elaine STEWART (Lab),Elaine DINWOODIE (Lab),skipped,skipped,skipped,skipped,skipped,skipped,skipped,skipped,3,9
3288,Elaine STEWART (Lab),Elaine DINWOODIE (Lab),skipped,skipped,skipped,skipped,skipped,skipped,skipped,skipped,3,9
3289,Elaine STEWART (Lab),Elaine DINWOODIE (Lab),skipped,skipped,skipped,skipped,skipped,skipped,skipped,skipped,3,9
3290,Elaine STEWART (Lab),Elaine DINWOODIE (Lab),skipped,skipped,skipped,skipped,skipped,skipped,skipped,skipped,3,9
3291,Elaine STEWART (Lab),Elaine DINWOODIE (Lab),skipped,skipped,skipped,skipped,skipped,skipped,skipped,skipped,3,9
3292,Elaine STEWART (Lab),Elaine DINWOODIE (Lab),skipped,skipped,skipped,skipped,skipped,skipped,skipped,skipped,3,9
3293,Elaine STEWART (Lab),Elaine DINWOODIE (Lab),skipped,skipped,skipped,skipped,skipped,skipped,skipped,skipped,3,9
3294,Elaine STEWART (Lab),Elaine DINWOODIE (Lab),skipped,skipped,skipped,skipped,skipped,skipped,skipped,skipped,3,9
3295,Elaine STEWART (Lab),Elaine DINWOODIE (Lab),skipped,skipped,skipped,skipped,skipped,skipped,skipped,skipped,3,9
3296,Elaine STEWART (Lab),Elaine DINWOODIE (Lab),skipped,skipped,skipped,skipped,skipped,skipped,skipped,skipped,3,9
3297,Elaine STEWART (Lab),Elaine DINWOODIE (Lab),skipped,skipped,skipped,skipped,skipped,skipped,skipped,skipped,3,9
3298,Elaine STEWART (Lab),Elaine DINWOODIE (Lab),skipped,skipped,skipped,skipped,skipped,skipped,skipped,skipped,3,9
3299,Elaine STEWART (Lab),Elaine DINWOODIE (Lab),skipped,skipped,skipped,skipped,skipped,skipped,skipped,skipped,3,9
3300,Elaine STEWART (Lab),Elaine DINWOODIE (Lab),skipped,skipped,skipped,skipped,skipped,skipped,skipped,skipped,3,9
3301,Elaine STEWART (Lab),Elaine DINWOODIE (Lab),skipped,skipped,skipped,skipped,skipped,skipped,skipped,skipped,3,9
3302,Elaine STEWART (Lab),Elaine DINWOODIE (Lab),skipped,skipped,skipped,skipped,skipped,skipped,skipped,skipped,3,9
3303,Elaine STEWART (Lab),Elaine DINWOODIE (Lab),skipped,skipped,skipped,skipped,skipped,skipped,skipped,skipped,3,9
3304,Elaine STEWART (Lab),Elaine DINWOODIE (Lab),skipped,skipped,skipped,skipped,skipped,skipped,skipped,skipped,3,9
3305,Elaine STEWART (Lab),Elaine DINWOODIE (Lab),skipped,skipped,skipped,skipped,skipped,skipped,skipped,skipped,3,9
3306,Elaine STEWART (Lab),Elaine DINWOODIE (Lab),skipped,skipped,skipped,skipped,skipped,skipped,skipped,skipped,3,9
3307,Elaine STEWART (Lab),Elaine DINWOODIE (Lab),skipped,skipped,skipped,skipped,skipped,skipped,skipped,skipped,3,9
3308,Elaine STEWART (Lab),Elaine DINWOODIE (Lab),skipped,skipped,skipped,skipped,skipped,skipped,skipped,skipped,3,9
3309,Elaine STEWART (Lab),Elaine DINWOODIE (Lab),skipped,skipped,skipped,skipped,skipped,skipped,skipped,skipped,3,9
3310,Elaine STEWART (Lab),Elaine DINWOODIE (Lab),skipped,skipped,skipped,skipped,skipped,skipped,skipped,skipped,3,9
3311,Elaine STEWART (Lab),Elaine DINWOODIE (Lab),skipped,skipped,skipped,skipped,skipped,skipped,skipped,skipped,3,9
3312,Elaine STEWART (Lab),Elaine DINWOODIE (Lab),skipped,skipped,skipped,skipped,skipped,skipped,skipped,skipped,3,9
3313,Elaine STEWART (Lab),Elaine DINWOODIE (Lab),skipped,skipped,skipped,skipped,skipped,skipped,skipped,skipped,3,9
3314,Elaine STEWART (Lab),Elaine DINWOODIE (Lab),skipped,skipped,skipped,skipped,skipped,skipped,skipped,skipped,3,9
3315,Elaine STEWART (Lab),Elaine DINWOODIE (Lab),skipped,skipped,skipped,skipped,skipped,skipped,skipped,skipped,3,9
3316,Elaine STEWART (Lab),Elaine DINWOODIE (Lab),skipped,skipped,skipped,skipped,skipped,skipped,skipped,skipped,3,9
3317,Elaine STEWART (Lab),Elaine DINWOODIE (Lab),skipped,skipped,skipped,skipped,skipped,skipped,skipped,skipped,3,9
3318,Elaine STEWART (Lab),Elaine DINWOODIE (Lab),skipped,skipped,skipped,skipped,skipped,skipped,skipped,skipped,3,9
3319,Elaine STEWART (Lab),Elaine DINWOODIE (Lab),skipped,skipped,skipped,skipped,skipped,skipped,skipped,skipped,3,9
3320,Elaine STEWART (Lab),Elaine DINWOODIE (Lab),skipped,skipped,skipped,skipped,skipped,skipped,skipped,skipped,3,9
3321,Elaine STEWART (Lab),Elaine DINWOODIE (Lab),John BELL (SNP),skipped,skipped,skipped,skipped,skipped,skipped,skipped,3,9
3322,Elaine STEWART (Lab),Elaine DINWOODIE (Lab),John BELL (SNP),skipped,skipped,skipped,skipped,skipped,skipped,skipped,3,9
3323,Elaine STEWART (Lab),Elaine DINWOODIE (Lab),John BELL (SNP),skipped,skipped,skipped,skipped,skipped,skipped,skipped,3,9
3324,Elaine STEWART (Lab),Elaine DINWOODIE (Lab),John BELL (SNP),skipped,skipped,skipped,skipped,skipped,skipped,skipped,3,9
3325,Elaine STEWART (Lab),Elaine DINWOODIE (Lab),John BELL (SNP),skipped,skipped,skipped,skipped,skipped,skipped,skipped,3,9
3326,Elaine STEWART (Lab),Elaine DINWOODIE (Lab),John BELL (SNP),skipped,skipped,skipped,skipped,skipped,skipped,skipped,3,9
3327,Elaine STEWART (Lab),Elaine DINWOODIE (Lab),John BELL (SNP),skipped,skipped,skipped,skipped,skipped,skipped,skipped,3,9
3328,Elaine STEWART (Lab),Elaine DINWOODIE (Lab),John BELL (SNP),skipped,skipped,skipped,skipped,skipped,skipped,skipped,3,9
3329,Elaine STEWART (Lab),Elaine DINWOODIE (Lab),John BELL (SNP),Anne FAIRLIE (SNP),skipped,skipped,skipped,skipped,skipped,skipped,3,9
3330,Elaine STEWART (Lab),Elaine DINWOODIE (Lab),John BELL (SNP),Anne FAIRLIE (SNP),skipped,skipped,skipped,skipped,skipped,skipped,3,9
3331,Elaine STEWART (Lab),Elaine DINWOODIE (Lab),John BELL (SNP),Anne FAIRLIE (SNP),skipped,skipped,skipped,skipped,skipped,skipped,3,9
3332,Elaine STEWART (Lab),Elaine DINWOODIE (Lab),John BELL (SNP),Anne FAIRLIE (SNP),Alison HARPER (C),Craig MURRAY (Grn),Mark MITCHELL (Libtn),John YOUNG (Ind),Drew FILSON (Ind),skipped,3,9
3333,Elaine STEWART (Lab),Elaine DINWOODIE (Lab),John BELL (SNP),Anne FAIRLIE (SNP),Alison HARPER (C),Craig MURRAY (Grn),Mark MITCHELL (Libtn),John YOUNG (Ind),Drew FILSON (Ind),skipped,3,9
3334,Elaine STEWART (Lab),Elaine DINWOODIE (Lab),John BELL (SNP),Anne FAIRLIE (SNP),Craig MURRAY (Grn),Drew FILSON (Ind),John YOUNG (Ind),skipped,skipped,skipped,3,9
3335,Elaine STEWART (Lab),Elaine DINWOODIE (Lab),John BELL (SNP),Anne FAIRLIE (SNP),Craig MURRAY (Grn),Mark MITCHELL (Libtn),John YOUNG (Ind),Drew FILSON (Ind),Alison HARPER (C),skipped,3,9
3336,Elaine STEWART (Lab),Elaine DINWOODIE (Lab),John BELL (SNP),Anne FAIRLIE (SNP),Craig MURRAY (Grn),Mark MITCHELL (Libtn),John YOUNG (Ind),Drew FILSON (Ind),Alison HARPER (C),skipped,3,9
3337,Elaine STEWART (Lab),Elaine DINWOODIE (Lab),John BELL (SNP),Anne FAIRLIE (SNP),Craig MURRAY (Grn),Mark MITCHELL (Libtn),John YOUNG (Ind),Drew FILSON (Ind),Alison HARPER (C),skipped,3,9
3338,Elaine STEWART (Lab),Elaine DINWOODIE (Lab),John BELL (SNP),Alison HARPER (C),skipped,skipped,skipped,skipped,skipped,skipped,3,9
3339,Elaine STEWART (Lab),Elaine DINWOODIE (Lab),John BELL (SNP),Craig MURRAY (Grn),Anne FAIRLIE (SNP),Mark MITCHELL (Libtn),John YOUNG (Ind),Drew FILSON (Ind),Alison HARPER (C),skipped,3,9
3340,Elaine STEWART (Lab),Elaine DINWOODIE (Lab),Anne FAIRLIE (SNP),skipped,skipped,skipped,skipped,skipped,skipped,skipped,3,9
3341,Elaine STEWART (Lab),Elaine DINWOODIE (Lab),Anne FAIRLIE (SNP),skipped,skipped,skipped,skipped,skipped,skipped,skipped,3,9
3342,Elaine STEWART (Lab),Elaine DINWOODIE (Lab),Anne FAIRLIE (SNP),skipped,skipped,skipped,skipped,skipped,skipped,skipped,3,9
3343,Elaine STEWART (Lab),Elaine DINWOODIE (Lab),Anne FAIRLIE (SNP),skipped,skipped,skipped,skipped,skipped,skipped,skipped,3,9
3344,Elaine STEWART (Lab),Elaine DINWOODIE (Lab),Anne FAIRLIE (SNP),John BELL (SNP),skipped,skipped,skipped,skipped,skipped,skipped,3,9
3345,Elaine STEWART (Lab),Elaine DINWOODIE (Lab),Anne FAIRLIE (SNP),John BELL (SNP),Drew FILSON (Ind),Craig MURRAY (Grn),John YOUNG (Ind),Alison HARPER (C),Mark MITCHELL (Libtn),skipped,3,9
3346,Elaine STEWART (Lab),Elaine DINWOODIE (Lab),Drew FILSON (Ind),skipped,skipped,skipped,skipped,skipped,skipped,skipped,3,9
3347,Elaine STEWART (Lab),Elaine DINWOODIE (Lab),Drew FILSON (Ind),skipped,skipped,skipped,skipped,skipped,skipped,skipped,3,9
3348,Elaine STEWART (Lab),Elaine DINWOODIE (Lab),Drew FILSON (Ind),skipped,skipped,skipped,skipped,skipped,skipped,skipped,3,9
3349,Elaine STEWART (Lab),Elaine DINWOODIE (Lab),Drew FILSON (Ind),skipped,skipped,skipped,skipped,skipped,skipped,skipped,3,9
3350,Elaine STEWART (Lab),Elaine DINWOODIE (Lab),Drew FILSON (Ind),skipped,skipped,skipped,skipped,skipped,skipped,skipped,3,9
3351,Elaine STEWART (Lab),Elaine DINWOODIE (Lab),Drew FILSON (Ind),skipped,skipped,skipped,skipped,skipped,skipped,skipped,3,9
3352,Elaine STEWART (Lab),Elaine DINWOODIE (Lab),Drew FILSON (Ind),skipped,skipped,skipped,skipped,skipped,skipped,skipped,3,9
3353,Elaine STEWART (Lab),Elaine DINWOODIE (Lab),Drew FILSON (Ind),skipped,skipped,skipped,skipped,skipped,skipped,skipped,3,9
3354,Elaine STEWART (Lab),Elaine DINWOODIE (Lab),Drew FILSON (Ind),skipped,skipped,skipped,skipped,skipped,skipped,skipped,3,9
3355,Elaine STEWART (Lab),Elaine DINWOODIE (Lab),Drew FILSON (Ind),skipped,skipped,skipped,skipped,skipped,skipped,skipped,3,9
3356,Elaine STEWART (Lab),Elaine DINWOODIE (Lab),Drew FILSON (Ind),skipped,skipped,skipped,skipped,skipped,skipped,skipped,3,9
3357,Elaine STEWART (Lab),Elaine DINWOODIE (Lab),Drew FILSON (Ind),skipped,skipped,skipped,skipped,skipped,skipped,skipped,3,9
3358,Elaine STEWART (Lab),Elaine DINWOODIE (Lab),Drew FILSON (Ind),skipped,skipped,skipped,skipped,skipped,skipped,skipped,3,9
3359,Elaine STEWART (Lab),Elaine DINWOODIE (Lab),Drew FILSON (Ind),skipped,skipped,skipped,skipped,skipped,skipped,skipped,3,9
3360,Elaine STEWART (Lab),Elaine DINWOODIE (Lab),Drew FILSON (Ind),skipped,skipped,skipped,skipped,skipped,skipped,skipped,3,9
3361,Elaine STEWART (Lab),Elaine DINWOODIE (Lab),Drew FILSON (Ind),skipped,skipped,skipped,skipped,skipped,skipped,skipped,3,9
3362,Elaine STEWART (Lab),Elaine DINWOODIE (Lab),Drew FILSON (Ind),skipped,skipped,skipped,skipped,skipped,skipped,skipped,3,9
3363,Elaine STEWART (Lab),Elaine DINWOODIE (Lab),Drew FILSON (Ind),skipped,skipped,skipped,skipped,skipped,skipped,skipped,3,9
3364,Elaine STEWART (Lab),Elaine DINWOODIE (Lab),Drew FILSON (Ind),skipped,skipped,skipped,skipped,skipped,skipped,skipped,3,9
3365,Elaine STEWART (Lab),Elaine DINWOODIE (Lab),Drew FILSON (Ind),skipped,skipped,skipped,skipped,skipped,skipped,skipped,3,9
3366,Elaine STEWART (Lab),Elaine DINWOODIE (Lab),Drew FILSON (Ind),skipped,skipped,skipped,skipped,skipped,skipped,skipped,3,9
3367,Elaine STEWART (Lab),Elaine DINWOODIE (Lab),Drew FILSON (Ind),skipped,skipped,skipped,skipped,skipped,skipped,skipped,3,9
3368,Elaine STEWART (Lab),Elaine DINWOODIE (Lab),Drew FILSON (Ind),skipped,skipped,skipped,skipped,skipped,skipped,skipped,3,9
3369,Elaine STEWART (Lab),Elaine DINWOODIE (Lab),Drew FILSON (Ind),skipped,skipped,skipped,skipped,skipped,skipped,skipped,3,9
3370,Elaine STEWART (Lab),Elaine DINWOODIE (Lab),Drew FILSON (Ind),skipped,skipped,skipped,skipped,skipped,skipped,skipped,3,9
3371,Elaine STEWART (Lab),Elaine DINWOODIE (Lab),Drew FILSON (Ind),skipped,skipped,skipped,skipped,skipped,skipped,skipped,3,9
3372,Elaine STEWART (Lab),Elaine DINWOODIE (Lab),Drew FILSON (Ind),skipped,skipped,skipped,skipped,skipped,skipped,skipped,3,9
3373,Elaine STEWART (Lab),Elaine DINWOODIE (Lab),Drew FILSON (Ind),skipped,skipped,skipped,skipped,skipped,skipped,skipped,3,9
3374,Elaine STEWART (Lab),Elaine DINWOODIE (Lab),Drew FILSON (Ind),skipped,skipped,skipped,skipped,skipped,skipped,skipped,3,9
3375,Elaine STEWART (Lab),Elaine DINWOODIE (Lab),Drew FILSON (Ind),skipped,skipped,skipped,skipped,skipped,skipped,skipped,3,9
3376,Elaine STEWART (Lab),Elaine DINWOODIE (Lab),Drew FILSON (Ind),skipped,skipped,skipped,skipped,skipped,skipped,skipped,3,9
3377,Elaine STEWART (Lab),Elaine DINWOODIE (Lab),Drew FILSON (Ind),skipped,skipped,skipped,skipped,skipped,skipped,skipped,3,9
3378,Elaine STEWART (Lab),Elaine DINWOODIE (Lab),Drew FILSON (Ind),skipped,skipped,skipped,skipped,skipped,skipped,skipped,3,9
3379,Elaine STEWART (Lab),Elaine DINWOODIE (Lab),Drew FILSON (Ind),skipped,skipped,skipped,skipped,skipped,skipped,skipped,3,9
3380,Elaine STEWART (Lab),Elaine DINWOODIE (Lab),Drew FILSON (Ind),skipped,skipped,skipped,skipped,skipped,skipped,skipped,3,9
3381,Elaine STEWART (Lab),Elaine DINWOODIE (Lab),Drew FILSON (Ind),skipped,skipped,skipped,skipped,skipped,skipped,skipped,3,9
3382,Elaine STEWART (Lab),Elaine DINWOODIE (Lab),Drew FILSON (Ind),skipped,skipped,skipped,skipped,skipped,skipped,skipped,3,9
3383,Elaine STEWART (Lab),Elaine DINWOODIE (Lab),Drew FILSON (Ind),skipped,skipped,skipped,skipped,skipped,skipped,skipped,3,9
3384,Elaine STEWART (Lab),Elaine DINWOODIE (Lab),Drew FILSON (Ind),skipped,skipped,skipped,skipped,skipped,skipped,skipped,3,9
3385,Elaine STEWART (Lab),Elaine DINWOODIE (Lab),Drew FILSON (Ind),skipped,skipped,skipped,skipped,skipped,skipped,skipped,3,9
3386,Elaine STEWART (Lab),Elaine DINWOODIE (Lab),Drew FILSON (Ind),skipped,skipped,skipped,skipped,skipped,skipped,skipped,3,9
3387,Elaine STEWART (Lab),Elaine DINWOODIE (Lab),Drew FILSON (Ind),skipped,skipped,skipped,skipped,skipped,skipped,skipped,3,9
3388,Elaine STEWART (Lab),Elaine DINWOODIE (Lab),Drew FILSON (Ind),skipped,skipped,skipped,skipped,skipped,skipped,skipped,3,9
3389,Elaine STEWART (Lab),Elaine DINWOODIE (Lab),Drew FILSON (Ind),skipped,skipped,skipped,skipped,skipped,skipped,skipped,3,9
3390,Elaine STEWART (Lab),Elaine DINWOODIE (Lab),Drew FILSON (Ind),skipped,skipped,skipped,skipped,skipped,skipped,skipped,3,9
3391,Elaine STEWART (Lab),Elaine DINWOODIE (Lab),Drew FILSON (Ind),skipped,skipped,skipped,skipped,skipped,skipped,skipped,3,9
3392,Elaine STEWART (Lab),Elaine DINWOODIE (Lab),Drew FILSON (Ind),skipped,skipped,skipped,skipped,skipped,skipped,skipped,3,9
3393,Elaine STEWART (Lab),Elaine DINWOODIE (Lab),Drew FILSON (Ind),skipped,skipped,skipped,skipped,skipped,skipped,skipped,3,9
3394,Elaine STEWART (Lab),Elaine DINWOODIE (Lab),Drew FILSON (Ind),skipped,skipped,skipped,skipped,skipped,skipped,skipped,3,9
3395,Elaine STEWART (Lab),Elaine DINWOODIE (Lab),Drew FILSON (Ind),skipped,skipped,skipped,skipped,skipped,skipped,skipped,3,9
3396,Elaine STEWART (Lab),Elaine DINWOODIE (Lab),Drew FILSON (Ind),skipped,skipped,skipped,skipped,skipped,skipped,skipped,3,9
3397,Elaine STEWART (Lab),Elaine DINWOODIE (Lab),Drew FILSON (Ind),skipped,skipped,skipped,skipped,skipped,skipped,skipped,3,9
3398,Elaine STEWART (Lab),Elaine DINWOODIE (Lab),Drew FILSON (Ind),skipped,skipped,skipped,skipped,skipped,skipped,skipped,3,9
3399,Elaine STEWART (Lab),Elaine DINWOODIE (Lab),Drew FILSON (Ind),skipped,skipped,skipped,skipped,skipped,skipped,skipped,3,9
3400,Elaine STEWART (Lab),Elaine DINWOODIE (Lab),Drew FILSON (Ind),skipped,skipped,skipped,skipped,skipped,skipped,skipped,3,9
3401,Elaine STEWART (Lab),Elaine DINWOODIE (Lab),Drew FILSON (Ind),skipped,skipped,skipped,skipped,skipped,skipped,skipped,3,9
3402,Elaine STEWART (Lab),Elaine DINWOODIE (Lab),Drew FILSON (Ind),skipped,skipped,skipped,skipped,skipped,skipped,skipped,3,9
3403,Elaine STEWART (Lab),Elaine DINWOODIE (Lab),Drew FILSON (Ind),skipped,skipped,skipped,skipped,skipped,skipped,skipped,3,9
3404,Elaine STEWART (Lab),Elaine DINWOODIE (Lab),Drew FILSON (Ind),skipped,skipped,skipped,skipped,skipped,skipped,skipped,3,9
3405,Elaine STEWART (Lab),Elaine DINWOODIE (Lab),Drew FILSON (Ind),skipped,skipped,skipped,skipped,skipped,skipped,skipped,3,9
3406,Elaine STEWART (Lab),Elaine DINWOODIE (Lab),Drew FILSON (Ind),skipped,skipped,skipped,skipped,skipped,skipped,skipped,3,9
3407,Elaine STEWART (Lab),Elaine DINWOODIE (Lab),Drew FILSON (Ind),skipped,skipped,skipped,skipped,skipped,skipped,skipped,3,9
3408,Elaine STEWART (Lab),Elaine DINWOODIE (Lab),Drew FILSON (Ind),skipped,skipped,skipped,skipped,skipped,skipped,skipped,3,9
3409,Elaine STEWART (Lab),Elaine DINWOODIE (Lab),Drew FILSON (Ind),skipped,skipped,skipped,skipped,skipped,skipped,skipped,3,9
3410,Elaine STEWART (Lab),Elaine DINWOODIE (Lab),Drew FILSON (Ind),skipped,skipped,skipped,skipped,skipped,skipped,skipped,3,9
3411,Elaine STEWART (Lab),Elaine DINWOODIE (Lab),Drew FILSON (Ind),John BELL (SNP),skipped,skipped,skipped,skipped,skipped,skipped,3,9
3412,Elaine STEWART (Lab),Elaine DINWOODIE (Lab),Drew FILSON (Ind),John BELL (SNP),Anne FAIRLIE (SNP),skipped,skipped,skipped,skipped,skipped,3,9
3413,Elaine STEWART (Lab),Elaine DINWOODIE (Lab),Drew FILSON (Ind),John BELL (SNP),Anne FAIRLIE (SNP),John YOUNG (Ind),Craig MURRAY (Grn),Mark MITCHELL (Libtn),skipped,skipped,3,9
3414,Elaine STEWART (Lab),Elaine DINWOODIE (Lab),Drew FILSON (Ind),John BELL (SNP),John YOUNG (Ind),Mark MITCHELL (Libtn),Alison HARPER (C),Craig MURRAY (Grn),Anne FAIRLIE (SNP),skipped,3,9
3415,Elaine STEWART (Lab),Elaine DINWOODIE (Lab),Drew FILSON (Ind),Anne FAIRLIE (SNP),John BELL (SNP),skipped,skipped,skipped,skipped,skipped,3,9
3416,Elaine STEWART (Lab),Elaine DINWOODIE (Lab),Drew FILSON (Ind),Anne FAIRLIE (SNP),John BELL (SNP),Alison HARPER (C),Mark MITCHELL (Libtn),Craig MURRAY (Grn),John YOUNG (Ind),skipped,3,9
3417,Elaine STEWART (Lab),Elaine DINWOODIE (Lab),Drew FILSON (Ind),Anne FAIRLIE (SNP),John BELL (SNP),John YOUNG (Ind),Craig MURRAY (Grn),Mark MITCHELL (Libtn),Alison HARPER (C),skipped,3,9
3418,Elaine STEWART (Lab),Elaine DINWOODIE (Lab),Drew FILSON (Ind),Alison HARPER (C),skipped,skipped,skipped,skipped,skipped,skipped,3,9
3419,Elaine STEWART (Lab),Elaine DINWOODIE (Lab),Drew FILSON (Ind),Mark MITCHELL (Libtn),Alison HARPER (C),John YOUNG (Ind),John BELL (SNP),Anne FAIRLIE (SNP),Craig MURRAY (Grn),skipped,3,9
3420,Elaine STEWART (Lab),Elaine DINWOODIE (Lab),Drew FILSON (Ind),Craig MURRAY (Grn),skipped,skipped,skipped,skipped,skipped,skipped,3,9
3421,Elaine STEWART (Lab),Elaine DINWOODIE (Lab),Drew FILSON (Ind),Craig MURRAY (Grn),John BELL (SNP),skipped,skipped,skipped,skipped,skipped,3,9
3422,Elaine STEWART (Lab),Elaine DINWOODIE (Lab),Drew FILSON (Ind),John YOUNG (Ind),skipped,skipped,skipped,skipped,skipped,skipped,3,9
3423,Elaine STEWART (Lab),Elaine DINWOODIE (Lab),Drew FILSON (Ind),John YOUNG (Ind),skipped,skipped,skipped,skipped,skipped,skipped,3,9
3424,Elaine STEWART (Lab),Elaine DINWOODIE (Lab),Drew FILSON (Ind),John YOUNG (Ind),skipped,skipped,skipped,skipped,skipped,skipped,3,9
3425,Elaine STEWART (Lab),Elaine DINWOODIE (Lab),Drew FILSON (Ind),John YOUNG (Ind),skipped,skipped,skipped,skipped,skipped,skipped,3,9
3426,Elaine STEWART (Lab),Elaine DINWOODIE (Lab),Drew FILSON (Ind),John YOUNG (Ind),skipped,skipped,skipped,skipped,skipped,skipped,3,9
3427,Elaine STEWART (Lab),Elaine DINWOODIE (Lab),Drew FILSON (Ind),John YOUNG (Ind),skipped,skipped,skipped,skipped,skipped,skipped,3,9
3428,Elaine STEWART (Lab),Elaine DINWOODIE (Lab),Drew FILSON (Ind),John YOUNG (Ind),John BELL (SNP),Anne FAIRLIE (SNP),Alison HARPER (C),Mark MITCHELL (Libtn),Craig MURRAY (Grn),skipped,3,9
3429,Elaine STEWART (Lab),Elaine DINWOODIE (Lab),Drew FILSON (Ind),John YOUNG (Ind),Mark MITCHELL (Libtn),Craig MURRAY (Grn),Alison HARPER (C),John BELL (SNP),Anne FAIRLIE (SNP),skipped,3,9
3430,Elaine STEWART (Lab),Elaine DINWOODIE (Lab),Drew FILSON (Ind),John YOUNG (Ind),Craig MURRAY (Grn),John BELL (SNP),Anne FAIRLIE (SNP),Alison HARPER (C),Mark MITCHELL (Libtn),skipped,3,9
3431,Elaine STEWART (Lab),Elaine DINWOODIE (Lab),Alison HARPER (C),skipped,skipped,skipped,skipped,skipped,skipped,skipped,3,9
3432,Elaine STEWART (Lab),Elaine DINWOODIE (Lab),Alison HARPER (C),skipped,skipped,skipped,skipped,skipped,skipped,skipped,3,9
3433,Elaine STEWART (Lab),Elaine DINWOODIE (Lab),Alison HARPER (C),skipped,skipped,skipped,skipped,skipped,skipped,skipped,3,9
3434,Elaine STEWART (Lab),Elaine DINWOODIE (Lab),Alison HARPER (C),skipped,skipped,skipped,skipped,skipped,skipped,skipped,3,9
3435,Elaine STEWART (Lab),Elaine DINWOODIE (Lab),Alison HARPER (C),skipped,skipped,skipped,skipped,skipped,skipped,skipped,3,9
3436,Elaine STEWART (Lab),Elaine DINWOODIE (Lab),Alison HARPER (C),skipped,skipped,skipped,skipped,skipped,skipped,skipped,3,9
3437,Elaine STEWART (Lab),Elaine DINWOODIE (Lab),Alison HARPER (C),skipped,skipped,skipped,skipped,skipped,skipped,skipped,3,9
3438,Elaine STEWART (Lab),Elaine DINWOODIE (Lab),Alison HARPER (C),skipped,skipped,skipped,skipped,skipped,skipped,skipped,3,9
3439,Elaine STEWART (Lab),Elaine DINWOODIE (Lab),Alison HARPER (C),skipped,skipped,skipped,skipped,skipped,skipped,skipped,3,9
3440,Elaine STEWART (Lab),Elaine DINWOODIE (Lab),Alison HARPER (C),skipped,skipped,skipped,skipped,skipped,skipped,skipped,3,9
3441,Elaine STEWART (Lab),Elaine DINWOODIE (Lab),Alison HARPER (C),skipped,skipped,skipped,skipped,skipped,skipped,skipped,3,9
3442,Elaine STEWART (Lab),Elaine DINWOODIE (Lab),Alison HARPER (C),skipped,skipped,skipped,skipped,skipped,skipped,skipped,3,9
3443,Elaine STEWART (Lab),Elaine DINWOODIE (Lab),Alison HARPER (C),skipped,skipped,skipped,skipped,skipped,skipped,skipped,3,9
3444,Elaine STEWART (Lab),Elaine DINWOODIE (Lab),Alison HARPER (C),skipped,skipped,skipped,skipped,skipped,skipped,skipped,3,9
3445,Elaine STEWART (Lab),Elaine DINWOODIE (Lab),Alison HARPER (C),skipped,skipped,skipped,skipped,skipped,skipped,skipped,3,9
3446,Elaine STEWART (Lab),Elaine DINWOODIE (Lab),Alison HARPER (C),skipped,skipped,skipped,skipped,skipped,skipped,skipped,3,9
3447,Elaine STEWART (Lab),Elaine DINWOODIE (Lab),Alison HARPER (C),skipped,skipped,skipped,skipped,skipped,skipped,skipped,3,9
3448,Elaine STEWART (Lab),Elaine DINWOODIE (Lab),Alison HARPER (C),skipped,skipped,skipped,skipped,skipped,skipped,skipped,3,9
3449,Elaine STEWART (Lab),Elaine DINWOODIE (Lab),Alison HARPER (C),John BELL (SNP),Anne FAIRLIE (SNP),Drew FILSON (Ind),Mark MITCHELL (Libtn),Craig MURRAY (Grn),John YOUNG (Ind),skipped,3,9
3450,Elaine STEWART (Lab),Elaine DINWOODIE (Lab),Alison HARPER (C),Drew FILSON (Ind),Mark MITCHELL (Libtn),John YOUNG (Ind),skipped,skipped,skipped,skipped,3,9
3451,Elaine STEWART (Lab),Elaine DINWOODIE (Lab),Alison HARPER (C),Mark MITCHELL (Libtn),Drew FILSON (Ind),John YOUNG (Ind),Craig MURRAY (Grn),Anne FAIRLIE (SNP),John BELL (SNP),skipped,3,9
3452,Elaine STEWART (Lab),Elaine DINWOODIE (Lab),Alison HARPER (C),Mark MITCHELL (Libtn),John YOUNG (Ind),Drew FILSON (Ind),Craig MURRAY (Grn),Anne FAIRLIE (SNP),John BELL (SNP),skipped,3,9
3453,Elaine STEWART (Lab),Elaine DINWOODIE (Lab),Alison HARPER (C),Craig MURRAY (Grn),John YOUNG (Ind),Mark MITCHELL (Libtn),Drew FILSON (Ind),Anne FAIRLIE (SNP),John BELL (SNP),skipped,3,9
3454,Elaine STEWART (Lab),Elaine DINWOODIE (Lab),Alison HARPER (C),John YOUNG (Ind),skipped,skipped,skipped,skipped,skipped,skipped,3,9
3455,Elaine STEWART (Lab),Elaine DINWOODIE (Lab),Mark MITCHELL (Libtn),skipped,skipped,skipped,skipped,skipped,skipped,skipped,3,9
3456,Elaine STEWART (Lab),Elaine DINWOODIE (Lab),Mark MITCHELL (Libtn),Craig MURRAY (Grn),Drew FILSON (Ind),John YOUNG (Ind),Alison HARPER (C),Anne FAIRLIE (SNP),John BELL (SNP),skipped,3,9
3457,Elaine STEWART (Lab),Elaine DINWOODIE (Lab),Craig MURRAY (Grn),skipped,skipped,skipped,skipped,skipped,skipped,skipped,3,9
3458,Elaine STEWART (Lab),Elaine DINWOODIE (Lab),Craig MURRAY (Grn),skipped,skipped,skipped,skipped,skipped,skipped,skipped,3,9
3459,Elaine STEWART (Lab),Elaine DINWOODIE (Lab),Craig MURRAY (Grn),skipped,skipped,skipped,skipped,skipped,skipped,skipped,3,9
3460,Elaine STEWART (Lab),Elaine DINWOODIE (Lab),Craig MURRAY (Grn),skipped,skipped,skipped,skipped,skipped,skipped,skipped,3,9
3461,Elaine STEWART (Lab),Elaine DINWOODIE (Lab),Craig MURRAY (Grn),skipped,skipped,skipped,skipped,skipped,skipped,skipped,3,9
3462,Elaine STEWART (Lab),Elaine DINWOODIE (Lab),Craig MURRAY (Grn),skipped,skipped,skipped,skipped,skipped,skipped,skipped,3,9
3463,Elaine STEWART (Lab),Elaine DINWOODIE (Lab),Craig MURRAY (Grn),skipped,skipped,skipped,skipped,skipped,skipped,skipped,3,9
3464,Elaine STEWART (Lab),Elaine DINWOODIE (Lab),Craig MURRAY (Grn),skipped,skipped,skipped,skipped,skipped,skipped,skipped,3,9
3465,Elaine STEWART (Lab),Elaine DINWOODIE (Lab),Craig MURRAY (Grn),skipped,skipped,skipped,skipped,skipped,skipped,skipped,3,9
3466,Elaine STEWART (Lab),Elaine DINWOODIE (Lab),Craig MURRAY (Grn),skipped,skipped,skipped,skipped,skipped,skipped,skipped,3,9
3467,Elaine STEWART (Lab),Elaine DINWOODIE (Lab),Craig MURRAY (Grn),skipped,skipped,skipped,skipped,skipped,skipped,skipped,3,9
3468,Elaine STEWART (Lab),Elaine DINWOODIE (Lab),John YOUNG (Ind),skipped,skipped,skipped,skipped,skipped,skipped,skipped,3,9
3469,Elaine STEWART (Lab),Elaine DINWOODIE (Lab),John YOUNG (Ind),skipped,skipped,skipped,skipped,skipped,skipped,skipped,3,9
3470,Elaine STEWART (Lab),Elaine DINWOODIE (Lab),John YOUNG (Ind),skipped,skipped,skipped,skipped,skipped,skipped,skipped,3,9
3471,Elaine STEWART (Lab),Elaine DINWOODIE (Lab),John YOUNG (Ind),skipped,skipped,skipped,skipped,skipped,skipped,skipped,3,9
3472,Elaine STEWART (Lab),Elaine DINWOODIE (Lab),John YOUNG (Ind),skipped,skipped,skipped,skipped,skipped,skipped,skipped,3,9
3473,Elaine STEWART (Lab),Elaine DINWOODIE (Lab),John YOUNG (Ind),skipped,skipped,skipped,skipped,skipped,skipped,skipped,3,9
3474,Elaine STEWART (Lab),Elaine DINWOODIE (Lab),John YOUNG (Ind),skipped,skipped,skipped,skipped,skipped,skipped,skipped,3,9
3475,Elaine STEWART (Lab),Elaine DINWOODIE (Lab),John YOUNG (Ind),skipped,skipped,skipped,skipped,skipped,skipped,skipped,3,9
3476,Elaine STEWART (Lab),Elaine DINWOODIE (Lab),John YOUNG (Ind),skipped,skipped,skipped,skipped,skipped,skipped,skipped,3,9
3477,Elaine STEWART (Lab),Elaine DINWOODIE (Lab),John YOUNG (Ind),skipped,skipped,skipped,skipped,skipped,skipped,skipped,3,9
3478,Elaine STEWART (Lab),Elaine DINWOODIE (Lab),John YOUNG (Ind),skipped,skipped,skipped,skipped,skipped,skipped,skipped,3,9
3479,Elaine STEWART (Lab),Elaine DINWOODIE (Lab),John YOUNG (Ind),skipped,skipped,skipped,skipped,skipped,skipped,skipped,3,9
3480,Elaine STEWART (Lab),Elaine DINWOODIE (Lab),John YOUNG (Ind),skipped,skipped,skipped,skipped,skipped,skipped,skipped,3,9
3481,Elaine STEWART (Lab),Elaine DINWOODIE (Lab),John YOUNG (Ind),skipped,skipped,skipped,skipped,skipped,skipped,skipped,3,9
3482,Elaine STEWART (Lab),Elaine DINWOODIE (Lab),John YOUNG (Ind),skipped,skipped,skipped,skipped,skipped,skipped,skipped,3,9
3483,Elaine STEWART (Lab),Elaine DINWOODIE (Lab),John YOUNG (Ind),skipped,skipped,skipped,skipped,skipped,skipped,skipped,3,9
3484,Elaine STEWART (Lab),Elaine DINWOODIE (Lab),John YOUNG (Ind),skipped,skipped,skipped,skipped,skipped,skipped,skipped,3,9
3485,Elaine STEWART (Lab),Elaine DINWOODIE (Lab),John YOUNG (Ind),skipped,skipped,skipped,skipped,skipped,skipped,skipped,3,9
3486,Elaine STEWART (Lab),Elaine DINWOODIE (Lab),John YOUNG (Ind),skipped,skipped,skipped,skipped,skipped,skipped,skipped,3,9
3487,Elaine STEWART (Lab),Elaine DINWOODIE (Lab),John YOUNG (Ind),Drew FILSON (Ind),skipped,skipped,skipped,skipped,skipped,skipped,3,9
3488,Elaine STEWART (Lab),Elaine DINWOODIE (Lab),John YOUNG (Ind),Drew FILSON (Ind),Mark MITCHELL (Libtn),Craig MURRAY (Grn),Alison HARPER (C),John BELL (SNP),Anne FAIRLIE (SNP),skipped,3,9
3489,Elaine STEWART (Lab),Elaine DINWOODIE (Lab),John YOUNG (Ind),Craig MURRAY (Grn),Drew FILSON (Ind),Mark MITCHELL (Libtn),Anne FAIRLIE (SNP),John BELL (SNP),Alison HARPER (C),skipped,3,9
3490,Elaine STEWART (Lab),Elaine DINWOODIE (Lab),John YOUNG (Ind),Craig MURRAY (Grn),Drew FILSON (Ind),Mark MITCHELL (Libtn),Anne FAIRLIE (SNP),John BELL (SNP),Alison HARPER (C),skipped,3,9
3491,Elaine STEWART (Lab),Anne FAIRLIE (SNP),John BELL (SNP),skipped,skipped,skipped,skipped,skipped,skipped,skipped,3,9
3492,Elaine STEWART (Lab),Anne FAIRLIE (SNP),John BELL (SNP),skipped,skipped,skipped,skipped,skipped,skipped,skipped,3,9
3493,Elaine STEWART (Lab),Anne FAIRLIE (SNP),John BELL (SNP),Elaine DINWOODIE (Lab),Alison HARPER (C),Mark MITCHELL (Libtn),Craig MURRAY (Grn),Drew FILSON (Ind),John YOUNG (Ind),skipped,3,9
3494,Elaine STEWART (Lab),Anne FAIRLIE (SNP),Elaine DINWOODIE (Lab),skipped,skipped,skipped,skipped,skipped,skipped,skipped,3,9
3495,Elaine STEWART (Lab),Anne FAIRLIE (SNP),Elaine DINWOODIE (Lab),Drew FILSON (Ind),skipped,skipped,skipped,skipped,skipped,skipped,3,9
3496,Elaine STEWART (Lab),Anne FAIRLIE (SNP),Craig MURRAY (Grn),skipped,skipped,skipped,skipped,skipped,skipped,skipped,3,9
3497,Elaine STEWART (Lab),Anne FAIRLIE (SNP),Craig MURRAY (Grn),skipped,skipped,skipped,skipped,skipped,skipped,skipped,3,9
3498,Elaine STEWART (Lab),Drew FILSON (Ind),skipped,skipped,skipped,skipped,skipped,skipped,skipped,skipped,3,9
3499,Elaine STEWART (Lab),Drew FILSON (Ind),skipped,skipped,skipped,skipped,skipped,skipped,skipped,skipped,3,9
3500,Elaine STEWART (Lab),Drew FILSON (Ind),skipped,skipped,skipped,skipped,skipped,skipped,skipped,skipped,3,9
3501,Elaine STEWART (Lab),Drew FILSON (Ind),skipped,skipped,skipped,skipped,skipped,skipped,skipped,skipped,3,9
3502,Elaine STEWART (Lab),Drew FILSON (Ind),skipped,skipped,skipped,skipped,skipped,skipped,skipped,skipped,3,9
3503,Elaine STEWART (Lab),Drew FILSON (Ind),skipped,skipped,skipped,skipped,skipped,skipped,skipped,skipped,3,9
3504,Elaine STEWART (Lab),Drew FILSON (Ind),skipped,skipped,skipped,skipped,skipped,skipped,skipped,skipped,3,9
3505,Elaine STEWART (Lab),Drew FILSON (Ind),skipped,skipped,skipped,skipped,skipped,skipped,skipped,skipped,3,9
3506,Elaine STEWART (Lab),Drew FILSON (Ind),skipped,skipped,skipped,skipped,skipped,skipped,skipped,skipped,3,9
3507,Elaine STEWART (Lab),Drew FILSON (Ind),skipped,skipped,skipped,skipped,skipped,skipped,skipped,skipped,3,9
3508,Elaine STEWART (Lab),Drew FILSON (Ind),skipped,skipped,skipped,skipped,skipped,skipped,skipped,skipped,3,9
3509,Elaine STEWART (Lab),Drew FILSON (Ind),skipped,skipped,skipped,skipped,skipped,skipped,skipped,skipped,3,9
3510,Elaine STEWART (Lab),Drew FILSON (Ind),skipped,skipped,skipped,skipped,skipped,skipped,skipped,skipped,3,9
3511,Elaine STEWART (Lab),Drew FILSON (Ind),skipped,skipped,skipped,skipped,skipped,skipped,skipped,skipped,3,9
3512,Elaine STEWART (Lab),Drew FILSON (Ind),skipped,skipped,skipped,skipped,skipped,skipped,skipped,skipped,3,9
3513,Elaine STEWART (Lab),Drew FILSON (Ind),skipped,skipped,skipped,skipped,skipped,skipped,skipped,skipped,3,9
3514,Elaine STEWART (Lab),Drew FILSON (Ind),skipped,skipped,skipped,skipped,skipped,skipped,skipped,skipped,3,9
3515,Elaine STEWART (Lab),Drew FILSON (Ind),skipped,skipped,skipped,skipped,skipped,skipped,skipped,skipped,3,9
3516,Elaine STEWART (Lab),Drew FILSON (Ind),skipped,skipped,skipped,skipped,skipped,skipped,skipped,skipped,3,9
3517,Elaine STEWART (Lab),Drew FILSON (Ind),skipped,skipped,skipped,skipped,skipped,skipped,skipped,skipped,3,9
3518,Elaine STEWART (Lab),Drew FILSON (Ind),skipped,skipped,skipped,skipped,skipped,skipped,skipped,skipped,3,9
3519,Elaine STEWART (Lab),Drew FILSON (Ind),skipped,skipped,skipped,skipped,skipped,skipped,skipped,skipped,3,9
3520,Elaine STEWART (Lab),Drew FILSON (Ind),John BELL (SNP),skipped,skipped,skipped,skipped,skipped,skipped,skipped,3,9
3521,Elaine STEWART (Lab),Drew FILSON (Ind),John BELL (SNP),skipped,skipped,skipped,skipped,skipped,skipped,skipped,3,9
3522,Elaine STEWART (Lab),Drew FILSON (Ind),John BELL (SNP),skipped,skipped,skipped,skipped,skipped,skipped,skipped,3,9
3523,Elaine STEWART (Lab),Drew FILSON (Ind),John BELL (SNP),Anne FAIRLIE (SNP),skipped,skipped,skipped,skipped,skipped,skipped,3,9
3524,Elaine STEWART (Lab),Drew FILSON (Ind),Elaine DINWOODIE (Lab),skipped,skipped,skipped,skipped,skipped,skipped,skipped,3,9
3525,Elaine STEWART (Lab),Drew FILSON (Ind),Elaine DINWOODIE (Lab),skipped,skipped,skipped,skipped,skipped,skipped,skipped,3,9
3526,Elaine STEWART (Lab),Drew FILSON (Ind),Elaine DINWOODIE (Lab),skipped,skipped,skipped,skipped,skipped,skipped,skipped,3,9
3527,Elaine STEWART (Lab),Drew FILSON (Ind),Elaine DINWOODIE (Lab),skipped,skipped,skipped,skipped,skipped,skipped,skipped,3,9
3528,Elaine STEWART (Lab),Drew FILSON (Ind),Elaine DINWOODIE (Lab),skipped,skipped,skipped,skipped,skipped,skipped,skipped,3,9
3529,Elaine STEWART (Lab),Drew FILSON (Ind),Elaine DINWOODIE (Lab),skipped,skipped,skipped,skipped,skipped,skipped,skipped,3,9
3530,Elaine STEWART (Lab),Drew FILSON (Ind),Elaine DINWOODIE (Lab),skipped,skipped,skipped,skipped,skipped,skipped,skipped,3,9
3531,Elaine STEWART (Lab),Drew FILSON (Ind),Elaine DINWOODIE (Lab),skipped,skipped,skipped,skipped,skipped,skipped,skipped,3,9
3532,Elaine STEWART (Lab),Drew FILSON (Ind),Elaine DINWOODIE (Lab),skipped,skipped,skipped,skipped,skipped,skipped,skipped,3,9
3533,Elaine STEWART (Lab),Drew FILSON (Ind),Elaine DINWOODIE (Lab),skipped,skipped,skipped,skipped,skipped,skipped,skipped,3,9
3534,Elaine STEWART (Lab),Drew FILSON (Ind),Elaine DINWOODIE (Lab),skipped,skipped,skipped,skipped,skipped,skipped,skipped,3,9
3535,Elaine STEWART (Lab),Drew FILSON (Ind),Elaine DINWOODIE (Lab),skipped,skipped,skipped,skipped,skipped,skipped,skipped,3,9
3536,Elaine STEWART (Lab),Drew FILSON (Ind),Elaine DINWOODIE (Lab),skipped,skipped,skipped,skipped,skipped,skipped,skipped,3,9
3537,Elaine STEWART (Lab),Drew FILSON (Ind),Elaine DINWOODIE (Lab),skipped,skipped,skipped,skipped,skipped,skipped,skipped,3,9
3538,Elaine STEWART (Lab),Drew FILSON (Ind),Elaine DINWOODIE (Lab),skipped,skipped,skipped,skipped,skipped,skipped,skipped,3,9
3539,Elaine STEWART (Lab),Drew FILSON (Ind),Elaine DINWOODIE (Lab),skipped,skipped,skipped,skipped,skipped,skipped,skipped,3,9
3540,Elaine STEWART (Lab),Drew FILSON (Ind),Elaine DINWOODIE (Lab),skipped,skipped,skipped,skipped,skipped,skipped,skipped,3,9
3541,Elaine STEWART (Lab),Drew FILSON (Ind),Elaine DINWOODIE (Lab),skipped,skipped,skipped,skipped,skipped,skipped,skipped,3,9
3542,Elaine STEWART (Lab),Drew FILSON (Ind),Elaine DINWOODIE (Lab),skipped,skipped,skipped,skipped,skipped,skipped,skipped,3,9
3543,Elaine STEWART (Lab),Drew FILSON (Ind),Elaine DINWOODIE (Lab),skipped,skipped,skipped,skipped,skipped,skipped,skipped,3,9
3544,Elaine STEWART (Lab),Drew FILSON (Ind),Elaine DINWOODIE (Lab),skipped,skipped,skipped,skipped,skipped,skipped,skipped,3,9
3545,Elaine STEWART (Lab),Drew FILSON (Ind),Elaine DINWOODIE (Lab),skipped,skipped,skipped,skipped,skipped,skipped,skipped,3,9
3546,Elaine STEWART (Lab),Drew FILSON (Ind),Elaine DINWOODIE (Lab),skipped,skipped,skipped,skipped,skipped,skipped,skipped,3,9
3547,Elaine STEWART (Lab),Drew FILSON (Ind),Elaine DINWOODIE (Lab),skipped,skipped,skipped,skipped,skipped,skipped,skipped,3,9
3548,Elaine STEWART (Lab),Drew FILSON (Ind),Elaine DINWOODIE (Lab),skipped,skipped,skipped,skipped,skipped,skipped,skipped,3,9
3549,Elaine STEWART (Lab),Drew FILSON (Ind),Elaine DINWOODIE (Lab),skipped,skipped,skipped,skipped,skipped,skipped,skipped,3,9
3550,Elaine STEWART (Lab),Drew FILSON (Ind),Elaine DINWOODIE (Lab),skipped,skipped,skipped,skipped,skipped,skipped,skipped,3,9
3551,Elaine STEWART (Lab),Drew FILSON (Ind),Elaine DINWOODIE (Lab),John BELL (SNP),skipped,skipped,skipped,skipped,skipped,skipped,3,9
3552,Elaine STEWART (Lab),Drew FILSON (Ind),Elaine DINWOODIE (Lab),John BELL (SNP),skipped,skipped,skipped,skipped,skipped,skipped,3,9
3553,Elaine STEWART (Lab),Drew FILSON (Ind),Elaine DINWOODIE (Lab),John BELL (SNP),Alison HARPER (C),Anne FAIRLIE (SNP),Mark MITCHELL (Libtn),Craig MURRAY (Grn),John YOUNG (Ind),skipped,3,9
3554,Elaine STEWART (Lab),Drew FILSON (Ind),Elaine DINWOODIE (Lab),Alison HARPER (C),skipped,skipped,skipped,skipped,skipped,skipped,3,9
3555,Elaine STEWART (Lab),Drew FILSON (Ind),Elaine DINWOODIE (Lab),Alison HARPER (C),John BELL (SNP),Anne FAIRLIE (SNP),John YOUNG (Ind),Mark MITCHELL (Libtn),Craig MURRAY (Grn),skipped,3,9
3556,Elaine STEWART (Lab),Drew FILSON (Ind),Elaine DINWOODIE (Lab),Craig MURRAY (Grn),skipped,skipped,skipped,skipped,skipped,skipped,3,9
3557,Elaine STEWART (Lab),Drew FILSON (Ind),Elaine DINWOODIE (Lab),John YOUNG (Ind),skipped,skipped,skipped,skipped,skipped,skipped,3,9
3558,Elaine STEWART (Lab),Drew FILSON (Ind),Elaine DINWOODIE (Lab),John YOUNG (Ind),John BELL (SNP),Anne FAIRLIE (SNP),Craig MURRAY (Grn),skipped,skipped,skipped,3,9
3559,Elaine STEWART (Lab),Drew FILSON (Ind),Alison HARPER (C),skipped,skipped,skipped,skipped,skipped,skipped,skipped,3,9
3560,Elaine STEWART (Lab),Drew FILSON (Ind),Alison HARPER (C),John BELL (SNP),Elaine DINWOODIE (Lab),Anne FAIRLIE (SNP),Mark MITCHELL (Libtn),Craig MURRAY (Grn),John YOUNG (Ind),skipped,3,9
3561,Elaine STEWART (Lab),Drew FILSON (Ind),Alison HARPER (C),Craig MURRAY (Grn),Mark MITCHELL (Libtn),Elaine DINWOODIE (Lab),John YOUNG (Ind),skipped,skipped,skipped,3,9
3562,Elaine STEWART (Lab),Drew FILSON (Ind),John YOUNG (Ind),skipped,skipped,skipped,skipped,skipped,skipped,skipped,3,9
3563,Elaine STEWART (Lab),Drew FILSON (Ind),John YOUNG (Ind),skipped,skipped,skipped,skipped,skipped,skipped,skipped,3,9
3564,Elaine STEWART (Lab),Drew FILSON (Ind),John YOUNG (Ind),skipped,skipped,skipped,skipped,skipped,skipped,skipped,3,9
3565,Elaine STEWART (Lab),Drew FILSON (Ind),John YOUNG (Ind),skipped,skipped,skipped,skipped,skipped,skipped,skipped,3,9
3566,Elaine STEWART (Lab),Drew FILSON (Ind),John YOUNG (Ind),skipped,skipped,skipped,skipped,skipped,skipped,skipped,3,9
3567,Elaine STEWART (Lab),Drew FILSON (Ind),John YOUNG (Ind),skipped,skipped,skipped,skipped,skipped,skipped,skipped,3,9
3568,Elaine STEWART (Lab),Drew FILSON (Ind),John YOUNG (Ind),Elaine DINWOODIE (Lab),Mark MITCHELL (Libtn),Craig MURRAY (Grn),Anne FAIRLIE (SNP),John BELL (SNP),Alison HARPER (C),skipped,3,9
3569,Elaine STEWART (Lab),Drew FILSON (Ind),John YOUNG (Ind),Alison HARPER (C),skipped,skipped,skipped,skipped,skipped,skipped,3,9
3570,Elaine STEWART (Lab),Alison HARPER (C),skipped,skipped,skipped,skipped,skipped,skipped,skipped,skipped,3,9
3571,Elaine STEWART (Lab),Alison HARPER (C),Elaine DINWOODIE (Lab),skipped,skipped,skipped,skipped,skipped,skipped,skipped,3,9
3572,Elaine STEWART (Lab),Alison HARPER (C),Elaine DINWOODIE (Lab),skipped,skipped,skipped,skipped,skipped,skipped,skipped,3,9
3573,Elaine STEWART (Lab),Alison HARPER (C),Elaine DINWOODIE (Lab),skipped,skipped,skipped,skipped,skipped,skipped,skipped,3,9
3574,Elaine STEWART (Lab),Alison HARPER (C),Elaine DINWOODIE (Lab),skipped,skipped,skipped,skipped,skipped,skipped,skipped,3,9
3575,Elaine STEWART (Lab),Alison HARPER (C),Elaine DINWOODIE (Lab),skipped,skipped,skipped,skipped,skipped,skipped,skipped,3,9
3576,Elaine STEWART (Lab),Alison HARPER (C),Elaine DINWOODIE (Lab),skipped,skipped,skipped,skipped,skipped,skipped,skipped,3,9
3577,Elaine STEWART (Lab),Alison HARPER (C),Elaine DINWOODIE (Lab),Drew FILSON (Ind),John YOUNG (Ind),skipped,skipped,skipped,skipped,skipped,3,9
3578,Elaine STEWART (Lab),Alison HARPER (C),Elaine DINWOODIE (Lab),John YOUNG (Ind),skipped,skipped,skipped,skipped,skipped,skipped,3,9
3579,Elaine STEWART (Lab),Alison HARPER (C),Drew FILSON (Ind),skipped,skipped,skipped,skipped,skipped,skipped,skipped,3,9
3580,Elaine STEWART (Lab),Alison HARPER (C),Drew FILSON (Ind),John YOUNG (Ind),Elaine DINWOODIE (Lab),Craig MURRAY (Grn),skipped,skipped,skipped,skipped,3,9
3581,Elaine STEWART (Lab),Alison HARPER (C),John YOUNG (Ind),skipped,skipped,skipped,skipped,skipped,skipped,skipped,3,9
3582,Elaine STEWART (Lab),Craig MURRAY (Grn),Elaine DINWOODIE (Lab),skipped,skipped,skipped,skipped,skipped,skipped,skipped,3,9
3583,Elaine STEWART (Lab),Craig MURRAY (Grn),Drew FILSON (Ind),skipped,skipped,skipped,skipped,skipped,skipped,skipped,3,9
3584,Elaine STEWART (Lab),John YOUNG (Ind),skipped,skipped,skipped,skipped,skipped,skipped,skipped,skipped,3,9
3585,Elaine STEWART (Lab),John YOUNG (Ind),skipped,skipped,skipped,skipped,skipped,skipped,skipped,skipped,3,9
3586,Elaine STEWART (Lab),John YOUNG (Ind),Elaine DINWOODIE (Lab),skipped,skipped,skipped,skipped,skipped,skipped,skipped,3,9
3587,Elaine STEWART (Lab),John YOUNG (Ind),Elaine DINWOODIE (Lab),skipped,skipped,skipped,skipped,skipped,skipped,skipped,3,9
3588,Elaine STEWART (Lab),John YOUNG (Ind),Elaine DINWOODIE (Lab),skipped,skipped,skipped,skipped,skipped,skipped,skipped,3,9
3589,Elaine STEWART (Lab),John YOUNG (Ind),Elaine DINWOODIE (Lab),skipped,skipped,skipped,skipped,skipped,skipped,skipped,3,9
3590,Elaine STEWART (Lab),John YOUNG (Ind),Elaine DINWOODIE (Lab),John BELL (SNP),Drew FILSON (Ind),Anne FAIRLIE (SNP),Alison HARPER (C),Craig MURRAY (Grn),Mark MITCHELL (Libtn),skipped,3,9
3591,Elaine STEWART (Lab),John YOUNG (Ind),Elaine DINWOODIE (Lab),Drew FILSON (Ind),skipped,skipped,skipped,skipped,skipped,skipped,3,9
3592,Elaine STEWART (Lab),John YOUNG (Ind),Drew FILSON (Ind),skipped,skipped,skipped,skipped,skipped,skipped,skipped,3,9
3593,Elaine STEWART (Lab),John YOUNG (Ind),Drew FILSON (Ind),skipped,skipped,skipped,skipped,skipped,skipped,skipped,3,9
3594,Elaine STEWART (Lab),John YOUNG (Ind),Drew FILSON (Ind),Elaine DINWOODIE (Lab),skipped,skipped,skipped,skipped,skipped,skipped,3,9
3595,Elaine STEWART (Lab),John YOUNG (Ind),Drew FILSON (Ind),Alison HARPER (C),skipped,skipped,skipped,skipped,skipped,skipped,3,9
3596,Elaine STEWART (Lab),John YOUNG (Ind),Drew FILSON (Ind),Mark MITCHELL (Libtn),Craig MURRAY (Grn),Alison HARPER (C),skipped,skipped,skipped,skipped,3,9
3597,Elaine STEWART (Lab),John YOUNG (Ind),Alison HARPER (C),skipped,skipped,skipped,skipped,skipped,skipped,skipped,3,9
3598,Elaine STEWART (Lab),John YOUNG (Ind),Alison HARPER (C),skipped,skipped,skipped,skipped,skipped,skipped,skipped,3,9
3599,Elaine STEWART (Lab),John YOUNG (Ind),Mark MITCHELL (Libtn),skipped,skipped,skipped,skipped,skipped,skipped,skipped,3,9
3600,John YOUNG (Ind),skipped,skipped,skipped,skipped,skipped,skipped,skipped,skipped,skipped,3,9
3601,John YOUNG (Ind),skipped,skipped,skipped,skipped,skipped,skipped,skipped,skipped,skipped,3,9
3602,John YOUNG (Ind),skipped,skipped,skipped,skipped,skipped,skipped,skipped,skipped,skipped,3,9
3603,John YOUNG (Ind),skipped,skipped,skipped,skipped,skipped,skipped,skipped,skipped,skipped,3,9
3604,John YOUNG (Ind),skipped,skipped,skipped,skipped,skipped,skipped,skipped,skipped,skipped,3,9
3605,John YOUNG (Ind),skipped,skipped,skipped,skipped,skipped,skipped,skipped,skipped,skipped,3,9
3606,John YOUNG (Ind),skipped,skipped,skipped,skipped,skipped,skipped,skipped,skipped,skipped,3,9
3607,John YOUNG (Ind),skipped,skipped,skipped,skipped,skipped,skipped,skipped,skipped,skipped,3,9
3608,John YOUNG (Ind),skipped,skipped,skipped,skipped,skipped,skipped,skipped,skipped,skipped,3,9
3609,John YOUNG (Ind),skipped,skipped,skipped,skipped,skipped,skipped,skipped,skipped,skipped,3,9
3610,John YOUNG (Ind),skipped,skipped,skipped,skipped,skipped,skipped,skipped,skipped,skipped,3,9
3611,John YOUNG (Ind),skipped,skipped,skipped,skipped,skipped,skipped,skipped,skipped,skipped,3,9
3612,John YOUNG (Ind),skipped,skipped,skipped,skipped,skipped,skipped,skipped,skipped,skipped,3,9
3613,John YOUNG (Ind),skipped,skipped,skipped,skipped,skipped,skipped,skipped,skipped,skipped,3,9
3614,John YOUNG (Ind),skipped,skipped,skipped,skipped,skipped,skipped,skipped,skipped,skipped,3,9
3615,John YOUNG (Ind),skipped,skipped,skipped,skipped,skipped,skipped,skipped,skipped,skipped,3,9
3616,John YOUNG (Ind),skipped,skipped,skipped,skipped,skipped,skipped,skipped,skipped,skipped,3,9
3617,John YOUNG (Ind),skipped,skipped,skipped,skipped,skipped,skipped,skipped,skipped,skipped,3,9
3618,John YOUNG (Ind),skipped,skipped,skipped,skipped,skipped,skipped,skipped,skipped,skipped,3,9
3619,John YOUNG (Ind),skipped,skipped,skipped,skipped,skipped,skipped,skipped,skipped,skipped,3,9
3620,John YOUNG (Ind),skipped,skipped,skipped,skipped,skipped,skipped,skipped,skipped,skipped,3,9
3621,John YOUNG (Ind),skipped,skipped,skipped,skipped,skipped,skipped,skipped,skipped,skipped,3,9
3622,John YOUNG (Ind),skipped,skipped,skipped,skipped,skipped,skipped,skipped,skipped,skipped,3,9
3623,John YOUNG (Ind),skipped,skipped,skipped,skipped,skipped,skipped,skipped,skipped,skipped,3,9
3624,John YOUNG (Ind),skipped,skipped,skipped,skipped,skipped,skipped,skipped,skipped,skipped,3,9
3625,John YOUNG (Ind),skipped,skipped,skipped,skipped,skipped,skipped,skipped,skipped,skipped,3,9
3626,John YOUNG (Ind),skipped,skipped,skipped,skipped,skipped,skipped,skipped,skipped,skipped,3,9
3627,John YOUNG (Ind),skipped,skipped,skipped,skipped,skipped,skipped,skipped,skipped,skipped,3,9
3628,John YOUNG (Ind),skipped,skipped,skipped,skipped,skipped,skipped,skipped,skipped,skipped,3,9
3629,John YOUNG (Ind),skipped,skipped,skipped,skipped,skipped,skipped,skipped,skipped,skipped,3,9
3630,John YOUNG (Ind),skipped,skipped,skipped,skipped,skipped,skipped,skipped,skipped,skipped,3,9
3631,John YOUNG (Ind),skipped,skipped,skipped,skipped,skipped,skipped,skipped,skipped,skipped,3,9
3632,John YOUNG (Ind),skipped,skipped,skipped,skipped,skipped,skipped,skipped,skipped,skipped,3,9
3633,John YOUNG (Ind),skipped,skipped,skipped,skipped,skipped,skipped,skipped,skipped,skipped,3,9
3634,John YOUNG (Ind),skipped,skipped,skipped,skipped,skipped,skipped,skipped,skipped,skipped,3,9
3635,John YOUNG (Ind),skipped,skipped,skipped,skipped,skipped,skipped,skipped,skipped,skipped,3,9
3636,John YOUNG (Ind),skipped,skipped,skipped,skipped,skipped,skipped,skipped,skipped,skipped,3,9
3637,John YOUNG (Ind),skipped,skipped,skipped,skipped,skipped,skipped,skipped,skipped,skipped,3,9
3638,John YOUNG (Ind),skipped,skipped,skipped,skipped,skipped,skipped,skipped,skipped,skipped,3,9
3639,John YOUNG (Ind),skipped,skipped,skipped,skipped,skipped,skipped,skipped,skipped,skipped,3,9
3640,John YOUNG (Ind),skipped,skipped,skipped,skipped,skipped,skipped,skipped,skipped,skipped,3,9
3641,John YOUNG (Ind),skipped,skipped,skipped,skipped,skipped,skipped,skipped,skipped,skipped,3,9
3642,John YOUNG (Ind),skipped,skipped,skipped,skipped,skipped,skipped,skipped,skipped,skipped,3,9
3643,John YOUNG (Ind),John BELL (SNP),skipped,skipped,skipped,skipped,skipped,skipped,skipped,skipped,3,9
3644,John YOUNG (Ind),John BELL (SNP),skipped,skipped,skipped,skipped,skipped,skipped,skipped,skipped,3,9
3645,John YOUNG (Ind),John BELL (SNP),Elaine DINWOODIE (Lab),skipped,skipped,skipped,skipped,skipped,skipped,skipped,3,9
3646,John YOUNG (Ind),John BELL (SNP),Elaine DINWOODIE (Lab),skipped,skipped,skipped,skipped,skipped,skipped,skipped,3,9
3647,John YOUNG (Ind),John BELL (SNP),Anne FAIRLIE (SNP),skipped,skipped,skipped,skipped,skipped,skipped,skipped,3,9
3648,John YOUNG (Ind),John BELL (SNP),Anne FAIRLIE (SNP),Elaine DINWOODIE (Lab),skipped,skipped,skipped,skipped,skipped,skipped,3,9
3649,John YOUNG (Ind),John BELL (SNP),Drew FILSON (Ind),skipped,skipped,skipped,skipped,skipped,skipped,skipped,3,9
3650,John YOUNG (Ind),John BELL (SNP),Elaine STEWART (Lab),skipped,skipped,skipped,skipped,skipped,skipped,skipped,3,9
3651,John YOUNG (Ind),Elaine DINWOODIE (Lab),skipped,skipped,skipped,skipped,skipped,skipped,skipped,skipped,3,9
3652,John YOUNG (Ind),Elaine DINWOODIE (Lab),skipped,skipped,skipped,skipped,skipped,skipped,skipped,skipped,3,9
3653,John YOUNG (Ind),Elaine DINWOODIE (Lab),skipped,skipped,skipped,skipped,skipped,skipped,skipped,skipped,3,9
3654,John YOUNG (Ind),Elaine DINWOODIE (Lab),skipped,skipped,skipped,skipped,skipped,skipped,skipped,skipped,3,9
3655,John YOUNG (Ind),Elaine DINWOODIE (Lab),John BELL (SNP),skipped,skipped,skipped,skipped,skipped,skipped,skipped,3,9
3656,John YOUNG (Ind),Elaine DINWOODIE (Lab),John BELL (SNP),Craig MURRAY (Grn),Anne FAIRLIE (SNP),Drew FILSON (Ind),Elaine STEWART (Lab),Mark MITCHELL (Libtn),Alison HARPER (C),skipped,3,9
3657,John YOUNG (Ind),Elaine DINWOODIE (Lab),Anne FAIRLIE (SNP),skipped,skipped,skipped,skipped,skipped,skipped,skipped,3,9
3658,John YOUNG (Ind),Elaine DINWOODIE (Lab),Drew FILSON (Ind),skipped,skipped,skipped,skipped,skipped,skipped,skipped,3,9
3659,John YOUNG (Ind),Elaine DINWOODIE (Lab),Drew FILSON (Ind),skipped,skipped,skipped,skipped,skipped,skipped,skipped,3,9
3660,John YOUNG (Ind),Elaine DINWOODIE (Lab),Drew FILSON (Ind),skipped,skipped,skipped,skipped,skipped,skipped,skipped,3,9
3661,John YOUNG (Ind),Elaine DINWOODIE (Lab),Drew FILSON (Ind),skipped,skipped,skipped,skipped,skipped,skipped,skipped,3,9
3662,John YOUNG (Ind),Elaine DINWOODIE (Lab),Drew FILSON (Ind),Craig MURRAY (Grn),skipped,skipped,skipped,skipped,skipped,skipped,3,9
3663,John YOUNG (Ind),Elaine DINWOODIE (Lab),Drew FILSON (Ind),Elaine STEWART (Lab),skipped,skipped,skipped,skipped,skipped,skipped,3,9
3664,John YOUNG (Ind),Elaine DINWOODIE (Lab),Drew FILSON (Ind),Elaine STEWART (Lab),skipped,skipped,skipped,skipped,skipped,skipped,3,9
3665,John YOUNG (Ind),Elaine DINWOODIE (Lab),Drew FILSON (Ind),Elaine STEWART (Lab),skipped,skipped,skipped,skipped,skipped,skipped,3,9
3666,John YOUNG (Ind),Elaine DINWOODIE (Lab),Drew FILSON (Ind),Elaine STEWART (Lab),John BELL (SNP),Anne FAIRLIE (SNP),Craig MURRAY (Grn),Alison HARPER (C),Mark MITCHELL (Libtn),skipped,3,9
3667,John YOUNG (Ind),Elaine DINWOODIE (Lab),Elaine STEWART (Lab),skipped,skipped,skipped,skipped,skipped,skipped,skipped,3,9
3668,John YOUNG (Ind),Elaine DINWOODIE (Lab),Elaine STEWART (Lab),skipped,skipped,skipped,skipped,skipped,skipped,skipped,3,9
3669,John YOUNG (Ind),Elaine DINWOODIE (Lab),Elaine STEWART (Lab),skipped,skipped,skipped,skipped,skipped,skipped,skipped,3,9
3670,John YOUNG (Ind),Elaine DINWOODIE (Lab),Elaine STEWART (Lab),Drew FILSON (Ind),skipped,skipped,skipped,skipped,skipped,skipped,3,9
3671,John YOUNG (Ind),Elaine DINWOODIE (Lab),Elaine STEWART (Lab),Drew FILSON (Ind),Craig MURRAY (Grn),John BELL (SNP),Anne FAIRLIE (SNP),Mark MITCHELL (Libtn),Alison HARPER (C),skipped,3,9
3672,John YOUNG (Ind),Anne FAIRLIE (SNP),skipped,skipped,skipped,skipped,skipped,skipped,skipped,skipped,3,9
3673,John YOUNG (Ind),Anne FAIRLIE (SNP),skipped,skipped,skipped,skipped,skipped,skipped,skipped,skipped,3,9
3674,John YOUNG (Ind),Anne FAIRLIE (SNP),John BELL (SNP),skipped,skipped,skipped,skipped,skipped,skipped,skipped,3,9
3675,John YOUNG (Ind),Anne FAIRLIE (SNP),John BELL (SNP),skipped,skipped,skipped,skipped,skipped,skipped,skipped,3,9
3676,John YOUNG (Ind),Anne FAIRLIE (SNP),John BELL (SNP),skipped,skipped,skipped,skipped,skipped,skipped,skipped,3,9
3677,John YOUNG (Ind),Drew FILSON (Ind),skipped,skipped,skipped,skipped,skipped,skipped,skipped,skipped,3,9
3678,John YOUNG (Ind),Drew FILSON (Ind),skipped,skipped,skipped,skipped,skipped,skipped,skipped,skipped,3,9
3679,John YOUNG (Ind),Drew FILSON (Ind),skipped,skipped,skipped,skipped,skipped,skipped,skipped,skipped,3,9
3680,John YOUNG (Ind),Drew FILSON (Ind),skipped,skipped,skipped,skipped,skipped,skipped,skipped,skipped,3,9
3681,John YOUNG (Ind),Drew FILSON (Ind),skipped,skipped,skipped,skipped,skipped,skipped,skipped,skipped,3,9
3682,John YOUNG (Ind),Drew FILSON (Ind),skipped,skipped,skipped,skipped,skipped,skipped,skipped,skipped,3,9
3683,John YOUNG (Ind),Drew FILSON (Ind),skipped,skipped,skipped,skipped,skipped,skipped,skipped,skipped,3,9
3684,John YOUNG (Ind),Drew FILSON (Ind),skipped,skipped,skipped,skipped,skipped,skipped,skipped,skipped,3,9
3685,John YOUNG (Ind),Drew FILSON (Ind),skipped,skipped,skipped,skipped,skipped,skipped,skipped,skipped,3,9
3686,John YOUNG (Ind),Drew FILSON (Ind),skipped,skipped,skipped,skipped,skipped,skipped,skipped,skipped,3,9
3687,John YOUNG (Ind),Drew FILSON (Ind),skipped,skipped,skipped,skipped,skipped,skipped,skipped,skipped,3,9
3688,John YOUNG (Ind),Drew FILSON (Ind),skipped,skipped,skipped,skipped,skipped,skipped,skipped,skipped,3,9
3689,John YOUNG (Ind),Drew FILSON (Ind),skipped,skipped,skipped,skipped,skipped,skipped,skipped,skipped,3,9
3690,John YOUNG (Ind),Drew FILSON (Ind),skipped,skipped,skipped,skipped,skipped,skipped,skipped,skipped,3,9
3691,John YOUNG (Ind),Drew FILSON (Ind),skipped,skipped,skipped,skipped,skipped,skipped,skipped,skipped,3,9
3692,John YOUNG (Ind),Drew FILSON (Ind),skipped,skipped,skipped,skipped,skipped,skipped,skipped,skipped,3,9
3693,John YOUNG (Ind),Drew FILSON (Ind),skipped,skipped,skipped,skipped,skipped,skipped,skipped,skipped,3,9
3694,John YOUNG (Ind),Drew FILSON (Ind),skipped,skipped,skipped,skipped,skipped,skipped,skipped,skipped,3,9
3695,John YOUNG (Ind),Drew FILSON (Ind),skipped,skipped,skipped,skipped,skipped,skipped,skipped,skipped,3,9
3696,John YOUNG (Ind),Drew FILSON (Ind),skipped,skipped,skipped,skipped,skipped,skipped,skipped,skipped,3,9
3697,John YOUNG (Ind),Drew FILSON (Ind),skipped,skipped,skipped,skipped,skipped,skipped,skipped,skipped,3,9
3698,John YOUNG (Ind),Drew FILSON (Ind),skipped,skipped,skipped,skipped,skipped,skipped,skipped,skipped,3,9
3699,John YOUNG (Ind),Drew FILSON (Ind),skipped,skipped,skipped,skipped,skipped,skipped,skipped,skipped,3,9
3700,John YOUNG (Ind),Drew FILSON (Ind),skipped,skipped,skipped,skipped,skipped,skipped,skipped,skipped,3,9
3701,John YOUNG (Ind),Drew FILSON (Ind),skipped,skipped,skipped,skipped,skipped,skipped,skipped,skipped,3,9
3702,John YOUNG (Ind),Drew FILSON (Ind),skipped,skipped,skipped,skipped,skipped,skipped,skipped,skipped,3,9
3703,John YOUNG (Ind),Drew FILSON (Ind),skipped,skipped,skipped,skipped,skipped,skipped,skipped,skipped,3,9
3704,John YOUNG (Ind),Drew FILSON (Ind),skipped,skipped,skipped,skipped,skipped,skipped,skipped,skipped,3,9
3705,John YOUNG (Ind),Drew FILSON (Ind),skipped,skipped,skipped,skipped,skipped,skipped,skipped,skipped,3,9
3706,John YOUNG (Ind),Drew FILSON (Ind),skipped,skipped,skipped,skipped,skipped,skipped,skipped,skipped,3,9
3707,John YOUNG (Ind),Drew FILSON (Ind),skipped,skipped,skipped,skipped,skipped,skipped,skipped,skipped,3,9
3708,John YOUNG (Ind),Drew FILSON (Ind),skipped,skipped,skipped,skipped,skipped,skipped,skipped,skipped,3,9
3709,John YOUNG (Ind),Drew FILSON (Ind),skipped,skipped,skipped,skipped,skipped,skipped,skipped,skipped,3,9
3710,John YOUNG (Ind),Drew FILSON (Ind),skipped,skipped,skipped,skipped,skipped,skipped,skipped,skipped,3,9
3711,John YOUNG (Ind),Drew FILSON (Ind),skipped,skipped,skipped,skipped,skipped,skipped,skipped,skipped,3,9
3712,John YOUNG (Ind),Drew FILSON (Ind),John BELL (SNP),skipped,skipped,skipped,skipped,skipped,skipped,skipped,3,9
3713,John YOUNG (Ind),Drew FILSON (Ind),John BELL (SNP),skipped,skipped,skipped,skipped,skipped,skipped,skipped,3,9
3714,John YOUNG (Ind),Drew FILSON (Ind),John BELL (SNP),skipped,skipped,skipped,skipped,skipped,skipped,skipped,3,9
3715,John YOUNG (Ind),Drew FILSON (Ind),Elaine DINWOODIE (Lab),skipped,skipped,skipped,skipped,skipped,skipped,skipped,3,9
3716,John YOUNG (Ind),Drew FILSON (Ind),Elaine DINWOODIE (Lab),skipped,skipped,skipped,skipped,skipped,skipped,skipped,3,9
3717,John YOUNG (Ind),Drew FILSON (Ind),Elaine DINWOODIE (Lab),skipped,skipped,skipped,skipped,skipped,skipped,skipped,3,9
3718,John YOUNG (Ind),Drew FILSON (Ind),Elaine DINWOODIE (Lab),skipped,skipped,skipped,skipped,skipped,skipped,skipped,3,9
3719,John YOUNG (Ind),Drew FILSON (Ind),Elaine DINWOODIE (Lab),skipped,skipped,skipped,skipped,skipped,skipped,skipped,3,9
3720,John YOUNG (Ind),Drew FILSON (Ind),Elaine DINWOODIE (Lab),Craig MURRAY (Grn),skipped,skipped,skipped,skipped,skipped,skipped,3,9
3721,John YOUNG (Ind),Drew FILSON (Ind),Elaine DINWOODIE (Lab),Elaine STEWART (Lab),skipped,skipped,skipped,skipped,skipped,skipped,3,9
3722,John YOUNG (Ind),Drew FILSON (Ind),Elaine DINWOODIE (Lab),Elaine STEWART (Lab),skipped,skipped,skipped,skipped,skipped,skipped,3,9
3723,John YOUNG (Ind),Drew FILSON (Ind),Elaine DINWOODIE (Lab),Elaine STEWART (Lab),Craig MURRAY (Grn),skipped,skipped,skipped,skipped,skipped,3,9
3724,John YOUNG (Ind),Drew FILSON (Ind),Anne FAIRLIE (SNP),skipped,skipped,skipped,skipped,skipped,skipped,skipped,3,9
3725,John YOUNG (Ind),Drew FILSON (Ind),Anne FAIRLIE (SNP),skipped,skipped,skipped,skipped,skipped,skipped,skipped,3,9
3726,John YOUNG (Ind),Drew FILSON (Ind),Alison HARPER (C),skipped,skipped,skipped,skipped,skipped,skipped,skipped,3,9
3727,John YOUNG (Ind),Drew FILSON (Ind),Alison HARPER (C),skipped,skipped,skipped,skipped,skipped,skipped,skipped,3,9
3728,John YOUNG (Ind),Drew FILSON (Ind),Alison HARPER (C),skipped,skipped,skipped,skipped,skipped,skipped,skipped,3,9
3729,John YOUNG (Ind),Drew FILSON (Ind),Alison HARPER (C),skipped,skipped,skipped,skipped,skipped,skipped,skipped,3,9
3730,John YOUNG (Ind),Drew FILSON (Ind),Alison HARPER (C),skipped,skipped,skipped,skipped,skipped,skipped,skipped,3,9
3731,John YOUNG (Ind),Drew FILSON (Ind),Alison HARPER (C),skipped,skipped,skipped,skipped,skipped,skipped,skipped,3,9
3732,John YOUNG (Ind),Drew FILSON (Ind),Alison HARPER (C),skipped,skipped,skipped,skipped,skipped,skipped,skipped,3,9
3733,John YOUNG (Ind),Drew FILSON (Ind),Alison HARPER (C),skipped,skipped,skipped,skipped,skipped,skipped,skipped,3,9
3734,John YOUNG (Ind),Drew FILSON (Ind),Alison HARPER (C),Elaine DINWOODIE (Lab),skipped,skipped,skipped,skipped,skipped,skipped,3,9
3735,John YOUNG (Ind),Drew FILSON (Ind),Alison HARPER (C),Elaine DINWOODIE (Lab),Elaine STEWART (Lab),skipped,skipped,skipped,skipped,skipped,3,9
3736,John YOUNG (Ind),Drew FILSON (Ind),Alison HARPER (C),Anne FAIRLIE (SNP),skipped,skipped,skipped,skipped,skipped,skipped,3,9
3737,John YOUNG (Ind),Drew FILSON (Ind),Alison HARPER (C),Mark MITCHELL (Libtn),Elaine DINWOODIE (Lab),Elaine STEWART (Lab),Craig MURRAY (Grn),Anne FAIRLIE (SNP),John BELL (SNP),skipped,3,9
3738,John YOUNG (Ind),Drew FILSON (Ind),Alison HARPER (C),Craig MURRAY (Grn),Elaine DINWOODIE (Lab),Anne FAIRLIE (SNP),Mark MITCHELL (Libtn),Elaine STEWART (Lab),John BELL (SNP),skipped,3,9
3739,John YOUNG (Ind),Drew FILSON (Ind),Alison HARPER (C),Elaine STEWART (Lab),skipped,skipped,skipped,skipped,skipped,skipped,3,9
3740,John YOUNG (Ind),Drew FILSON (Ind),Alison HARPER (C),Elaine STEWART (Lab),Elaine DINWOODIE (Lab),Mark MITCHELL (Libtn),Craig MURRAY (Grn),John BELL (SNP),Anne FAIRLIE (SNP),skipped,3,9
3741,John YOUNG (Ind),Drew FILSON (Ind),Alison HARPER (C),Elaine STEWART (Lab),Craig MURRAY (Grn),Mark MITCHELL (Libtn),Elaine DINWOODIE (Lab),Anne FAIRLIE (SNP),John BELL (SNP),skipped,3,9
3742,John YOUNG (Ind),Drew FILSON (Ind),Alison HARPER (C),Elaine STEWART (Lab),Craig MURRAY (Grn),Mark MITCHELL (Libtn),Elaine DINWOODIE (Lab),Anne FAIRLIE (SNP),John BELL (SNP),skipped,3,9
3743,John YOUNG (Ind),Drew FILSON (Ind),Craig MURRAY (Grn),skipped,skipped,skipped,skipped,skipped,skipped,skipped,3,9
3744,John YOUNG (Ind),Drew FILSON (Ind),Craig MURRAY (Grn),skipped,skipped,skipped,skipped,skipped,skipped,skipped,3,9
3745,John YOUNG (Ind),Drew FILSON (Ind),Craig MURRAY (Grn),skipped,skipped,skipped,skipped,skipped,skipped,skipped,3,9
3746,John YOUNG (Ind),Drew FILSON (Ind),Craig MURRAY (Grn),skipped,skipped,skipped,skipped,skipped,skipped,skipped,3,9
3747,John YOUNG (Ind),Drew FILSON (Ind),Craig MURRAY (Grn),skipped,skipped,skipped,skipped,skipped,skipped,skipped,3,9
3748,John YOUNG (Ind),Drew FILSON (Ind),Craig MURRAY (Grn),skipped,skipped,skipped,skipped,skipped,skipped,skipped,3,9
3749,John YOUNG (Ind),Drew FILSON (Ind),Craig MURRAY (Grn),skipped,skipped,skipped,skipped,skipped,skipped,skipped,3,9
3750,John YOUNG (Ind),Drew FILSON (Ind),Craig MURRAY (Grn),skipped,skipped,skipped,skipped,skipped,skipped,skipped,3,9
3751,John YOUNG (Ind),Drew FILSON (Ind),Craig MURRAY (Grn),Elaine DINWOODIE (Lab),Elaine STEWART (Lab),skipped,skipped,skipped,skipped,skipped,3,9
3752,John YOUNG (Ind),Drew FILSON (Ind),Elaine STEWART (Lab),skipped,skipped,skipped,skipped,skipped,skipped,skipped,3,9
3753,John YOUNG (Ind),Drew FILSON (Ind),Elaine STEWART (Lab),skipped,skipped,skipped,skipped,skipped,skipped,skipped,3,9
3754,John YOUNG (Ind),Drew FILSON (Ind),Elaine STEWART (Lab),skipped,skipped,skipped,skipped,skipped,skipped,skipped,3,9
3755,John YOUNG (Ind),Drew FILSON (Ind),Elaine STEWART (Lab),skipped,skipped,skipped,skipped,skipped,skipped,skipped,3,9
3756,John YOUNG (Ind),Drew FILSON (Ind),Elaine STEWART (Lab),Elaine DINWOODIE (Lab),skipped,skipped,skipped,skipped,skipped,skipped,3,9
3757,John YOUNG (Ind),Alison HARPER (C),skipped,skipped,skipped,skipped,skipped,skipped,skipped,skipped,3,9
3758,John YOUNG (Ind),Alison HARPER (C),skipped,skipped,skipped,skipped,skipped,skipped,skipped,skipped,3,9
3759,John YOUNG (Ind),Alison HARPER (C),skipped,skipped,skipped,skipped,skipped,skipped,skipped,skipped,3,9
3760,John YOUNG (Ind),Alison HARPER (C),skipped,skipped,skipped,skipped,skipped,skipped,skipped,skipped,3,9
3761,John YOUNG (Ind),Alison HARPER (C),Elaine DINWOODIE (Lab),skipped,skipped,skipped,skipped,skipped,skipped,skipped,3,9
3762,John YOUNG (Ind),Alison HARPER (C),Drew FILSON (Ind),skipped,skipped,skipped,skipped,skipped,skipped,skipped,3,9
3763,John YOUNG (Ind),Alison HARPER (C),Drew FILSON (Ind),skipped,skipped,skipped,skipped,skipped,skipped,skipped,3,9
3764,John YOUNG (Ind),Alison HARPER (C),Drew FILSON (Ind),skipped,skipped,skipped,skipped,skipped,skipped,skipped,3,9
3765,John YOUNG (Ind),Alison HARPER (C),Drew FILSON (Ind),skipped,skipped,skipped,skipped,skipped,skipped,skipped,3,9
3766,John YOUNG (Ind),Alison HARPER (C),Drew FILSON (Ind),skipped,skipped,skipped,skipped,skipped,skipped,skipped,3,9
3767,John YOUNG (Ind),Alison HARPER (C),Drew FILSON (Ind),skipped,skipped,skipped,skipped,skipped,skipped,skipped,3,9
3768,John YOUNG (Ind),Alison HARPER (C),Drew FILSON (Ind),skipped,skipped,skipped,skipped,skipped,skipped,skipped,3,9
3769,John YOUNG (Ind),Alison HARPER (C),Drew FILSON (Ind),skipped,skipped,skipped,skipped,skipped,skipped,skipped,3,9
3770,John YOUNG (Ind),Alison HARPER (C),Drew FILSON (Ind),skipped,skipped,skipped,skipped,skipped,skipped,skipped,3,9
3771,John YOUNG (Ind),Alison HARPER (C),Drew FILSON (Ind),Elaine STEWART (Lab),skipped,skipped,skipped,skipped,skipped,skipped,3,9
3772,John YOUNG (Ind),Alison HARPER (C),Craig MURRAY (Grn),Elaine DINWOODIE (Lab),skipped,skipped,skipped,skipped,skipped,skipped,3,9
3773,John YOUNG (Ind),Alison HARPER (C),Elaine STEWART (Lab),skipped,skipped,skipped,skipped,skipped,skipped,skipped,3,9
3774,John YOUNG (Ind),Mark MITCHELL (Libtn),John BELL (SNP),skipped,skipped,skipped,skipped,skipped,skipped,skipped,3,9
3775,John YOUNG (Ind),Mark MITCHELL (Libtn),Drew FILSON (Ind),Craig MURRAY (Grn),Elaine STEWART (Lab),Elaine DINWOODIE (Lab),Alison HARPER (C),John BELL (SNP),Anne FAIRLIE (SNP),skipped,3,9
3776,John YOUNG (Ind),Craig MURRAY (Grn),skipped,skipped,skipped,skipped,skipped,skipped,skipped,skipped,3,9
3777,John YOUNG (Ind),Craig MURRAY (Grn),John BELL (SNP),skipped,skipped,skipped,skipped,skipped,skipped,skipped,3,9
3778,John YOUNG (Ind),Craig MURRAY (Grn),Anne FAIRLIE (SNP),skipped,skipped,skipped,skipped,skipped,skipped,skipped,3,9
3779,John YOUNG (Ind),Craig MURRAY (Grn),Anne FAIRLIE (SNP),skipped,skipped,skipped,skipped,skipped,skipped,skipped,3,9
3780,John YOUNG (Ind),Craig MURRAY (Grn),Anne FAIRLIE (SNP),skipped,skipped,skipped,skipped,skipped,skipped,skipped,3,9
3781,John YOUNG (Ind),Craig MURRAY (Grn),Anne FAIRLIE (SNP),John BELL (SNP),Elaine DINWOODIE (Lab),Elaine STEWART (Lab),Mark MITCHELL (Libtn),Drew FILSON (Ind),Alison HARPER (C),skipped,3,9
3782,John YOUNG (Ind),Craig MURRAY (Grn),Drew FILSON (Ind),skipped,skipped,skipped,skipped,skipped,skipped,skipped,3,9
3783,John YOUNG (Ind),Craig MURRAY (Grn),Drew FILSON (Ind),Elaine DINWOODIE (Lab),Elaine STEWART (Lab),skipped,skipped,skipped,skipped,skipped,3,9
3784,John YOUNG (Ind),Craig MURRAY (Grn),Mark MITCHELL (Libtn),skipped,skipped,skipped,skipped,skipped,skipped,skipped,3,9
3785,John YOUNG (Ind),Craig MURRAY (Grn),Mark MITCHELL (Libtn),Drew FILSON (Ind),Alison HARPER (C),Elaine STEWART (Lab),Elaine DINWOODIE (Lab),Anne FAIRLIE (SNP),John BELL (SNP),skipped,3,9
3786,John YOUNG (Ind),Craig MURRAY (Grn),Mark MITCHELL (Libtn),Drew FILSON (Ind),Elaine STEWART (Lab),Anne FAIRLIE (SNP),John BELL (SNP),Alison HARPER (C),Elaine DINWOODIE (Lab),skipped,3,9
3787,John YOUNG (Ind),Elaine STEWART (Lab),skipped,skipped,skipped,skipped,skipped,skipped,skipped,skipped,3,9
3788,John YOUNG (Ind),Elaine STEWART (Lab),skipped,skipped,skipped,skipped,skipped,skipped,skipped,skipped,3,9
3789,John YOUNG (Ind),Elaine STEWART (Lab),Elaine DINWOODIE (Lab),skipped,skipped,skipped,skipped,skipped,skipped,skipped,3,9
3790,John YOUNG (Ind),Elaine STEWART (Lab),Elaine DINWOODIE (Lab),skipped,skipped,skipped,skipped,skipped,skipped,skipped,3,9
3791,John YOUNG (Ind),Elaine STEWART (Lab),Elaine DINWOODIE (Lab),skipped,skipped,skipped,skipped,skipped,skipped,skipped,3,9
3792,John YOUNG (Ind),Elaine STEWART (Lab),Elaine DINWOODIE (Lab),skipped,skipped,skipped,skipped,skipped,skipped,skipped,3,9
3793,John YOUNG (Ind),Elaine STEWART (Lab),Elaine DINWOODIE (Lab),Drew FILSON (Ind),skipped,skipped,skipped,skipped,skipped,skipped,3,9
3794,John YOUNG (Ind),Elaine STEWART (Lab),Elaine DINWOODIE (Lab),Drew FILSON (Ind),skipped,skipped,skipped,skipped,skipped,skipped,3,9
3795,John YOUNG (Ind),Elaine STEWART (Lab),Elaine DINWOODIE (Lab),Drew FILSON (Ind),John BELL (SNP),skipped,skipped,skipped,skipped,skipped,3,9
3796,John YOUNG (Ind),Elaine STEWART (Lab),Elaine DINWOODIE (Lab),Alison HARPER (C),skipped,skipped,skipped,skipped,skipped,skipped,3,9
3797,John YOUNG (Ind),Elaine STEWART (Lab),Elaine DINWOODIE (Lab),Alison HARPER (C),skipped,skipped,skipped,skipped,skipped,skipped,3,9
3798,John YOUNG (Ind),Elaine STEWART (Lab),Elaine DINWOODIE (Lab),Alison HARPER (C),skipped,skipped,skipped,skipped,skipped,skipped,3,9
3799,John YOUNG (Ind),Elaine STEWART (Lab),Anne FAIRLIE (SNP),John BELL (SNP),Drew FILSON (Ind),Elaine DINWOODIE (Lab),skipped,skipped,skipped,skipped,3,9
3800,John YOUNG (Ind),Elaine STEWART (Lab),Drew FILSON (Ind),skipped,skipped,skipped,skipped,skipped,skipped,skipped,3,9
3801,John YOUNG (Ind),Elaine STEWART (Lab),Drew FILSON (Ind),Elaine DINWOODIE (Lab),Anne FAIRLIE (SNP),Alison HARPER (C),Mark MITCHELL (Libtn),Craig MURRAY (Grn),John BELL (SNP),skipped,3,9
3802,John YOUNG (Ind),Elaine STEWART (Lab),Drew FILSON (Ind),Elaine DINWOODIE (Lab),Alison HARPER (C),skipped,skipped,skipped,skipped,skipped,3,9
3803,John YOUNG (Ind),Elaine STEWART (Lab),Drew FILSON (Ind),Elaine DINWOODIE (Lab),Mark MITCHELL (Libtn),Craig MURRAY (Grn),Alison HARPER (C),John BELL (SNP),skipped,skipped,3,9
3804,John YOUNG (Ind),Elaine STEWART (Lab),Drew FILSON (Ind),Elaine DINWOODIE (Lab),Craig MURRAY (Grn),Mark MITCHELL (Libtn),Alison HARPER (C),Anne FAIRLIE (SNP),John BELL (SNP),skipped,3,9
3805,John YOUNG (Ind),Elaine STEWART (Lab),Drew FILSON (Ind),Alison HARPER (C),skipped,skipped,skipped,skipped,skipped,skipped,3,9
3806,John YOUNG (Ind),Elaine STEWART (Lab),Alison HARPER (C),skipped,skipped,skipped,skipped,skipped,skipped,skipped,3,9
