voterId,rank1,rank2,rank3,rank4,rank5,rank6,rank7,rank8,rank9,numSeats,numCands
0,Kenneth GUNN (Ind),skipped,skipped,skipped,skipped,skipped,skipped,skipped,skipped,,9
1,Kenneth GUNN (Ind),skipped,skipped,skipped,skipped,skipped,skipped,skipped,skipped,,9
2,Kenneth GUNN (Ind),skipped,skipped,skipped,skipped,skipped,skipped,skipped,skipped,,9
3,Kenneth GUNN (Ind),skipped,skipped,skipped,skipped,skipped,skipped,skipped,skipped,,9
4,Kenneth GUNN (Ind),skipped,skipped,skipped,skipped,skipped,skipped,skipped,skipped,,9
5,Kenneth GUNN (Ind),skipped,skipped,skipped,skipped,skipped,skipped,skipped,skipped,,9
6,Kenneth GUNN (Ind),skipped,skipped,skipped,skipped,skipped,skipped,skipped,skipped,,9
7,Kenneth GUNN (Ind),skipped,skipped,skipped,skipped,skipped,skipped,skipped,skipped,,9
8,Kenneth GUNN (Ind),skipped,skipped,skipped,skipped,skipped,skipped,skipped,skipped,,9
9,Kenneth GUNN (Ind),skipped,skipped,skipped,skipped,skipped,skipped,skipped,skipped,,9
10,Kenneth GUNN (Ind),skipped,skipped,skipped,skipped,skipped,skipped,skipped,skipped,,9
11,Kenneth GUNN (Ind),skipped,skipped,skipped,skipped,skipped,skipped,skipped,skipped,,9
12,Kenneth GUNN (Ind),skipped,skipped,skipped,skipped,skipped,skipped,skipped,skipped,,9
13,Kenneth GUNN (Ind),skipped,skipped,skipped,skipped,skipped,skipped,skipped,skipped,,9
14,Kenneth GUNN (Ind),skipped,skipped,skipped,skipped,skipped,skipped,skipped,skipped,,9
15,Kenneth GUNN (Ind),skipped,skipped,skipped,skipped,skipped,skipped,skipped,skipped,,9
16,Kenneth GUNN (Ind),skipped,skipped,skipped,skipped,skipped,skipped,skipped,skipped,,9
17,Kenneth GUNN (Ind),skipped,skipped,skipped,skipped,skipped,skipped,skipped,skipped,,9
18,Kenneth GUNN (Ind),skipped,skipped,skipped,skipped,skipped,skipped,skipped,skipped,,9
19,Kenneth GUNN (Ind),skipped,skipped,skipped,skipped,skipped,skipped,skipped,skipped,,9
20,Kenneth GUNN (Ind),skipped,skipped,skipped,skipped,skipped,skipped,skipped,skipped,,9
21,Kenneth GUNN (Ind),skipped,skipped,skipped,skipped,skipped,skipped,skipped,skipped,,9
22,Kenneth GUNN (Ind),skipped,skipped,skipped,skipped,skipped,skipped,skipped,skipped,,9
23,Kenneth GUNN (Ind),skipped,skipped,skipped,skipped,skipped,skipped,skipped,skipped,,9
24,Kenneth GUNN (Ind),skipped,skipped,skipped,skipped,skipped,skipped,skipped,skipped,,9
25,Kenneth GUNN (Ind),skipped,skipped,skipped,skipped,skipped,skipped,skipped,skipped,,9
26,Kenneth GUNN (Ind),skipped,skipped,skipped,skipped,skipped,skipped,skipped,skipped,,9
27,Kenneth GUNN (Ind),skipped,skipped,skipped,skipped,skipped,skipped,skipped,skipped,,9
28,Kenneth GUNN (Ind),skipped,skipped,skipped,skipped,skipped,skipped,skipped,skipped,,9
29,Kenneth GUNN (Ind),skipped,skipped,skipped,skipped,skipped,skipped,skipped,skipped,,9
30,Kenneth GUNN (Ind),skipped,skipped,skipped,skipped,skipped,skipped,skipped,skipped,,9
31,Kenneth GUNN (Ind),skipped,skipped,skipped,skipped,skipped,skipped,skipped,skipped,,9
32,Kenneth GUNN (Ind),skipped,skipped,skipped,skipped,skipped,skipped,skipped,skipped,,9
33,Kenneth GUNN (Ind),skipped,skipped,skipped,skipped,skipped,skipped,skipped,skipped,,9
34,Kenneth GUNN (Ind),skipped,skipped,skipped,skipped,skipped,skipped,skipped,skipped,,9
35,Kenneth GUNN (Ind),skipped,skipped,skipped,skipped,skipped,skipped,skipped,skipped,,9
36,Kenneth GUNN (Ind),skipped,skipped,skipped,skipped,skipped,skipped,skipped,skipped,,9
37,Kenneth GUNN (Ind),skipped,skipped,skipped,skipped,skipped,skipped,skipped,skipped,,9
38,Kenneth GUNN (Ind),skipped,skipped,skipped,skipped,skipped,skipped,skipped,skipped,,9
39,Kenneth GUNN (Ind),skipped,skipped,skipped,skipped,skipped,skipped,skipped,skipped,,9
40,Kenneth GUNN (Ind),skipped,skipped,skipped,skipped,skipped,skipped,skipped,skipped,,9
41,Kenneth GUNN (Ind),skipped,skipped,skipped,skipped,skipped,skipped,skipped,skipped,,9
42,Kenneth GUNN (Ind),skipped,skipped,skipped,skipped,skipped,skipped,skipped,skipped,,9
43,Kenneth GUNN (Ind),skipped,skipped,skipped,skipped,skipped,skipped,skipped,skipped,,9
44,Kenneth GUNN (Ind),skipped,skipped,skipped,skipped,skipped,skipped,skipped,skipped,,9
45,Kenneth GUNN (Ind),skipped,skipped,skipped,skipped,skipped,skipped,skipped,skipped,,9
46,Kenneth GUNN (Ind),skipped,skipped,skipped,skipped,skipped,skipped,skipped,skipped,,9
47,Kenneth GUNN (Ind),skipped,skipped,skipped,skipped,skipped,skipped,skipped,skipped,,9
48,Kenneth GUNN (Ind),skipped,skipped,skipped,skipped,skipped,skipped,skipped,skipped,,9
49,Kenneth GUNN (Ind),skipped,skipped,skipped,skipped,skipped,skipped,skipped,skipped,,9
50,Kenneth GUNN (Ind),skipped,skipped,skipped,skipped,skipped,skipped,skipped,skipped,,9
51,Kenneth GUNN (Ind),skipped,skipped,skipped,skipped,skipped,skipped,skipped,skipped,,9
52,Kenneth GUNN (Ind),skipped,skipped,skipped,skipped,skipped,skipped,skipped,skipped,,9
53,Kenneth GUNN (Ind),skipped,skipped,skipped,skipped,skipped,skipped,skipped,skipped,,9
54,Kenneth GUNN (Ind),skipped,skipped,skipped,skipped,skipped,skipped,skipped,skipped,,9
55,Kenneth GUNN (Ind),skipped,skipped,skipped,skipped,skipped,skipped,skipped,skipped,,9
56,Kenneth GUNN (Ind),skipped,skipped,skipped,skipped,skipped,skipped,skipped,skipped,,9
57,Kenneth GUNN (Ind),skipped,skipped,skipped,skipped,skipped,skipped,skipped,skipped,,9
58,Kenneth GUNN (Ind),skipped,skipped,skipped,skipped,skipped,skipped,skipped,skipped,,9
59,Kenneth GUNN (Ind),skipped,skipped,skipped,skipped,skipped,skipped,skipped,skipped,,9
60,Kenneth GUNN (Ind),skipped,skipped,skipped,skipped,skipped,skipped,skipped,skipped,,9
61,Kenneth GUNN (Ind),skipped,skipped,skipped,skipped,skipped,skipped,skipped,skipped,,9
62,Kenneth GUNN (Ind),skipped,skipped,skipped,skipped,skipped,skipped,skipped,skipped,,9
63,Kenneth GUNN (Ind),skipped,skipped,skipped,skipped,skipped,skipped,skipped,skipped,,9
64,Kenneth GUNN (Ind),skipped,skipped,skipped,skipped,skipped,skipped,skipped,skipped,,9
65,Kenneth GUNN (Ind),skipped,skipped,skipped,skipped,skipped,skipped,skipped,skipped,,9
66,Kenneth GUNN (Ind),skipped,skipped,skipped,skipped,skipped,skipped,skipped,skipped,,9
67,Kenneth GUNN (Ind),skipped,skipped,skipped,skipped,skipped,skipped,skipped,skipped,,9
68,Kenneth GUNN (Ind),skipped,skipped,skipped,skipped,skipped,skipped,skipped,skipped,,9
69,Kenneth GUNN (Ind),skipped,skipped,skipped,skipped,skipped,skipped,skipped,skipped,,9
70,Kenneth GUNN (Ind),skipped,skipped,skipped,skipped,skipped,skipped,skipped,skipped,,9
71,Kenneth GUNN (Ind),skipped,skipped,skipped,skipped,skipped,skipped,skipped,skipped,,9
72,Kenneth GUNN (Ind),Elaine THORNTON-NICOL (SNP),skipped,skipped,skipped,skipped,skipped,skipped,skipped,,9
73,Kenneth GUNN (Ind),Elaine THORNTON-NICOL (SNP),skipped,skipped,skipped,skipped,skipped,skipped,skipped,,9
74,Kenneth GUNN (Ind),Elaine THORNTON-NICOL (SNP),skipped,skipped,skipped,skipped,skipped,skipped,skipped,,9
75,Kenneth GUNN (Ind),Elaine THORNTON-NICOL (SNP),skipped,skipped,skipped,skipped,skipped,skipped,skipped,,9
76,Kenneth GUNN (Ind),Elaine THORNTON-NICOL (SNP),skipped,skipped,skipped,skipped,skipped,skipped,skipped,,9
77,Kenneth GUNN (Ind),Elaine THORNTON-NICOL (SNP),skipped,skipped,skipped,skipped,skipped,skipped,skipped,,9
78,Kenneth GUNN (Ind),Elaine THORNTON-NICOL (SNP),skipped,skipped,skipped,skipped,skipped,skipped,skipped,,9
79,Kenneth GUNN (Ind),Elaine THORNTON-NICOL (SNP),skipped,skipped,skipped,skipped,skipped,skipped,skipped,,9
80,Kenneth GUNN (Ind),Elaine THORNTON-NICOL (SNP),skipped,skipped,skipped,skipped,skipped,skipped,skipped,,9
81,Kenneth GUNN (Ind),Elaine THORNTON-NICOL (SNP),skipped,skipped,skipped,skipped,skipped,skipped,skipped,,9
82,Kenneth GUNN (Ind),Elaine THORNTON-NICOL (SNP),skipped,skipped,skipped,skipped,skipped,skipped,skipped,,9
83,Kenneth GUNN (Ind),Elaine THORNTON-NICOL (SNP),skipped,skipped,skipped,skipped,skipped,skipped,skipped,,9
84,Kenneth GUNN (Ind),Elaine THORNTON-NICOL (SNP),Barbara HARVIE (Grn),skipped,skipped,skipped,skipped,skipped,skipped,,9
85,Kenneth GUNN (Ind),Elaine THORNTON-NICOL (SNP),Barbara HARVIE (Grn),skipped,skipped,skipped,skipped,skipped,skipped,,9
86,Kenneth GUNN (Ind),Elaine THORNTON-NICOL (SNP),Barbara HARVIE (Grn),skipped,skipped,skipped,skipped,skipped,skipped,,9
87,Kenneth GUNN (Ind),Elaine THORNTON-NICOL (SNP),Barbara HARVIE (Grn),skipped,skipped,skipped,skipped,skipped,skipped,,9
88,Kenneth GUNN (Ind),Elaine THORNTON-NICOL (SNP),Barbara HARVIE (Grn),David BLACK (Ind),Gordon EDGAR (Ind),Scott REDPATH (Lab),Nancy NORMAN (LD),Michelle BALLANTYNE (Con),skipped,,9
89,Kenneth GUNN (Ind),Elaine THORNTON-NICOL (SNP),Barbara HARVIE (Grn),Gordon EDGAR (Ind),skipped,skipped,skipped,skipped,skipped,,9
90,Kenneth GUNN (Ind),Elaine THORNTON-NICOL (SNP),Barbara HARVIE (Grn),Scott REDPATH (Lab),Nancy NORMAN (LD),David BLACK (Ind),Michelle BALLANTYNE (Con),Gordon EDGAR (Ind),skipped,,9
91,Kenneth GUNN (Ind),Elaine THORNTON-NICOL (SNP),Barbara HARVIE (Grn),Scott REDPATH (Lab),Nancy NORMAN (LD),David BLACK (Ind),Gordon EDGAR (Ind),Michelle BALLANTYNE (Con),skipped,,9
92,Kenneth GUNN (Ind),Elaine THORNTON-NICOL (SNP),Michelle BALLANTYNE (Con),skipped,skipped,skipped,skipped,skipped,skipped,,9
93,Kenneth GUNN (Ind),Elaine THORNTON-NICOL (SNP),Michelle BALLANTYNE (Con),skipped,skipped,skipped,skipped,skipped,skipped,,9
94,Kenneth GUNN (Ind),Elaine THORNTON-NICOL (SNP),Michelle BALLANTYNE (Con),skipped,skipped,skipped,skipped,skipped,skipped,,9
95,Kenneth GUNN (Ind),Elaine THORNTON-NICOL (SNP),Michelle BALLANTYNE (Con),Scott REDPATH (Lab),Nancy NORMAN (LD),Barbara HARVIE (Grn),David BLACK (Ind),Gordon EDGAR (Ind),skipped,,9
96,Kenneth GUNN (Ind),Elaine THORNTON-NICOL (SNP),Michelle BALLANTYNE (Con),skipped,skipped,skipped,skipped,skipped,skipped,,9
97,Kenneth GUNN (Ind),Elaine THORNTON-NICOL (SNP),David BLACK (Ind),skipped,skipped,skipped,skipped,skipped,skipped,,9
98,Kenneth GUNN (Ind),Elaine THORNTON-NICOL (SNP),David BLACK (Ind),Barbara HARVIE (Grn),Scott REDPATH (Lab),Nancy NORMAN (LD),Gordon EDGAR (Ind),Michelle BALLANTYNE (Con),skipped,,9
99,Kenneth GUNN (Ind),Elaine THORNTON-NICOL (SNP),Gordon EDGAR (Ind),skipped,skipped,skipped,skipped,skipped,skipped,,9
100,Kenneth GUNN (Ind),Elaine THORNTON-NICOL (SNP),Gordon EDGAR (Ind),skipped,skipped,skipped,skipped,skipped,skipped,,9
101,Kenneth GUNN (Ind),Elaine THORNTON-NICOL (SNP),Gordon EDGAR (Ind),Barbara HARVIE (Grn),skipped,skipped,skipped,skipped,skipped,,9
102,Kenneth GUNN (Ind),Elaine THORNTON-NICOL (SNP),Nancy NORMAN (LD),skipped,skipped,skipped,skipped,skipped,skipped,,9
103,Kenneth GUNN (Ind),Elaine THORNTON-NICOL (SNP),Nancy NORMAN (LD),skipped,skipped,skipped,skipped,skipped,skipped,,9
104,Kenneth GUNN (Ind),Elaine THORNTON-NICOL (SNP),Nancy NORMAN (LD),skipped,skipped,skipped,skipped,skipped,skipped,,9
105,Kenneth GUNN (Ind),Elaine THORNTON-NICOL (SNP),Nancy NORMAN (LD),Gordon EDGAR (Ind),David BLACK (Ind),skipped,skipped,skipped,skipped,,9
106,Kenneth GUNN (Ind),Elaine THORNTON-NICOL (SNP),Scott REDPATH (Lab),skipped,skipped,skipped,skipped,skipped,skipped,,9
107,Kenneth GUNN (Ind),Elaine THORNTON-NICOL (SNP),Scott REDPATH (Lab),skipped,skipped,skipped,skipped,skipped,skipped,,9
108,Kenneth GUNN (Ind),Elaine THORNTON-NICOL (SNP),Scott REDPATH (Lab),Barbara HARVIE (Grn),Gordon EDGAR (Ind),David BLACK (Ind),Nancy NORMAN (LD),Michelle BALLANTYNE (Con),skipped,,9
109,Kenneth GUNN (Ind),Elaine THORNTON-NICOL (SNP),Scott REDPATH (Lab),Gordon EDGAR (Ind),Nancy NORMAN (LD),Barbara HARVIE (Grn),David BLACK (Ind),skipped,skipped,,9
110,Kenneth GUNN (Ind),Barbara HARVIE (Grn),skipped,skipped,skipped,skipped,skipped,skipped,skipped,,9
111,Kenneth GUNN (Ind),Barbara HARVIE (Grn),skipped,skipped,skipped,skipped,skipped,skipped,skipped,,9
112,Kenneth GUNN (Ind),Barbara HARVIE (Grn),skipped,skipped,skipped,skipped,skipped,skipped,skipped,,9
113,Kenneth GUNN (Ind),Barbara HARVIE (Grn),Elaine THORNTON-NICOL (SNP),Michelle BALLANTYNE (Con),skipped,skipped,skipped,skipped,skipped,,9
114,Kenneth GUNN (Ind),Barbara HARVIE (Grn),Elaine THORNTON-NICOL (SNP),Scott REDPATH (Lab),skipped,skipped,skipped,skipped,skipped,,9
115,Kenneth GUNN (Ind),Barbara HARVIE (Grn),Elaine THORNTON-NICOL (SNP),Scott REDPATH (Lab),skipped,skipped,skipped,skipped,skipped,,9
116,Kenneth GUNN (Ind),Barbara HARVIE (Grn),Michelle BALLANTYNE (Con),skipped,skipped,skipped,skipped,skipped,skipped,,9
117,Kenneth GUNN (Ind),Barbara HARVIE (Grn),Michelle BALLANTYNE (Con),skipped,skipped,skipped,skipped,skipped,skipped,,9
118,Kenneth GUNN (Ind),Barbara HARVIE (Grn),Michelle BALLANTYNE (Con),skipped,skipped,skipped,skipped,skipped,skipped,,9
119,Kenneth GUNN (Ind),Barbara HARVIE (Grn),Gordon EDGAR (Ind),skipped,skipped,skipped,skipped,skipped,skipped,,9
120,Kenneth GUNN (Ind),Barbara HARVIE (Grn),Gordon EDGAR (Ind),Elaine THORNTON-NICOL (SNP),skipped,skipped,skipped,skipped,skipped,,9
121,Kenneth GUNN (Ind),Barbara HARVIE (Grn),Nancy NORMAN (LD),skipped,skipped,skipped,skipped,skipped,skipped,,9
122,Kenneth GUNN (Ind),Barbara HARVIE (Grn),Scott REDPATH (Lab),skipped,skipped,skipped,skipped,skipped,skipped,,9
123,Kenneth GUNN (Ind),Barbara HARVIE (Grn),Scott REDPATH (Lab),skipped,skipped,skipped,skipped,skipped,skipped,,9
124,Kenneth GUNN (Ind),Barbara HARVIE (Grn),Scott REDPATH (Lab),skipped,skipped,skipped,skipped,skipped,skipped,,9
125,Kenneth GUNN (Ind),Barbara HARVIE (Grn),Scott REDPATH (Lab),skipped,skipped,skipped,skipped,skipped,skipped,,9
126,Kenneth GUNN (Ind),Michelle BALLANTYNE (Con),skipped,skipped,skipped,skipped,skipped,skipped,skipped,,9
127,Kenneth GUNN (Ind),Michelle BALLANTYNE (Con),skipped,skipped,skipped,skipped,skipped,skipped,skipped,,9
128,Kenneth GUNN (Ind),Michelle BALLANTYNE (Con),skipped,skipped,skipped,skipped,skipped,skipped,skipped,,9
129,Kenneth GUNN (Ind),Michelle BALLANTYNE (Con),skipped,skipped,skipped,skipped,skipped,skipped,skipped,,9
130,Kenneth GUNN (Ind),Michelle BALLANTYNE (Con),skipped,skipped,skipped,skipped,skipped,skipped,skipped,,9
131,Kenneth GUNN (Ind),Michelle BALLANTYNE (Con),skipped,skipped,skipped,skipped,skipped,skipped,skipped,,9
132,Kenneth GUNN (Ind),Michelle BALLANTYNE (Con),skipped,skipped,skipped,skipped,skipped,skipped,skipped,,9
133,Kenneth GUNN (Ind),Michelle BALLANTYNE (Con),skipped,skipped,skipped,skipped,skipped,skipped,skipped,,9
134,Kenneth GUNN (Ind),Michelle BALLANTYNE (Con),skipped,skipped,skipped,skipped,skipped,skipped,skipped,,9
135,Kenneth GUNN (Ind),Michelle BALLANTYNE (Con),skipped,skipped,skipped,skipped,skipped,skipped,skipped,,9
136,Kenneth GUNN (Ind),Michelle BALLANTYNE (Con),skipped,skipped,skipped,skipped,skipped,skipped,skipped,,9
137,Kenneth GUNN (Ind),Michelle BALLANTYNE (Con),skipped,skipped,skipped,skipped,skipped,skipped,skipped,,9
138,Kenneth GUNN (Ind),Michelle BALLANTYNE (Con),skipped,skipped,skipped,skipped,skipped,skipped,skipped,,9
139,Kenneth GUNN (Ind),Michelle BALLANTYNE (Con),skipped,skipped,skipped,skipped,skipped,skipped,skipped,,9
140,Kenneth GUNN (Ind),Michelle BALLANTYNE (Con),skipped,skipped,skipped,skipped,skipped,skipped,skipped,,9
141,Kenneth GUNN (Ind),Michelle BALLANTYNE (Con),skipped,skipped,skipped,skipped,skipped,skipped,skipped,,9
142,Kenneth GUNN (Ind),Michelle BALLANTYNE (Con),skipped,skipped,skipped,skipped,skipped,skipped,skipped,,9
143,Kenneth GUNN (Ind),Michelle BALLANTYNE (Con),skipped,skipped,skipped,skipped,skipped,skipped,skipped,,9
144,Kenneth GUNN (Ind),Michelle BALLANTYNE (Con),skipped,skipped,skipped,skipped,skipped,skipped,skipped,,9
145,Kenneth GUNN (Ind),Michelle BALLANTYNE (Con),skipped,skipped,skipped,skipped,skipped,skipped,skipped,,9
146,Kenneth GUNN (Ind),Michelle BALLANTYNE (Con),skipped,skipped,skipped,skipped,skipped,skipped,skipped,,9
147,Kenneth GUNN (Ind),Michelle BALLANTYNE (Con),skipped,skipped,skipped,skipped,skipped,skipped,skipped,,9
148,Kenneth GUNN (Ind),Michelle BALLANTYNE (Con),skipped,skipped,skipped,skipped,skipped,skipped,skipped,,9
149,Kenneth GUNN (Ind),Michelle BALLANTYNE (Con),skipped,skipped,skipped,skipped,skipped,skipped,skipped,,9
150,Kenneth GUNN (Ind),Michelle BALLANTYNE (Con),skipped,skipped,skipped,skipped,skipped,skipped,skipped,,9
151,Kenneth GUNN (Ind),Michelle BALLANTYNE (Con),skipped,skipped,skipped,skipped,skipped,skipped,skipped,,9
152,Kenneth GUNN (Ind),Michelle BALLANTYNE (Con),skipped,skipped,skipped,skipped,skipped,skipped,skipped,,9
153,Kenneth GUNN (Ind),Michelle BALLANTYNE (Con),skipped,skipped,skipped,skipped,skipped,skipped,skipped,,9
154,Kenneth GUNN (Ind),Michelle BALLANTYNE (Con),skipped,skipped,skipped,skipped,skipped,skipped,skipped,,9
155,Kenneth GUNN (Ind),Michelle BALLANTYNE (Con),Elaine THORNTON-NICOL (SNP),skipped,skipped,skipped,skipped,skipped,skipped,,9
156,Kenneth GUNN (Ind),Michelle BALLANTYNE (Con),Elaine THORNTON-NICOL (SNP),skipped,skipped,skipped,skipped,skipped,skipped,,9
157,Kenneth GUNN (Ind),Michelle BALLANTYNE (Con),Elaine THORNTON-NICOL (SNP),skipped,skipped,skipped,skipped,skipped,skipped,,9
158,Kenneth GUNN (Ind),Michelle BALLANTYNE (Con),Elaine THORNTON-NICOL (SNP),skipped,skipped,skipped,skipped,skipped,skipped,,9
159,Kenneth GUNN (Ind),Michelle BALLANTYNE (Con),Elaine THORNTON-NICOL (SNP),Gordon EDGAR (Ind),skipped,skipped,skipped,skipped,skipped,,9
160,Kenneth GUNN (Ind),Michelle BALLANTYNE (Con),Barbara HARVIE (Grn),David BLACK (Ind),skipped,skipped,skipped,skipped,skipped,,9
161,Kenneth GUNN (Ind),Michelle BALLANTYNE (Con),Barbara HARVIE (Grn),Gordon EDGAR (Ind),skipped,skipped,skipped,skipped,skipped,,9
162,Kenneth GUNN (Ind),Michelle BALLANTYNE (Con),Barbara HARVIE (Grn),Gordon EDGAR (Ind),David BLACK (Ind),skipped,skipped,skipped,skipped,,9
163,Kenneth GUNN (Ind),Michelle BALLANTYNE (Con),skipped,skipped,skipped,skipped,skipped,skipped,skipped,,9
164,Kenneth GUNN (Ind),Michelle BALLANTYNE (Con),skipped,skipped,skipped,skipped,skipped,skipped,skipped,,9
165,Kenneth GUNN (Ind),Michelle BALLANTYNE (Con),skipped,skipped,skipped,skipped,skipped,skipped,skipped,,9
166,Kenneth GUNN (Ind),Michelle BALLANTYNE (Con),skipped,skipped,skipped,skipped,skipped,skipped,skipped,,9
167,Kenneth GUNN (Ind),Michelle BALLANTYNE (Con),skipped,skipped,skipped,skipped,skipped,skipped,skipped,,9
168,Kenneth GUNN (Ind),Michelle BALLANTYNE (Con),skipped,skipped,skipped,skipped,skipped,skipped,skipped,,9
169,Kenneth GUNN (Ind),Michelle BALLANTYNE (Con),skipped,skipped,skipped,skipped,skipped,skipped,skipped,,9
170,Kenneth GUNN (Ind),Michelle BALLANTYNE (Con),skipped,skipped,skipped,skipped,skipped,skipped,skipped,,9
171,Kenneth GUNN (Ind),Michelle BALLANTYNE (Con),skipped,skipped,skipped,skipped,skipped,skipped,skipped,,9
172,Kenneth GUNN (Ind),Michelle BALLANTYNE (Con),skipped,skipped,skipped,skipped,skipped,skipped,skipped,,9
173,Kenneth GUNN (Ind),Michelle BALLANTYNE (Con),skipped,skipped,skipped,skipped,skipped,skipped,skipped,,9
174,Kenneth GUNN (Ind),Michelle BALLANTYNE (Con),skipped,skipped,skipped,skipped,skipped,skipped,skipped,,9
175,Kenneth GUNN (Ind),Michelle BALLANTYNE (Con),skipped,skipped,skipped,skipped,skipped,skipped,skipped,,9
176,Kenneth GUNN (Ind),Michelle BALLANTYNE (Con),David BLACK (Ind),skipped,skipped,skipped,skipped,skipped,skipped,,9
177,Kenneth GUNN (Ind),Michelle BALLANTYNE (Con),David BLACK (Ind),Gordon EDGAR (Ind),Scott REDPATH (Lab),Nancy NORMAN (LD),Barbara HARVIE (Grn),Elaine THORNTON-NICOL (SNP),skipped,,9
178,Kenneth GUNN (Ind),Michelle BALLANTYNE (Con),Gordon EDGAR (Ind),skipped,skipped,skipped,skipped,skipped,skipped,,9
179,Kenneth GUNN (Ind),Michelle BALLANTYNE (Con),Gordon EDGAR (Ind),skipped,skipped,skipped,skipped,skipped,skipped,,9
180,Kenneth GUNN (Ind),Michelle BALLANTYNE (Con),Gordon EDGAR (Ind),skipped,skipped,skipped,skipped,skipped,skipped,,9
181,Kenneth GUNN (Ind),Michelle BALLANTYNE (Con),Gordon EDGAR (Ind),skipped,skipped,skipped,skipped,skipped,skipped,,9
182,Kenneth GUNN (Ind),Michelle BALLANTYNE (Con),Nancy NORMAN (LD),Scott REDPATH (Lab),David BLACK (Ind),Barbara HARVIE (Grn),Gordon EDGAR (Ind),Elaine THORNTON-NICOL (SNP),skipped,,9
183,Kenneth GUNN (Ind),Michelle BALLANTYNE (Con),Scott REDPATH (Lab),skipped,skipped,skipped,skipped,skipped,skipped,,9
184,Kenneth GUNN (Ind),Michelle BALLANTYNE (Con),David BLACK (Ind),skipped,skipped,skipped,skipped,skipped,skipped,,9
185,Kenneth GUNN (Ind),Michelle BALLANTYNE (Con),David BLACK (Ind),skipped,skipped,skipped,skipped,skipped,skipped,,9
186,Kenneth GUNN (Ind),Michelle BALLANTYNE (Con),David BLACK (Ind),skipped,skipped,skipped,skipped,skipped,skipped,,9
187,Kenneth GUNN (Ind),Michelle BALLANTYNE (Con),David BLACK (Ind),Barbara HARVIE (Grn),skipped,skipped,skipped,skipped,skipped,,9
188,Kenneth GUNN (Ind),Michelle BALLANTYNE (Con),David BLACK (Ind),Barbara HARVIE (Grn),Elaine THORNTON-NICOL (SNP),Nancy NORMAN (LD),Scott REDPATH (Lab),Gordon EDGAR (Ind),skipped,,9
189,Kenneth GUNN (Ind),Michelle BALLANTYNE (Con),Gordon EDGAR (Ind),skipped,skipped,skipped,skipped,skipped,skipped,,9
190,Kenneth GUNN (Ind),Michelle BALLANTYNE (Con),Gordon EDGAR (Ind),skipped,skipped,skipped,skipped,skipped,skipped,,9
191,Kenneth GUNN (Ind),Michelle BALLANTYNE (Con),Gordon EDGAR (Ind),skipped,skipped,skipped,skipped,skipped,skipped,,9
192,Kenneth GUNN (Ind),Michelle BALLANTYNE (Con),Gordon EDGAR (Ind),skipped,skipped,skipped,skipped,skipped,skipped,,9
193,Kenneth GUNN (Ind),Michelle BALLANTYNE (Con),Gordon EDGAR (Ind),skipped,skipped,skipped,skipped,skipped,skipped,,9
194,Kenneth GUNN (Ind),Michelle BALLANTYNE (Con),Gordon EDGAR (Ind),skipped,skipped,skipped,skipped,skipped,skipped,,9
195,Kenneth GUNN (Ind),Michelle BALLANTYNE (Con),Gordon EDGAR (Ind),skipped,skipped,skipped,skipped,skipped,skipped,,9
196,Kenneth GUNN (Ind),Michelle BALLANTYNE (Con),Gordon EDGAR (Ind),skipped,skipped,skipped,skipped,skipped,skipped,,9
197,Kenneth GUNN (Ind),Michelle BALLANTYNE (Con),Gordon EDGAR (Ind),skipped,skipped,skipped,skipped,skipped,skipped,,9
198,Kenneth GUNN (Ind),Michelle BALLANTYNE (Con),Gordon EDGAR (Ind),skipped,skipped,skipped,skipped,skipped,skipped,,9
199,Kenneth GUNN (Ind),Michelle BALLANTYNE (Con),Gordon EDGAR (Ind),skipped,skipped,skipped,skipped,skipped,skipped,,9
200,Kenneth GUNN (Ind),Michelle BALLANTYNE (Con),Gordon EDGAR (Ind),David BLACK (Ind),skipped,skipped,skipped,skipped,skipped,,9
201,Kenneth GUNN (Ind),Michelle BALLANTYNE (Con),Gordon EDGAR (Ind),Nancy NORMAN (LD),skipped,skipped,skipped,skipped,skipped,,9
202,Kenneth GUNN (Ind),Michelle BALLANTYNE (Con),Gordon EDGAR (Ind),Scott REDPATH (Lab),skipped,skipped,skipped,skipped,skipped,,9
203,Kenneth GUNN (Ind),Michelle BALLANTYNE (Con),Nancy NORMAN (LD),skipped,skipped,skipped,skipped,skipped,skipped,,9
204,Kenneth GUNN (Ind),Michelle BALLANTYNE (Con),Nancy NORMAN (LD),skipped,skipped,skipped,skipped,skipped,skipped,,9
205,Kenneth GUNN (Ind),Michelle BALLANTYNE (Con),Nancy NORMAN (LD),skipped,skipped,skipped,skipped,skipped,skipped,,9
206,Kenneth GUNN (Ind),Michelle BALLANTYNE (Con),Nancy NORMAN (LD),skipped,skipped,skipped,skipped,skipped,skipped,,9
207,Kenneth GUNN (Ind),Michelle BALLANTYNE (Con),Nancy NORMAN (LD),David BLACK (Ind),skipped,skipped,skipped,skipped,skipped,,9
208,Kenneth GUNN (Ind),Michelle BALLANTYNE (Con),Nancy NORMAN (LD),David BLACK (Ind),Gordon EDGAR (Ind),skipped,skipped,skipped,skipped,,9
209,Kenneth GUNN (Ind),Michelle BALLANTYNE (Con),Scott REDPATH (Lab),skipped,skipped,skipped,skipped,skipped,skipped,,9
210,Kenneth GUNN (Ind),Michelle BALLANTYNE (Con),Scott REDPATH (Lab),skipped,skipped,skipped,skipped,skipped,skipped,,9
211,Kenneth GUNN (Ind),Michelle BALLANTYNE (Con),Scott REDPATH (Lab),skipped,skipped,skipped,skipped,skipped,skipped,,9
212,Kenneth GUNN (Ind),Michelle BALLANTYNE (Con),Scott REDPATH (Lab),skipped,skipped,skipped,skipped,skipped,skipped,,9
213,Kenneth GUNN (Ind),Michelle BALLANTYNE (Con),Scott REDPATH (Lab),Gordon EDGAR (Ind),skipped,skipped,skipped,skipped,skipped,,9
214,Kenneth GUNN (Ind),skipped,skipped,skipped,skipped,skipped,skipped,skipped,skipped,,9
215,Kenneth GUNN (Ind),skipped,skipped,skipped,skipped,skipped,skipped,skipped,skipped,,9
216,Kenneth GUNN (Ind),skipped,skipped,skipped,skipped,skipped,skipped,skipped,skipped,,9
217,Kenneth GUNN (Ind),Michelle BALLANTYNE (Con),skipped,skipped,skipped,skipped,skipped,skipped,skipped,,9
218,Kenneth GUNN (Ind),Michelle BALLANTYNE (Con),skipped,skipped,skipped,skipped,skipped,skipped,skipped,,9
219,Kenneth GUNN (Ind),Michelle BALLANTYNE (Con),skipped,skipped,skipped,skipped,skipped,skipped,skipped,,9
220,Kenneth GUNN (Ind),Michelle BALLANTYNE (Con),skipped,skipped,skipped,skipped,skipped,skipped,skipped,,9
221,Kenneth GUNN (Ind),Michelle BALLANTYNE (Con),skipped,skipped,skipped,skipped,skipped,skipped,skipped,,9
222,Kenneth GUNN (Ind),Michelle BALLANTYNE (Con),skipped,skipped,skipped,skipped,skipped,skipped,skipped,,9
223,Kenneth GUNN (Ind),Michelle BALLANTYNE (Con),skipped,skipped,skipped,skipped,skipped,skipped,skipped,,9
224,Kenneth GUNN (Ind),Michelle BALLANTYNE (Con),skipped,skipped,skipped,skipped,skipped,skipped,skipped,,9
225,Kenneth GUNN (Ind),Michelle BALLANTYNE (Con),Elaine THORNTON-NICOL (SNP),Scott REDPATH (Lab),Nancy NORMAN (LD),Barbara HARVIE (Grn),skipped,skipped,skipped,,9
226,Kenneth GUNN (Ind),David BLACK (Ind),skipped,skipped,skipped,skipped,skipped,skipped,skipped,,9
227,Kenneth GUNN (Ind),Gordon EDGAR (Ind),Michelle BALLANTYNE (Con),David BLACK (Ind),skipped,skipped,skipped,skipped,skipped,,9
228,Kenneth GUNN (Ind),Scott REDPATH (Lab),skipped,skipped,skipped,skipped,skipped,skipped,skipped,,9
229,Kenneth GUNN (Ind),David BLACK (Ind),skipped,skipped,skipped,skipped,skipped,skipped,skipped,,9
230,Kenneth GUNN (Ind),David BLACK (Ind),skipped,skipped,skipped,skipped,skipped,skipped,skipped,,9
231,Kenneth GUNN (Ind),David BLACK (Ind),skipped,skipped,skipped,skipped,skipped,skipped,skipped,,9
232,Kenneth GUNN (Ind),David BLACK (Ind),Elaine THORNTON-NICOL (SNP),skipped,skipped,skipped,skipped,skipped,skipped,,9
233,Kenneth GUNN (Ind),David BLACK (Ind),skipped,skipped,skipped,skipped,skipped,skipped,skipped,,9
234,Kenneth GUNN (Ind),David BLACK (Ind),Gordon EDGAR (Ind),skipped,skipped,skipped,skipped,skipped,skipped,,9
235,Kenneth GUNN (Ind),David BLACK (Ind),Gordon EDGAR (Ind),skipped,skipped,skipped,skipped,skipped,skipped,,9
236,Kenneth GUNN (Ind),David BLACK (Ind),Gordon EDGAR (Ind),skipped,skipped,skipped,skipped,skipped,skipped,,9
237,Kenneth GUNN (Ind),David BLACK (Ind),Gordon EDGAR (Ind),Barbara HARVIE (Grn),Michelle BALLANTYNE (Con),skipped,skipped,skipped,skipped,,9
238,Kenneth GUNN (Ind),David BLACK (Ind),Gordon EDGAR (Ind),Michelle BALLANTYNE (Con),Barbara HARVIE (Grn),skipped,skipped,skipped,skipped,,9
239,Kenneth GUNN (Ind),David BLACK (Ind),Gordon EDGAR (Ind),skipped,skipped,skipped,skipped,skipped,skipped,,9
240,Kenneth GUNN (Ind),Gordon EDGAR (Ind),skipped,skipped,skipped,skipped,skipped,skipped,skipped,,9
241,Kenneth GUNN (Ind),Gordon EDGAR (Ind),skipped,skipped,skipped,skipped,skipped,skipped,skipped,,9
242,Kenneth GUNN (Ind),Gordon EDGAR (Ind),skipped,skipped,skipped,skipped,skipped,skipped,skipped,,9
243,Kenneth GUNN (Ind),Gordon EDGAR (Ind),skipped,skipped,skipped,skipped,skipped,skipped,skipped,,9
244,Kenneth GUNN (Ind),Gordon EDGAR (Ind),skipped,skipped,skipped,skipped,skipped,skipped,skipped,,9
245,Kenneth GUNN (Ind),Gordon EDGAR (Ind),skipped,skipped,skipped,skipped,skipped,skipped,skipped,,9
246,Kenneth GUNN (Ind),Gordon EDGAR (Ind),skipped,skipped,skipped,skipped,skipped,skipped,skipped,,9
247,Kenneth GUNN (Ind),Gordon EDGAR (Ind),skipped,skipped,skipped,skipped,skipped,skipped,skipped,,9
248,Kenneth GUNN (Ind),Gordon EDGAR (Ind),skipped,skipped,skipped,skipped,skipped,skipped,skipped,,9
249,Kenneth GUNN (Ind),Gordon EDGAR (Ind),skipped,skipped,skipped,skipped,skipped,skipped,skipped,,9
250,Kenneth GUNN (Ind),Gordon EDGAR (Ind),skipped,skipped,skipped,skipped,skipped,skipped,skipped,,9
251,Kenneth GUNN (Ind),Gordon EDGAR (Ind),skipped,skipped,skipped,skipped,skipped,skipped,skipped,,9
252,Kenneth GUNN (Ind),Gordon EDGAR (Ind),skipped,skipped,skipped,skipped,skipped,skipped,skipped,,9
253,Kenneth GUNN (Ind),Gordon EDGAR (Ind),skipped,skipped,skipped,skipped,skipped,skipped,skipped,,9
254,Kenneth GUNN (Ind),Gordon EDGAR (Ind),skipped,skipped,skipped,skipped,skipped,skipped,skipped,,9
255,Kenneth GUNN (Ind),Gordon EDGAR (Ind),skipped,skipped,skipped,skipped,skipped,skipped,skipped,,9
256,Kenneth GUNN (Ind),Gordon EDGAR (Ind),skipped,skipped,skipped,skipped,skipped,skipped,skipped,,9
257,Kenneth GUNN (Ind),Gordon EDGAR (Ind),skipped,skipped,skipped,skipped,skipped,skipped,skipped,,9
258,Kenneth GUNN (Ind),Gordon EDGAR (Ind),skipped,skipped,skipped,skipped,skipped,skipped,skipped,,9
259,Kenneth GUNN (Ind),Gordon EDGAR (Ind),skipped,skipped,skipped,skipped,skipped,skipped,skipped,,9
260,Kenneth GUNN (Ind),Gordon EDGAR (Ind),skipped,skipped,skipped,skipped,skipped,skipped,skipped,,9
261,Kenneth GUNN (Ind),Gordon EDGAR (Ind),skipped,skipped,skipped,skipped,skipped,skipped,skipped,,9
262,Kenneth GUNN (Ind),Gordon EDGAR (Ind),skipped,skipped,skipped,skipped,skipped,skipped,skipped,,9
263,Kenneth GUNN (Ind),Gordon EDGAR (Ind),skipped,skipped,skipped,skipped,skipped,skipped,skipped,,9
264,Kenneth GUNN (Ind),Gordon EDGAR (Ind),skipped,skipped,skipped,skipped,skipped,skipped,skipped,,9
265,Kenneth GUNN (Ind),Gordon EDGAR (Ind),skipped,skipped,skipped,skipped,skipped,skipped,skipped,,9
266,Kenneth GUNN (Ind),Gordon EDGAR (Ind),Elaine THORNTON-NICOL (SNP),skipped,skipped,skipped,skipped,skipped,skipped,,9
267,Kenneth GUNN (Ind),Gordon EDGAR (Ind),Elaine THORNTON-NICOL (SNP),skipped,skipped,skipped,skipped,skipped,skipped,,9
268,Kenneth GUNN (Ind),Gordon EDGAR (Ind),Elaine THORNTON-NICOL (SNP),skipped,skipped,skipped,skipped,skipped,skipped,,9
269,Kenneth GUNN (Ind),Gordon EDGAR (Ind),Elaine THORNTON-NICOL (SNP),skipped,skipped,skipped,skipped,skipped,skipped,,9
270,Kenneth GUNN (Ind),Gordon EDGAR (Ind),Elaine THORNTON-NICOL (SNP),skipped,skipped,skipped,skipped,skipped,skipped,,9
271,Kenneth GUNN (Ind),Gordon EDGAR (Ind),Elaine THORNTON-NICOL (SNP),skipped,skipped,skipped,skipped,skipped,skipped,,9
272,Kenneth GUNN (Ind),Gordon EDGAR (Ind),Elaine THORNTON-NICOL (SNP),skipped,skipped,skipped,skipped,skipped,skipped,,9
273,Kenneth GUNN (Ind),Gordon EDGAR (Ind),Elaine THORNTON-NICOL (SNP),skipped,skipped,skipped,skipped,skipped,skipped,,9
274,Kenneth GUNN (Ind),Gordon EDGAR (Ind),Elaine THORNTON-NICOL (SNP),Barbara HARVIE (Grn),Nancy NORMAN (LD),skipped,skipped,skipped,skipped,,9
275,Kenneth GUNN (Ind),Gordon EDGAR (Ind),Elaine THORNTON-NICOL (SNP),Michelle BALLANTYNE (Con),skipped,skipped,skipped,skipped,skipped,,9
276,Kenneth GUNN (Ind),Gordon EDGAR (Ind),Elaine THORNTON-NICOL (SNP),Michelle BALLANTYNE (Con),Barbara HARVIE (Grn),skipped,skipped,skipped,skipped,,9
277,Kenneth GUNN (Ind),Gordon EDGAR (Ind),Elaine THORNTON-NICOL (SNP),David BLACK (Ind),skipped,skipped,skipped,skipped,skipped,,9
278,Kenneth GUNN (Ind),Gordon EDGAR (Ind),Elaine THORNTON-NICOL (SNP),David BLACK (Ind),skipped,skipped,skipped,skipped,skipped,,9
279,Kenneth GUNN (Ind),Gordon EDGAR (Ind),Elaine THORNTON-NICOL (SNP),Nancy NORMAN (LD),David BLACK (Ind),Scott REDPATH (Lab),Barbara HARVIE (Grn),Michelle BALLANTYNE (Con),skipped,,9
280,Kenneth GUNN (Ind),Gordon EDGAR (Ind),Barbara HARVIE (Grn),skipped,skipped,skipped,skipped,skipped,skipped,,9
281,Kenneth GUNN (Ind),Gordon EDGAR (Ind),Barbara HARVIE (Grn),skipped,skipped,skipped,skipped,skipped,skipped,,9
282,Kenneth GUNN (Ind),Gordon EDGAR (Ind),Barbara HARVIE (Grn),skipped,skipped,skipped,skipped,skipped,skipped,,9
283,Kenneth GUNN (Ind),Gordon EDGAR (Ind),Barbara HARVIE (Grn),Elaine THORNTON-NICOL (SNP),skipped,skipped,skipped,skipped,skipped,,9
284,Kenneth GUNN (Ind),Gordon EDGAR (Ind),Barbara HARVIE (Grn),Elaine THORNTON-NICOL (SNP),David BLACK (Ind),Scott REDPATH (Lab),skipped,skipped,skipped,,9
285,Kenneth GUNN (Ind),Gordon EDGAR (Ind),Barbara HARVIE (Grn),David BLACK (Ind),skipped,skipped,skipped,skipped,skipped,,9
286,Kenneth GUNN (Ind),Gordon EDGAR (Ind),Michelle BALLANTYNE (Con),skipped,skipped,skipped,skipped,skipped,skipped,,9
287,Kenneth GUNN (Ind),Gordon EDGAR (Ind),Michelle BALLANTYNE (Con),skipped,skipped,skipped,skipped,skipped,skipped,,9
288,Kenneth GUNN (Ind),Gordon EDGAR (Ind),Michelle BALLANTYNE (Con),skipped,skipped,skipped,skipped,skipped,skipped,,9
289,Kenneth GUNN (Ind),Gordon EDGAR (Ind),Michelle BALLANTYNE (Con),skipped,skipped,skipped,skipped,skipped,skipped,,9
290,Kenneth GUNN (Ind),Gordon EDGAR (Ind),Michelle BALLANTYNE (Con),skipped,skipped,skipped,skipped,skipped,skipped,,9
291,Kenneth GUNN (Ind),Gordon EDGAR (Ind),Michelle BALLANTYNE (Con),skipped,skipped,skipped,skipped,skipped,skipped,,9
292,Kenneth GUNN (Ind),Gordon EDGAR (Ind),Michelle BALLANTYNE (Con),skipped,skipped,skipped,skipped,skipped,skipped,,9
293,Kenneth GUNN (Ind),Gordon EDGAR (Ind),Michelle BALLANTYNE (Con),skipped,skipped,skipped,skipped,skipped,skipped,,9
294,Kenneth GUNN (Ind),Gordon EDGAR (Ind),Michelle BALLANTYNE (Con),skipped,skipped,skipped,skipped,skipped,skipped,,9
295,Kenneth GUNN (Ind),Gordon EDGAR (Ind),Michelle BALLANTYNE (Con),skipped,skipped,skipped,skipped,skipped,skipped,,9
296,Kenneth GUNN (Ind),Gordon EDGAR (Ind),Michelle BALLANTYNE (Con),skipped,skipped,skipped,skipped,skipped,skipped,,9
297,Kenneth GUNN (Ind),Gordon EDGAR (Ind),Michelle BALLANTYNE (Con),skipped,skipped,skipped,skipped,skipped,skipped,,9
298,Kenneth GUNN (Ind),Gordon EDGAR (Ind),Michelle BALLANTYNE (Con),skipped,skipped,skipped,skipped,skipped,skipped,,9
299,Kenneth GUNN (Ind),Gordon EDGAR (Ind),Michelle BALLANTYNE (Con),skipped,skipped,skipped,skipped,skipped,skipped,,9
300,Kenneth GUNN (Ind),Gordon EDGAR (Ind),Michelle BALLANTYNE (Con),skipped,skipped,skipped,skipped,skipped,skipped,,9
301,Kenneth GUNN (Ind),Gordon EDGAR (Ind),Michelle BALLANTYNE (Con),skipped,skipped,skipped,skipped,skipped,skipped,,9
302,Kenneth GUNN (Ind),Gordon EDGAR (Ind),Michelle BALLANTYNE (Con),Elaine THORNTON-NICOL (SNP),skipped,skipped,skipped,skipped,skipped,,9
303,Kenneth GUNN (Ind),Gordon EDGAR (Ind),Michelle BALLANTYNE (Con),skipped,skipped,skipped,skipped,skipped,skipped,,9
304,Kenneth GUNN (Ind),Gordon EDGAR (Ind),Michelle BALLANTYNE (Con),David BLACK (Ind),skipped,skipped,skipped,skipped,skipped,,9
305,Kenneth GUNN (Ind),Gordon EDGAR (Ind),Michelle BALLANTYNE (Con),David BLACK (Ind),Barbara HARVIE (Grn),Nancy NORMAN (LD),Scott REDPATH (Lab),Elaine THORNTON-NICOL (SNP),skipped,,9
306,Kenneth GUNN (Ind),Gordon EDGAR (Ind),Michelle BALLANTYNE (Con),David BLACK (Ind),Nancy NORMAN (LD),Scott REDPATH (Lab),Barbara HARVIE (Grn),Elaine THORNTON-NICOL (SNP),skipped,,9
307,Kenneth GUNN (Ind),Gordon EDGAR (Ind),Michelle BALLANTYNE (Con),Nancy NORMAN (LD),Barbara HARVIE (Grn),Scott REDPATH (Lab),David BLACK (Ind),Elaine THORNTON-NICOL (SNP),skipped,,9
308,Kenneth GUNN (Ind),Gordon EDGAR (Ind),Michelle BALLANTYNE (Con),Scott REDPATH (Lab),Barbara HARVIE (Grn),skipped,skipped,skipped,skipped,,9
309,Kenneth GUNN (Ind),Gordon EDGAR (Ind),Michelle BALLANTYNE (Con),David BLACK (Ind),Barbara HARVIE (Grn),Elaine THORNTON-NICOL (SNP),skipped,skipped,skipped,,9
310,Kenneth GUNN (Ind),Gordon EDGAR (Ind),Michelle BALLANTYNE (Con),Scott REDPATH (Lab),skipped,skipped,skipped,skipped,skipped,,9
311,Kenneth GUNN (Ind),Gordon EDGAR (Ind),Michelle BALLANTYNE (Con),Scott REDPATH (Lab),skipped,skipped,skipped,skipped,skipped,,9
312,Kenneth GUNN (Ind),Gordon EDGAR (Ind),Michelle BALLANTYNE (Con),Scott REDPATH (Lab),skipped,skipped,skipped,skipped,skipped,,9
313,Kenneth GUNN (Ind),Gordon EDGAR (Ind),Michelle BALLANTYNE (Con),Scott REDPATH (Lab),Elaine THORNTON-NICOL (SNP),Barbara HARVIE (Grn),skipped,skipped,skipped,,9
314,Kenneth GUNN (Ind),Gordon EDGAR (Ind),skipped,skipped,skipped,skipped,skipped,skipped,skipped,,9
315,Kenneth GUNN (Ind),Gordon EDGAR (Ind),Michelle BALLANTYNE (Con),David BLACK (Ind),Nancy NORMAN (LD),skipped,skipped,skipped,skipped,,9
316,Kenneth GUNN (Ind),Gordon EDGAR (Ind),Scott REDPATH (Lab),skipped,skipped,skipped,skipped,skipped,skipped,,9
317,Kenneth GUNN (Ind),Gordon EDGAR (Ind),David BLACK (Ind),skipped,skipped,skipped,skipped,skipped,skipped,,9
318,Kenneth GUNN (Ind),Gordon EDGAR (Ind),David BLACK (Ind),skipped,skipped,skipped,skipped,skipped,skipped,,9
319,Kenneth GUNN (Ind),Gordon EDGAR (Ind),David BLACK (Ind),skipped,skipped,skipped,skipped,skipped,skipped,,9
320,Kenneth GUNN (Ind),Gordon EDGAR (Ind),David BLACK (Ind),skipped,skipped,skipped,skipped,skipped,skipped,,9
321,Kenneth GUNN (Ind),Gordon EDGAR (Ind),David BLACK (Ind),skipped,skipped,skipped,skipped,skipped,skipped,,9
322,Kenneth GUNN (Ind),Gordon EDGAR (Ind),David BLACK (Ind),skipped,skipped,skipped,skipped,skipped,skipped,,9
323,Kenneth GUNN (Ind),Gordon EDGAR (Ind),David BLACK (Ind),skipped,skipped,skipped,skipped,skipped,skipped,,9
324,Kenneth GUNN (Ind),Gordon EDGAR (Ind),David BLACK (Ind),skipped,skipped,skipped,skipped,skipped,skipped,,9
325,Kenneth GUNN (Ind),Gordon EDGAR (Ind),David BLACK (Ind),skipped,skipped,skipped,skipped,skipped,skipped,,9
326,Kenneth GUNN (Ind),Gordon EDGAR (Ind),David BLACK (Ind),Michelle BALLANTYNE (Con),skipped,skipped,skipped,skipped,skipped,,9
327,Kenneth GUNN (Ind),Gordon EDGAR (Ind),David BLACK (Ind),Michelle BALLANTYNE (Con),skipped,skipped,skipped,skipped,skipped,,9
328,Kenneth GUNN (Ind),Gordon EDGAR (Ind),David BLACK (Ind),Michelle BALLANTYNE (Con),skipped,skipped,skipped,skipped,skipped,,9
329,Kenneth GUNN (Ind),Gordon EDGAR (Ind),David BLACK (Ind),Michelle BALLANTYNE (Con),skipped,skipped,skipped,skipped,skipped,,9
330,Kenneth GUNN (Ind),Gordon EDGAR (Ind),David BLACK (Ind),Nancy NORMAN (LD),skipped,skipped,skipped,skipped,skipped,,9
331,Kenneth GUNN (Ind),Gordon EDGAR (Ind),David BLACK (Ind),Nancy NORMAN (LD),skipped,skipped,skipped,skipped,skipped,,9
332,Kenneth GUNN (Ind),Gordon EDGAR (Ind),Nancy NORMAN (LD),skipped,skipped,skipped,skipped,skipped,skipped,,9
333,Kenneth GUNN (Ind),Gordon EDGAR (Ind),Nancy NORMAN (LD),Barbara HARVIE (Grn),skipped,skipped,skipped,skipped,skipped,,9
334,Kenneth GUNN (Ind),Gordon EDGAR (Ind),Nancy NORMAN (LD),Scott REDPATH (Lab),Barbara HARVIE (Grn),David BLACK (Ind),skipped,skipped,skipped,,9
335,Kenneth GUNN (Ind),Gordon EDGAR (Ind),Scott REDPATH (Lab),skipped,skipped,skipped,skipped,skipped,skipped,,9
336,Kenneth GUNN (Ind),Gordon EDGAR (Ind),Scott REDPATH (Lab),skipped,skipped,skipped,skipped,skipped,skipped,,9
337,Kenneth GUNN (Ind),Gordon EDGAR (Ind),Scott REDPATH (Lab),skipped,skipped,skipped,skipped,skipped,skipped,,9
338,Kenneth GUNN (Ind),Gordon EDGAR (Ind),Scott REDPATH (Lab),skipped,skipped,skipped,skipped,skipped,skipped,,9
339,Kenneth GUNN (Ind),Gordon EDGAR (Ind),Scott REDPATH (Lab),skipped,skipped,skipped,skipped,skipped,skipped,,9
340,Kenneth GUNN (Ind),Gordon EDGAR (Ind),Scott REDPATH (Lab),skipped,skipped,skipped,skipped,skipped,skipped,,9
341,Kenneth GUNN (Ind),Gordon EDGAR (Ind),Scott REDPATH (Lab),skipped,skipped,skipped,skipped,skipped,skipped,,9
342,Kenneth GUNN (Ind),Gordon EDGAR (Ind),Scott REDPATH (Lab),skipped,skipped,skipped,skipped,skipped,skipped,,9
343,Kenneth GUNN (Ind),Gordon EDGAR (Ind),Scott REDPATH (Lab),skipped,skipped,skipped,skipped,skipped,skipped,,9
344,Kenneth GUNN (Ind),Gordon EDGAR (Ind),Scott REDPATH (Lab),skipped,skipped,skipped,skipped,skipped,skipped,,9
345,Kenneth GUNN (Ind),Gordon EDGAR (Ind),Scott REDPATH (Lab),Elaine THORNTON-NICOL (SNP),David BLACK (Ind),Barbara HARVIE (Grn),Nancy NORMAN (LD),Michelle BALLANTYNE (Con),skipped,,9
346,Kenneth GUNN (Ind),Gordon EDGAR (Ind),Scott REDPATH (Lab),Barbara HARVIE (Grn),Michelle BALLANTYNE (Con),Nancy NORMAN (LD),Elaine THORNTON-NICOL (SNP),David BLACK (Ind),skipped,,9
347,Kenneth GUNN (Ind),Gordon EDGAR (Ind),Scott REDPATH (Lab),Michelle BALLANTYNE (Con),skipped,skipped,skipped,skipped,skipped,,9
348,Kenneth GUNN (Ind),Gordon EDGAR (Ind),Scott REDPATH (Lab),Nancy NORMAN (LD),skipped,skipped,skipped,skipped,skipped,,9
349,Kenneth GUNN (Ind),Nancy NORMAN (LD),skipped,skipped,skipped,skipped,skipped,skipped,skipped,,9
350,Kenneth GUNN (Ind),Nancy NORMAN (LD),Elaine THORNTON-NICOL (SNP),Barbara HARVIE (Grn),David BLACK (Ind),Scott REDPATH (Lab),Gordon EDGAR (Ind),Michelle BALLANTYNE (Con),skipped,,9
351,Kenneth GUNN (Ind),Nancy NORMAN (LD),Barbara HARVIE (Grn),skipped,skipped,skipped,skipped,skipped,skipped,,9
352,Kenneth GUNN (Ind),Nancy NORMAN (LD),Barbara HARVIE (Grn),skipped,skipped,skipped,skipped,skipped,skipped,,9
353,Kenneth GUNN (Ind),Nancy NORMAN (LD),Barbara HARVIE (Grn),Michelle BALLANTYNE (Con),skipped,skipped,skipped,skipped,skipped,,9
354,Kenneth GUNN (Ind),Nancy NORMAN (LD),Michelle BALLANTYNE (Con),skipped,skipped,skipped,skipped,skipped,skipped,,9
355,Kenneth GUNN (Ind),Nancy NORMAN (LD),Michelle BALLANTYNE (Con),skipped,skipped,skipped,skipped,skipped,skipped,,9
356,Kenneth GUNN (Ind),Nancy NORMAN (LD),Michelle BALLANTYNE (Con),Gordon EDGAR (Ind),skipped,skipped,skipped,skipped,skipped,,9
357,Kenneth GUNN (Ind),Nancy NORMAN (LD),skipped,skipped,skipped,skipped,skipped,skipped,skipped,,9
358,Kenneth GUNN (Ind),Nancy NORMAN (LD),David BLACK (Ind),skipped,skipped,skipped,skipped,skipped,skipped,,9
359,Kenneth GUNN (Ind),Nancy NORMAN (LD),Gordon EDGAR (Ind),skipped,skipped,skipped,skipped,skipped,skipped,,9
360,Kenneth GUNN (Ind),Nancy NORMAN (LD),Gordon EDGAR (Ind),David BLACK (Ind),skipped,skipped,skipped,skipped,skipped,,9
361,Kenneth GUNN (Ind),Nancy NORMAN (LD),Gordon EDGAR (Ind),David BLACK (Ind),Elaine THORNTON-NICOL (SNP),Barbara HARVIE (Grn),Scott REDPATH (Lab),Michelle BALLANTYNE (Con),skipped,,9
362,Kenneth GUNN (Ind),Nancy NORMAN (LD),Scott REDPATH (Lab),skipped,skipped,skipped,skipped,skipped,skipped,,9
363,Kenneth GUNN (Ind),Nancy NORMAN (LD),Scott REDPATH (Lab),skipped,skipped,skipped,skipped,skipped,skipped,,9
364,Kenneth GUNN (Ind),Nancy NORMAN (LD),Scott REDPATH (Lab),skipped,skipped,skipped,skipped,skipped,skipped,,9
365,Kenneth GUNN (Ind),Nancy NORMAN (LD),Scott REDPATH (Lab),Michelle BALLANTYNE (Con),skipped,skipped,skipped,skipped,skipped,,9
366,Kenneth GUNN (Ind),Nancy NORMAN (LD),Scott REDPATH (Lab),Gordon EDGAR (Ind),David BLACK (Ind),Michelle BALLANTYNE (Con),Elaine THORNTON-NICOL (SNP),skipped,skipped,,9
367,Kenneth GUNN (Ind),Scott REDPATH (Lab),skipped,skipped,skipped,skipped,skipped,skipped,skipped,,9
368,Kenneth GUNN (Ind),Scott REDPATH (Lab),skipped,skipped,skipped,skipped,skipped,skipped,skipped,,9
369,Kenneth GUNN (Ind),Scott REDPATH (Lab),skipped,skipped,skipped,skipped,skipped,skipped,skipped,,9
370,Kenneth GUNN (Ind),Scott REDPATH (Lab),skipped,skipped,skipped,skipped,skipped,skipped,skipped,,9
371,Kenneth GUNN (Ind),Scott REDPATH (Lab),skipped,skipped,skipped,skipped,skipped,skipped,skipped,,9
372,Kenneth GUNN (Ind),Scott REDPATH (Lab),skipped,skipped,skipped,skipped,skipped,skipped,skipped,,9
373,Kenneth GUNN (Ind),Scott REDPATH (Lab),Elaine THORNTON-NICOL (SNP),skipped,skipped,skipped,skipped,skipped,skipped,,9
374,Kenneth GUNN (Ind),Scott REDPATH (Lab),Elaine THORNTON-NICOL (SNP),skipped,skipped,skipped,skipped,skipped,skipped,,9
375,Kenneth GUNN (Ind),Scott REDPATH (Lab),Barbara HARVIE (Grn),skipped,skipped,skipped,skipped,skipped,skipped,,9
376,Kenneth GUNN (Ind),Scott REDPATH (Lab),Michelle BALLANTYNE (Con),skipped,skipped,skipped,skipped,skipped,skipped,,9
377,Kenneth GUNN (Ind),Scott REDPATH (Lab),Michelle BALLANTYNE (Con),skipped,skipped,skipped,skipped,skipped,skipped,,9
378,Kenneth GUNN (Ind),Scott REDPATH (Lab),Michelle BALLANTYNE (Con),skipped,skipped,skipped,skipped,skipped,skipped,,9
379,Kenneth GUNN (Ind),Scott REDPATH (Lab),Michelle BALLANTYNE (Con),skipped,skipped,skipped,skipped,skipped,skipped,,9
380,Kenneth GUNN (Ind),Scott REDPATH (Lab),Michelle BALLANTYNE (Con),Barbara HARVIE (Grn),skipped,skipped,skipped,skipped,skipped,,9
381,Kenneth GUNN (Ind),Scott REDPATH (Lab),Michelle BALLANTYNE (Con),David BLACK (Ind),Nancy NORMAN (LD),Barbara HARVIE (Grn),Gordon EDGAR (Ind),Elaine THORNTON-NICOL (SNP),skipped,,9
382,Kenneth GUNN (Ind),Scott REDPATH (Lab),Michelle BALLANTYNE (Con),Gordon EDGAR (Ind),skipped,skipped,skipped,skipped,skipped,,9
383,Kenneth GUNN (Ind),Scott REDPATH (Lab),Michelle BALLANTYNE (Con),skipped,skipped,skipped,skipped,skipped,skipped,,9
384,Kenneth GUNN (Ind),Scott REDPATH (Lab),Gordon EDGAR (Ind),skipped,skipped,skipped,skipped,skipped,skipped,,9
385,Kenneth GUNN (Ind),Scott REDPATH (Lab),Gordon EDGAR (Ind),skipped,skipped,skipped,skipped,skipped,skipped,,9
386,Kenneth GUNN (Ind),Scott REDPATH (Lab),Gordon EDGAR (Ind),skipped,skipped,skipped,skipped,skipped,skipped,,9
387,Kenneth GUNN (Ind),Scott REDPATH (Lab),Gordon EDGAR (Ind),skipped,skipped,skipped,skipped,skipped,skipped,,9
388,Kenneth GUNN (Ind),Scott REDPATH (Lab),Gordon EDGAR (Ind),Michelle BALLANTYNE (Con),Barbara HARVIE (Grn),Nancy NORMAN (LD),David BLACK (Ind),Elaine THORNTON-NICOL (SNP),skipped,,9
389,Kenneth GUNN (Ind),Scott REDPATH (Lab),Nancy NORMAN (LD),skipped,skipped,skipped,skipped,skipped,skipped,,9
390,Kenneth GUNN (Ind),Scott REDPATH (Lab),Nancy NORMAN (LD),skipped,skipped,skipped,skipped,skipped,skipped,,9
391,Kenneth GUNN (Ind),Scott REDPATH (Lab),Nancy NORMAN (LD),Elaine THORNTON-NICOL (SNP),skipped,skipped,skipped,skipped,skipped,,9
392,Elaine THORNTON-NICOL (SNP),skipped,skipped,skipped,skipped,skipped,skipped,skipped,skipped,,9
393,Elaine THORNTON-NICOL (SNP),skipped,skipped,skipped,skipped,skipped,skipped,skipped,skipped,,9
394,Elaine THORNTON-NICOL (SNP),skipped,skipped,skipped,skipped,skipped,skipped,skipped,skipped,,9
395,Elaine THORNTON-NICOL (SNP),skipped,skipped,skipped,skipped,skipped,skipped,skipped,skipped,,9
396,Elaine THORNTON-NICOL (SNP),skipped,skipped,skipped,skipped,skipped,skipped,skipped,skipped,,9
397,Elaine THORNTON-NICOL (SNP),skipped,skipped,skipped,skipped,skipped,skipped,skipped,skipped,,9
398,Elaine THORNTON-NICOL (SNP),skipped,skipped,skipped,skipped,skipped,skipped,skipped,skipped,,9
399,Elaine THORNTON-NICOL (SNP),skipped,skipped,skipped,skipped,skipped,skipped,skipped,skipped,,9
400,Elaine THORNTON-NICOL (SNP),skipped,skipped,skipped,skipped,skipped,skipped,skipped,skipped,,9
401,Elaine THORNTON-NICOL (SNP),skipped,skipped,skipped,skipped,skipped,skipped,skipped,skipped,,9
402,Elaine THORNTON-NICOL (SNP),skipped,skipped,skipped,skipped,skipped,skipped,skipped,skipped,,9
403,Elaine THORNTON-NICOL (SNP),skipped,skipped,skipped,skipped,skipped,skipped,skipped,skipped,,9
404,Elaine THORNTON-NICOL (SNP),skipped,skipped,skipped,skipped,skipped,skipped,skipped,skipped,,9
405,Elaine THORNTON-NICOL (SNP),skipped,skipped,skipped,skipped,skipped,skipped,skipped,skipped,,9
406,Elaine THORNTON-NICOL (SNP),skipped,skipped,skipped,skipped,skipped,skipped,skipped,skipped,,9
407,Elaine THORNTON-NICOL (SNP),skipped,skipped,skipped,skipped,skipped,skipped,skipped,skipped,,9
408,Elaine THORNTON-NICOL (SNP),skipped,skipped,skipped,skipped,skipped,skipped,skipped,skipped,,9
409,Elaine THORNTON-NICOL (SNP),skipped,skipped,skipped,skipped,skipped,skipped,skipped,skipped,,9
410,Elaine THORNTON-NICOL (SNP),skipped,skipped,skipped,skipped,skipped,skipped,skipped,skipped,,9
411,Elaine THORNTON-NICOL (SNP),skipped,skipped,skipped,skipped,skipped,skipped,skipped,skipped,,9
412,Elaine THORNTON-NICOL (SNP),skipped,skipped,skipped,skipped,skipped,skipped,skipped,skipped,,9
413,Elaine THORNTON-NICOL (SNP),skipped,skipped,skipped,skipped,skipped,skipped,skipped,skipped,,9
414,Elaine THORNTON-NICOL (SNP),skipped,skipped,skipped,skipped,skipped,skipped,skipped,skipped,,9
415,Elaine THORNTON-NICOL (SNP),skipped,skipped,skipped,skipped,skipped,skipped,skipped,skipped,,9
416,Elaine THORNTON-NICOL (SNP),skipped,skipped,skipped,skipped,skipped,skipped,skipped,skipped,,9
417,Elaine THORNTON-NICOL (SNP),skipped,skipped,skipped,skipped,skipped,skipped,skipped,skipped,,9
418,Elaine THORNTON-NICOL (SNP),skipped,skipped,skipped,skipped,skipped,skipped,skipped,skipped,,9
419,Elaine THORNTON-NICOL (SNP),skipped,skipped,skipped,skipped,skipped,skipped,skipped,skipped,,9
420,Elaine THORNTON-NICOL (SNP),skipped,skipped,skipped,skipped,skipped,skipped,skipped,skipped,,9
421,Elaine THORNTON-NICOL (SNP),skipped,skipped,skipped,skipped,skipped,skipped,skipped,skipped,,9
422,Elaine THORNTON-NICOL (SNP),skipped,skipped,skipped,skipped,skipped,skipped,skipped,skipped,,9
423,Elaine THORNTON-NICOL (SNP),skipped,skipped,skipped,skipped,skipped,skipped,skipped,skipped,,9
424,Elaine THORNTON-NICOL (SNP),skipped,skipped,skipped,skipped,skipped,skipped,skipped,skipped,,9
425,Elaine THORNTON-NICOL (SNP),skipped,skipped,skipped,skipped,skipped,skipped,skipped,skipped,,9
426,Elaine THORNTON-NICOL (SNP),skipped,skipped,skipped,skipped,skipped,skipped,skipped,skipped,,9
427,Elaine THORNTON-NICOL (SNP),skipped,skipped,skipped,skipped,skipped,skipped,skipped,skipped,,9
428,Elaine THORNTON-NICOL (SNP),skipped,skipped,skipped,skipped,skipped,skipped,skipped,skipped,,9
429,Elaine THORNTON-NICOL (SNP),skipped,skipped,skipped,skipped,skipped,skipped,skipped,skipped,,9
430,Elaine THORNTON-NICOL (SNP),skipped,skipped,skipped,skipped,skipped,skipped,skipped,skipped,,9
431,Elaine THORNTON-NICOL (SNP),skipped,skipped,skipped,skipped,skipped,skipped,skipped,skipped,,9
432,Elaine THORNTON-NICOL (SNP),skipped,skipped,skipped,skipped,skipped,skipped,skipped,skipped,,9
433,Elaine THORNTON-NICOL (SNP),skipped,skipped,skipped,skipped,skipped,skipped,skipped,skipped,,9
434,Elaine THORNTON-NICOL (SNP),skipped,skipped,skipped,skipped,skipped,skipped,skipped,skipped,,9
435,Elaine THORNTON-NICOL (SNP),skipped,skipped,skipped,skipped,skipped,skipped,skipped,skipped,,9
436,Elaine THORNTON-NICOL (SNP),skipped,skipped,skipped,skipped,skipped,skipped,skipped,skipped,,9
437,Elaine THORNTON-NICOL (SNP),skipped,skipped,skipped,skipped,skipped,skipped,skipped,skipped,,9
438,Elaine THORNTON-NICOL (SNP),skipped,skipped,skipped,skipped,skipped,skipped,skipped,skipped,,9
439,Elaine THORNTON-NICOL (SNP),skipped,skipped,skipped,skipped,skipped,skipped,skipped,skipped,,9
440,Elaine THORNTON-NICOL (SNP),skipped,skipped,skipped,skipped,skipped,skipped,skipped,skipped,,9
441,Elaine THORNTON-NICOL (SNP),skipped,skipped,skipped,skipped,skipped,skipped,skipped,skipped,,9
442,Elaine THORNTON-NICOL (SNP),skipped,skipped,skipped,skipped,skipped,skipped,skipped,skipped,,9
443,Elaine THORNTON-NICOL (SNP),skipped,skipped,skipped,skipped,skipped,skipped,skipped,skipped,,9
444,Elaine THORNTON-NICOL (SNP),skipped,skipped,skipped,skipped,skipped,skipped,skipped,skipped,,9
445,Elaine THORNTON-NICOL (SNP),skipped,skipped,skipped,skipped,skipped,skipped,skipped,skipped,,9
446,Elaine THORNTON-NICOL (SNP),skipped,skipped,skipped,skipped,skipped,skipped,skipped,skipped,,9
447,Elaine THORNTON-NICOL (SNP),skipped,skipped,skipped,skipped,skipped,skipped,skipped,skipped,,9
448,Elaine THORNTON-NICOL (SNP),skipped,skipped,skipped,skipped,skipped,skipped,skipped,skipped,,9
449,Elaine THORNTON-NICOL (SNP),skipped,skipped,skipped,skipped,skipped,skipped,skipped,skipped,,9
450,Elaine THORNTON-NICOL (SNP),skipped,skipped,skipped,skipped,skipped,skipped,skipped,skipped,,9
451,Elaine THORNTON-NICOL (SNP),skipped,skipped,skipped,skipped,skipped,skipped,skipped,skipped,,9
452,Elaine THORNTON-NICOL (SNP),skipped,skipped,skipped,skipped,skipped,skipped,skipped,skipped,,9
453,Elaine THORNTON-NICOL (SNP),skipped,skipped,skipped,skipped,skipped,skipped,skipped,skipped,,9
454,Elaine THORNTON-NICOL (SNP),skipped,skipped,skipped,skipped,skipped,skipped,skipped,skipped,,9
455,Elaine THORNTON-NICOL (SNP),skipped,skipped,skipped,skipped,skipped,skipped,skipped,skipped,,9
456,Elaine THORNTON-NICOL (SNP),skipped,skipped,skipped,skipped,skipped,skipped,skipped,skipped,,9
457,Elaine THORNTON-NICOL (SNP),skipped,skipped,skipped,skipped,skipped,skipped,skipped,skipped,,9
458,Elaine THORNTON-NICOL (SNP),skipped,skipped,skipped,skipped,skipped,skipped,skipped,skipped,,9
459,Elaine THORNTON-NICOL (SNP),skipped,skipped,skipped,skipped,skipped,skipped,skipped,skipped,,9
460,Elaine THORNTON-NICOL (SNP),skipped,skipped,skipped,skipped,skipped,skipped,skipped,skipped,,9
461,Elaine THORNTON-NICOL (SNP),skipped,skipped,skipped,skipped,skipped,skipped,skipped,skipped,,9
462,Elaine THORNTON-NICOL (SNP),skipped,skipped,skipped,skipped,skipped,skipped,skipped,skipped,,9
463,Elaine THORNTON-NICOL (SNP),skipped,skipped,skipped,skipped,skipped,skipped,skipped,skipped,,9
464,Elaine THORNTON-NICOL (SNP),skipped,skipped,skipped,skipped,skipped,skipped,skipped,skipped,,9
465,Elaine THORNTON-NICOL (SNP),skipped,skipped,skipped,skipped,skipped,skipped,skipped,skipped,,9
466,Elaine THORNTON-NICOL (SNP),skipped,skipped,skipped,skipped,skipped,skipped,skipped,skipped,,9
467,Elaine THORNTON-NICOL (SNP),skipped,skipped,skipped,skipped,skipped,skipped,skipped,skipped,,9
468,Elaine THORNTON-NICOL (SNP),skipped,skipped,skipped,skipped,skipped,skipped,skipped,skipped,,9
469,Elaine THORNTON-NICOL (SNP),skipped,skipped,skipped,skipped,skipped,skipped,skipped,skipped,,9
470,Elaine THORNTON-NICOL (SNP),skipped,skipped,skipped,skipped,skipped,skipped,skipped,skipped,,9
471,Elaine THORNTON-NICOL (SNP),skipped,skipped,skipped,skipped,skipped,skipped,skipped,skipped,,9
472,Elaine THORNTON-NICOL (SNP),skipped,skipped,skipped,skipped,skipped,skipped,skipped,skipped,,9
473,Elaine THORNTON-NICOL (SNP),skipped,skipped,skipped,skipped,skipped,skipped,skipped,skipped,,9
474,Elaine THORNTON-NICOL (SNP),skipped,skipped,skipped,skipped,skipped,skipped,skipped,skipped,,9
475,Elaine THORNTON-NICOL (SNP),skipped,skipped,skipped,skipped,skipped,skipped,skipped,skipped,,9
476,Elaine THORNTON-NICOL (SNP),skipped,skipped,skipped,skipped,skipped,skipped,skipped,skipped,,9
477,Elaine THORNTON-NICOL (SNP),skipped,skipped,skipped,skipped,skipped,skipped,skipped,skipped,,9
478,Elaine THORNTON-NICOL (SNP),skipped,skipped,skipped,skipped,skipped,skipped,skipped,skipped,,9
479,Elaine THORNTON-NICOL (SNP),skipped,skipped,skipped,skipped,skipped,skipped,skipped,skipped,,9
480,Elaine THORNTON-NICOL (SNP),skipped,skipped,skipped,skipped,skipped,skipped,skipped,skipped,,9
481,Elaine THORNTON-NICOL (SNP),skipped,skipped,skipped,skipped,skipped,skipped,skipped,skipped,,9
482,Elaine THORNTON-NICOL (SNP),skipped,skipped,skipped,skipped,skipped,skipped,skipped,skipped,,9
483,Elaine THORNTON-NICOL (SNP),skipped,skipped,skipped,skipped,skipped,skipped,skipped,skipped,,9
484,Elaine THORNTON-NICOL (SNP),skipped,skipped,skipped,skipped,skipped,skipped,skipped,skipped,,9
485,Elaine THORNTON-NICOL (SNP),skipped,skipped,skipped,skipped,skipped,skipped,skipped,skipped,,9
486,Elaine THORNTON-NICOL (SNP),skipped,skipped,skipped,skipped,skipped,skipped,skipped,skipped,,9
487,Elaine THORNTON-NICOL (SNP),skipped,skipped,skipped,skipped,skipped,skipped,skipped,skipped,,9
488,Elaine THORNTON-NICOL (SNP),skipped,skipped,skipped,skipped,skipped,skipped,skipped,skipped,,9
489,Elaine THORNTON-NICOL (SNP),skipped,skipped,skipped,skipped,skipped,skipped,skipped,skipped,,9
490,Elaine THORNTON-NICOL (SNP),skipped,skipped,skipped,skipped,skipped,skipped,skipped,skipped,,9
491,Elaine THORNTON-NICOL (SNP),skipped,skipped,skipped,skipped,skipped,skipped,skipped,skipped,,9
492,Elaine THORNTON-NICOL (SNP),skipped,skipped,skipped,skipped,skipped,skipped,skipped,skipped,,9
493,Elaine THORNTON-NICOL (SNP),skipped,skipped,skipped,skipped,skipped,skipped,skipped,skipped,,9
494,Elaine THORNTON-NICOL (SNP),skipped,skipped,skipped,skipped,skipped,skipped,skipped,skipped,,9
495,Elaine THORNTON-NICOL (SNP),skipped,skipped,skipped,skipped,skipped,skipped,skipped,skipped,,9
496,Elaine THORNTON-NICOL (SNP),skipped,skipped,skipped,skipped,skipped,skipped,skipped,skipped,,9
497,Elaine THORNTON-NICOL (SNP),skipped,skipped,skipped,skipped,skipped,skipped,skipped,skipped,,9
498,Elaine THORNTON-NICOL (SNP),skipped,skipped,skipped,skipped,skipped,skipped,skipped,skipped,,9
499,Elaine THORNTON-NICOL (SNP),skipped,skipped,skipped,skipped,skipped,skipped,skipped,skipped,,9
500,Elaine THORNTON-NICOL (SNP),skipped,skipped,skipped,skipped,skipped,skipped,skipped,skipped,,9
501,Elaine THORNTON-NICOL (SNP),skipped,skipped,skipped,skipped,skipped,skipped,skipped,skipped,,9
502,Elaine THORNTON-NICOL (SNP),skipped,skipped,skipped,skipped,skipped,skipped,skipped,skipped,,9
503,Elaine THORNTON-NICOL (SNP),skipped,skipped,skipped,skipped,skipped,skipped,skipped,skipped,,9
504,Elaine THORNTON-NICOL (SNP),skipped,skipped,skipped,skipped,skipped,skipped,skipped,skipped,,9
505,Elaine THORNTON-NICOL (SNP),skipped,skipped,skipped,skipped,skipped,skipped,skipped,skipped,,9
506,Elaine THORNTON-NICOL (SNP),skipped,skipped,skipped,skipped,skipped,skipped,skipped,skipped,,9
507,Elaine THORNTON-NICOL (SNP),skipped,skipped,skipped,skipped,skipped,skipped,skipped,skipped,,9
508,Elaine THORNTON-NICOL (SNP),skipped,skipped,skipped,skipped,skipped,skipped,skipped,skipped,,9
509,Elaine THORNTON-NICOL (SNP),skipped,skipped,skipped,skipped,skipped,skipped,skipped,skipped,,9
510,Elaine THORNTON-NICOL (SNP),skipped,skipped,skipped,skipped,skipped,skipped,skipped,skipped,,9
511,Elaine THORNTON-NICOL (SNP),skipped,skipped,skipped,skipped,skipped,skipped,skipped,skipped,,9
512,Elaine THORNTON-NICOL (SNP),skipped,skipped,skipped,skipped,skipped,skipped,skipped,skipped,,9
513,Elaine THORNTON-NICOL (SNP),skipped,skipped,skipped,skipped,skipped,skipped,skipped,skipped,,9
514,Elaine THORNTON-NICOL (SNP),skipped,skipped,skipped,skipped,skipped,skipped,skipped,skipped,,9
515,Elaine THORNTON-NICOL (SNP),skipped,skipped,skipped,skipped,skipped,skipped,skipped,skipped,,9
516,Elaine THORNTON-NICOL (SNP),skipped,skipped,skipped,skipped,skipped,skipped,skipped,skipped,,9
517,Elaine THORNTON-NICOL (SNP),skipped,skipped,skipped,skipped,skipped,skipped,skipped,skipped,,9
518,Elaine THORNTON-NICOL (SNP),skipped,skipped,skipped,skipped,skipped,skipped,skipped,skipped,,9
519,Elaine THORNTON-NICOL (SNP),skipped,skipped,skipped,skipped,skipped,skipped,skipped,skipped,,9
520,Elaine THORNTON-NICOL (SNP),skipped,skipped,skipped,skipped,skipped,skipped,skipped,skipped,,9
521,Elaine THORNTON-NICOL (SNP),skipped,skipped,skipped,skipped,skipped,skipped,skipped,skipped,,9
522,Elaine THORNTON-NICOL (SNP),skipped,skipped,skipped,skipped,skipped,skipped,skipped,skipped,,9
523,Elaine THORNTON-NICOL (SNP),skipped,skipped,skipped,skipped,skipped,skipped,skipped,skipped,,9
524,Elaine THORNTON-NICOL (SNP),skipped,skipped,skipped,skipped,skipped,skipped,skipped,skipped,,9
525,Elaine THORNTON-NICOL (SNP),Kenneth GUNN (Ind),skipped,skipped,skipped,skipped,skipped,skipped,skipped,,9
526,Elaine THORNTON-NICOL (SNP),Kenneth GUNN (Ind),skipped,skipped,skipped,skipped,skipped,skipped,skipped,,9
527,Elaine THORNTON-NICOL (SNP),Kenneth GUNN (Ind),skipped,skipped,skipped,skipped,skipped,skipped,skipped,,9
528,Elaine THORNTON-NICOL (SNP),Kenneth GUNN (Ind),skipped,skipped,skipped,skipped,skipped,skipped,skipped,,9
529,Elaine THORNTON-NICOL (SNP),Kenneth GUNN (Ind),skipped,skipped,skipped,skipped,skipped,skipped,skipped,,9
530,Elaine THORNTON-NICOL (SNP),Kenneth GUNN (Ind),skipped,skipped,skipped,skipped,skipped,skipped,skipped,,9
531,Elaine THORNTON-NICOL (SNP),Kenneth GUNN (Ind),skipped,skipped,skipped,skipped,skipped,skipped,skipped,,9
532,Elaine THORNTON-NICOL (SNP),Kenneth GUNN (Ind),skipped,skipped,skipped,skipped,skipped,skipped,skipped,,9
533,Elaine THORNTON-NICOL (SNP),Kenneth GUNN (Ind),skipped,skipped,skipped,skipped,skipped,skipped,skipped,,9
534,Elaine THORNTON-NICOL (SNP),Kenneth GUNN (Ind),skipped,skipped,skipped,skipped,skipped,skipped,skipped,,9
535,Elaine THORNTON-NICOL (SNP),Kenneth GUNN (Ind),skipped,skipped,skipped,skipped,skipped,skipped,skipped,,9
536,Elaine THORNTON-NICOL (SNP),Kenneth GUNN (Ind),skipped,skipped,skipped,skipped,skipped,skipped,skipped,,9
537,Elaine THORNTON-NICOL (SNP),Kenneth GUNN (Ind),skipped,skipped,skipped,skipped,skipped,skipped,skipped,,9
538,Elaine THORNTON-NICOL (SNP),Kenneth GUNN (Ind),skipped,skipped,skipped,skipped,skipped,skipped,skipped,,9
539,Elaine THORNTON-NICOL (SNP),Kenneth GUNN (Ind),skipped,skipped,skipped,skipped,skipped,skipped,skipped,,9
540,Elaine THORNTON-NICOL (SNP),Kenneth GUNN (Ind),skipped,skipped,skipped,skipped,skipped,skipped,skipped,,9
541,Elaine THORNTON-NICOL (SNP),Kenneth GUNN (Ind),skipped,skipped,skipped,skipped,skipped,skipped,skipped,,9
542,Elaine THORNTON-NICOL (SNP),Kenneth GUNN (Ind),Barbara HARVIE (Grn),skipped,skipped,skipped,skipped,skipped,skipped,,9
543,Elaine THORNTON-NICOL (SNP),Kenneth GUNN (Ind),Barbara HARVIE (Grn),skipped,skipped,skipped,skipped,skipped,skipped,,9
544,Elaine THORNTON-NICOL (SNP),Kenneth GUNN (Ind),Barbara HARVIE (Grn),skipped,skipped,skipped,skipped,skipped,skipped,,9
545,Elaine THORNTON-NICOL (SNP),Kenneth GUNN (Ind),Barbara HARVIE (Grn),skipped,skipped,skipped,skipped,skipped,skipped,,9
546,Elaine THORNTON-NICOL (SNP),Kenneth GUNN (Ind),Barbara HARVIE (Grn),skipped,skipped,skipped,skipped,skipped,skipped,,9
547,Elaine THORNTON-NICOL (SNP),Kenneth GUNN (Ind),Barbara HARVIE (Grn),David BLACK (Ind),Michelle BALLANTYNE (Con),Gordon EDGAR (Ind),Nancy NORMAN (LD),Scott REDPATH (Lab),skipped,,9
548,Elaine THORNTON-NICOL (SNP),Kenneth GUNN (Ind),Barbara HARVIE (Grn),David BLACK (Ind),Michelle BALLANTYNE (Con),Gordon EDGAR (Ind),Nancy NORMAN (LD),Scott REDPATH (Lab),skipped,,9
549,Elaine THORNTON-NICOL (SNP),Kenneth GUNN (Ind),Barbara HARVIE (Grn),David BLACK (Ind),Gordon EDGAR (Ind),skipped,skipped,skipped,skipped,,9
550,Elaine THORNTON-NICOL (SNP),Kenneth GUNN (Ind),Barbara HARVIE (Grn),David BLACK (Ind),Gordon EDGAR (Ind),Scott REDPATH (Lab),Nancy NORMAN (LD),Michelle BALLANTYNE (Con),skipped,,9
551,Elaine THORNTON-NICOL (SNP),Kenneth GUNN (Ind),Barbara HARVIE (Grn),David BLACK (Ind),Nancy NORMAN (LD),Gordon EDGAR (Ind),Scott REDPATH (Lab),Michelle BALLANTYNE (Con),skipped,,9
552,Elaine THORNTON-NICOL (SNP),Kenneth GUNN (Ind),Barbara HARVIE (Grn),Gordon EDGAR (Ind),David BLACK (Ind),Nancy NORMAN (LD),Scott REDPATH (Lab),Michelle BALLANTYNE (Con),skipped,,9
553,Elaine THORNTON-NICOL (SNP),Kenneth GUNN (Ind),Barbara HARVIE (Grn),Gordon EDGAR (Ind),David BLACK (Ind),Nancy NORMAN (LD),Scott REDPATH (Lab),Michelle BALLANTYNE (Con),skipped,,9
554,Elaine THORNTON-NICOL (SNP),Kenneth GUNN (Ind),Barbara HARVIE (Grn),Gordon EDGAR (Ind),David BLACK (Ind),Scott REDPATH (Lab),Nancy NORMAN (LD),Michelle BALLANTYNE (Con),skipped,,9
555,Elaine THORNTON-NICOL (SNP),Kenneth GUNN (Ind),Barbara HARVIE (Grn),Gordon EDGAR (Ind),Scott REDPATH (Lab),David BLACK (Ind),Nancy NORMAN (LD),skipped,skipped,,9
556,Elaine THORNTON-NICOL (SNP),Kenneth GUNN (Ind),Barbara HARVIE (Grn),Nancy NORMAN (LD),Gordon EDGAR (Ind),David BLACK (Ind),Scott REDPATH (Lab),Michelle BALLANTYNE (Con),skipped,,9
557,Elaine THORNTON-NICOL (SNP),Kenneth GUNN (Ind),Barbara HARVIE (Grn),Nancy NORMAN (LD),Gordon EDGAR (Ind),David BLACK (Ind),Scott REDPATH (Lab),Michelle BALLANTYNE (Con),skipped,,9
558,Elaine THORNTON-NICOL (SNP),Kenneth GUNN (Ind),Barbara HARVIE (Grn),Nancy NORMAN (LD),Scott REDPATH (Lab),David BLACK (Ind),skipped,skipped,skipped,,9
559,Elaine THORNTON-NICOL (SNP),Kenneth GUNN (Ind),Barbara HARVIE (Grn),Nancy NORMAN (LD),Scott REDPATH (Lab),Gordon EDGAR (Ind),David BLACK (Ind),Michelle BALLANTYNE (Con),skipped,,9
560,Elaine THORNTON-NICOL (SNP),Kenneth GUNN (Ind),Barbara HARVIE (Grn),Scott REDPATH (Lab),Nancy NORMAN (LD),Gordon EDGAR (Ind),Michelle BALLANTYNE (Con),David BLACK (Ind),skipped,,9
561,Elaine THORNTON-NICOL (SNP),Kenneth GUNN (Ind),Michelle BALLANTYNE (Con),skipped,skipped,skipped,skipped,skipped,skipped,,9
562,Elaine THORNTON-NICOL (SNP),Kenneth GUNN (Ind),Michelle BALLANTYNE (Con),Barbara HARVIE (Grn),Nancy NORMAN (LD),Scott REDPATH (Lab),Gordon EDGAR (Ind),David BLACK (Ind),skipped,,9
563,Elaine THORNTON-NICOL (SNP),Kenneth GUNN (Ind),David BLACK (Ind),skipped,skipped,skipped,skipped,skipped,skipped,,9
564,Elaine THORNTON-NICOL (SNP),Kenneth GUNN (Ind),David BLACK (Ind),skipped,skipped,skipped,skipped,skipped,skipped,,9
565,Elaine THORNTON-NICOL (SNP),Kenneth GUNN (Ind),David BLACK (Ind),skipped,skipped,skipped,skipped,skipped,skipped,,9
566,Elaine THORNTON-NICOL (SNP),Kenneth GUNN (Ind),David BLACK (Ind),skipped,skipped,skipped,skipped,skipped,skipped,,9
567,Elaine THORNTON-NICOL (SNP),Kenneth GUNN (Ind),David BLACK (Ind),skipped,skipped,skipped,skipped,skipped,skipped,,9
568,Elaine THORNTON-NICOL (SNP),Kenneth GUNN (Ind),David BLACK (Ind),Barbara HARVIE (Grn),skipped,skipped,skipped,skipped,skipped,,9
569,Elaine THORNTON-NICOL (SNP),Kenneth GUNN (Ind),David BLACK (Ind),Barbara HARVIE (Grn),Nancy NORMAN (LD),Gordon EDGAR (Ind),Scott REDPATH (Lab),Michelle BALLANTYNE (Con),skipped,,9
570,Elaine THORNTON-NICOL (SNP),Kenneth GUNN (Ind),David BLACK (Ind),Michelle BALLANTYNE (Con),skipped,skipped,skipped,skipped,skipped,,9
571,Elaine THORNTON-NICOL (SNP),Kenneth GUNN (Ind),David BLACK (Ind),Gordon EDGAR (Ind),Barbara HARVIE (Grn),skipped,skipped,skipped,skipped,,9
572,Elaine THORNTON-NICOL (SNP),Kenneth GUNN (Ind),David BLACK (Ind),Gordon EDGAR (Ind),Barbara HARVIE (Grn),Nancy NORMAN (LD),Scott REDPATH (Lab),skipped,skipped,,9
573,Elaine THORNTON-NICOL (SNP),Kenneth GUNN (Ind),David BLACK (Ind),Gordon EDGAR (Ind),Barbara HARVIE (Grn),Nancy NORMAN (LD),Scott REDPATH (Lab),skipped,skipped,,9
574,Elaine THORNTON-NICOL (SNP),Kenneth GUNN (Ind),David BLACK (Ind),Gordon EDGAR (Ind),Barbara HARVIE (Grn),Nancy NORMAN (LD),Scott REDPATH (Lab),Michelle BALLANTYNE (Con),skipped,,9
575,Elaine THORNTON-NICOL (SNP),Kenneth GUNN (Ind),Gordon EDGAR (Ind),skipped,skipped,skipped,skipped,skipped,skipped,,9
576,Elaine THORNTON-NICOL (SNP),Kenneth GUNN (Ind),Gordon EDGAR (Ind),skipped,skipped,skipped,skipped,skipped,skipped,,9
577,Elaine THORNTON-NICOL (SNP),Kenneth GUNN (Ind),Gordon EDGAR (Ind),skipped,skipped,skipped,skipped,skipped,skipped,,9
578,Elaine THORNTON-NICOL (SNP),Kenneth GUNN (Ind),Gordon EDGAR (Ind),skipped,skipped,skipped,skipped,skipped,skipped,,9
579,Elaine THORNTON-NICOL (SNP),Kenneth GUNN (Ind),Gordon EDGAR (Ind),skipped,skipped,skipped,skipped,skipped,skipped,,9
580,Elaine THORNTON-NICOL (SNP),Kenneth GUNN (Ind),Gordon EDGAR (Ind),skipped,skipped,skipped,skipped,skipped,skipped,,9
581,Elaine THORNTON-NICOL (SNP),Kenneth GUNN (Ind),Gordon EDGAR (Ind),skipped,skipped,skipped,skipped,skipped,skipped,,9
582,Elaine THORNTON-NICOL (SNP),Kenneth GUNN (Ind),Gordon EDGAR (Ind),skipped,skipped,skipped,skipped,skipped,skipped,,9
583,Elaine THORNTON-NICOL (SNP),Kenneth GUNN (Ind),Gordon EDGAR (Ind),skipped,skipped,skipped,skipped,skipped,skipped,,9
584,Elaine THORNTON-NICOL (SNP),Kenneth GUNN (Ind),Gordon EDGAR (Ind),skipped,skipped,skipped,skipped,skipped,skipped,,9
585,Elaine THORNTON-NICOL (SNP),Kenneth GUNN (Ind),Gordon EDGAR (Ind),skipped,skipped,skipped,skipped,skipped,skipped,,9
586,Elaine THORNTON-NICOL (SNP),Kenneth GUNN (Ind),Gordon EDGAR (Ind),skipped,skipped,skipped,skipped,skipped,skipped,,9
587,Elaine THORNTON-NICOL (SNP),Kenneth GUNN (Ind),Gordon EDGAR (Ind),skipped,skipped,skipped,skipped,skipped,skipped,,9
588,Elaine THORNTON-NICOL (SNP),Kenneth GUNN (Ind),Gordon EDGAR (Ind),skipped,skipped,skipped,skipped,skipped,skipped,,9
589,Elaine THORNTON-NICOL (SNP),Kenneth GUNN (Ind),Gordon EDGAR (Ind),skipped,skipped,skipped,skipped,skipped,skipped,,9
590,Elaine THORNTON-NICOL (SNP),Kenneth GUNN (Ind),Gordon EDGAR (Ind),skipped,skipped,skipped,skipped,skipped,skipped,,9
591,Elaine THORNTON-NICOL (SNP),Kenneth GUNN (Ind),Gordon EDGAR (Ind),skipped,skipped,skipped,skipped,skipped,skipped,,9
592,Elaine THORNTON-NICOL (SNP),Kenneth GUNN (Ind),Gordon EDGAR (Ind),Barbara HARVIE (Grn),skipped,skipped,skipped,skipped,skipped,,9
593,Elaine THORNTON-NICOL (SNP),Kenneth GUNN (Ind),Gordon EDGAR (Ind),Barbara HARVIE (Grn),skipped,skipped,skipped,skipped,skipped,,9
594,Elaine THORNTON-NICOL (SNP),Kenneth GUNN (Ind),Gordon EDGAR (Ind),Barbara HARVIE (Grn),David BLACK (Ind),skipped,skipped,skipped,skipped,,9
595,Elaine THORNTON-NICOL (SNP),Kenneth GUNN (Ind),Gordon EDGAR (Ind),Barbara HARVIE (Grn),David BLACK (Ind),Nancy NORMAN (LD),Michelle BALLANTYNE (Con),Scott REDPATH (Lab),skipped,,9
596,Elaine THORNTON-NICOL (SNP),Kenneth GUNN (Ind),Gordon EDGAR (Ind),Barbara HARVIE (Grn),David BLACK (Ind),Nancy NORMAN (LD),Scott REDPATH (Lab),skipped,skipped,,9
597,Elaine THORNTON-NICOL (SNP),Kenneth GUNN (Ind),Gordon EDGAR (Ind),David BLACK (Ind),skipped,skipped,skipped,skipped,skipped,,9
598,Elaine THORNTON-NICOL (SNP),Kenneth GUNN (Ind),Gordon EDGAR (Ind),David BLACK (Ind),Barbara HARVIE (Grn),skipped,skipped,skipped,skipped,,9
599,Elaine THORNTON-NICOL (SNP),Kenneth GUNN (Ind),Gordon EDGAR (Ind),David BLACK (Ind),Barbara HARVIE (Grn),Nancy NORMAN (LD),Scott REDPATH (Lab),skipped,skipped,,9
600,Elaine THORNTON-NICOL (SNP),Kenneth GUNN (Ind),Gordon EDGAR (Ind),David BLACK (Ind),Barbara HARVIE (Grn),Scott REDPATH (Lab),Nancy NORMAN (LD),Michelle BALLANTYNE (Con),skipped,,9
601,Elaine THORNTON-NICOL (SNP),Kenneth GUNN (Ind),Gordon EDGAR (Ind),David BLACK (Ind),Michelle BALLANTYNE (Con),Barbara HARVIE (Grn),Nancy NORMAN (LD),Scott REDPATH (Lab),skipped,,9
602,Elaine THORNTON-NICOL (SNP),Kenneth GUNN (Ind),Gordon EDGAR (Ind),Scott REDPATH (Lab),skipped,skipped,skipped,skipped,skipped,,9
603,Elaine THORNTON-NICOL (SNP),Kenneth GUNN (Ind),Gordon EDGAR (Ind),Scott REDPATH (Lab),David BLACK (Ind),Barbara HARVIE (Grn),Michelle BALLANTYNE (Con),Nancy NORMAN (LD),skipped,,9
604,Elaine THORNTON-NICOL (SNP),Kenneth GUNN (Ind),Nancy NORMAN (LD),Barbara HARVIE (Grn),Scott REDPATH (Lab),David BLACK (Ind),skipped,skipped,skipped,,9
605,Elaine THORNTON-NICOL (SNP),Kenneth GUNN (Ind),Nancy NORMAN (LD),Gordon EDGAR (Ind),skipped,skipped,skipped,skipped,skipped,,9
606,Elaine THORNTON-NICOL (SNP),Kenneth GUNN (Ind),Scott REDPATH (Lab),skipped,skipped,skipped,skipped,skipped,skipped,,9
607,Elaine THORNTON-NICOL (SNP),Kenneth GUNN (Ind),Scott REDPATH (Lab),skipped,skipped,skipped,skipped,skipped,skipped,,9
608,Elaine THORNTON-NICOL (SNP),Kenneth GUNN (Ind),Scott REDPATH (Lab),Barbara HARVIE (Grn),Nancy NORMAN (LD),Gordon EDGAR (Ind),David BLACK (Ind),Michelle BALLANTYNE (Con),skipped,,9
609,Elaine THORNTON-NICOL (SNP),Barbara HARVIE (Grn),skipped,skipped,skipped,skipped,skipped,skipped,skipped,,9
610,Elaine THORNTON-NICOL (SNP),Barbara HARVIE (Grn),skipped,skipped,skipped,skipped,skipped,skipped,skipped,,9
611,Elaine THORNTON-NICOL (SNP),Barbara HARVIE (Grn),skipped,skipped,skipped,skipped,skipped,skipped,skipped,,9
612,Elaine THORNTON-NICOL (SNP),Barbara HARVIE (Grn),skipped,skipped,skipped,skipped,skipped,skipped,skipped,,9
613,Elaine THORNTON-NICOL (SNP),Barbara HARVIE (Grn),skipped,skipped,skipped,skipped,skipped,skipped,skipped,,9
614,Elaine THORNTON-NICOL (SNP),Barbara HARVIE (Grn),skipped,skipped,skipped,skipped,skipped,skipped,skipped,,9
615,Elaine THORNTON-NICOL (SNP),Barbara HARVIE (Grn),skipped,skipped,skipped,skipped,skipped,skipped,skipped,,9
616,Elaine THORNTON-NICOL (SNP),Barbara HARVIE (Grn),skipped,skipped,skipped,skipped,skipped,skipped,skipped,,9
617,Elaine THORNTON-NICOL (SNP),Barbara HARVIE (Grn),skipped,skipped,skipped,skipped,skipped,skipped,skipped,,9
618,Elaine THORNTON-NICOL (SNP),Barbara HARVIE (Grn),skipped,skipped,skipped,skipped,skipped,skipped,skipped,,9
619,Elaine THORNTON-NICOL (SNP),Barbara HARVIE (Grn),skipped,skipped,skipped,skipped,skipped,skipped,skipped,,9
620,Elaine THORNTON-NICOL (SNP),Barbara HARVIE (Grn),skipped,skipped,skipped,skipped,skipped,skipped,skipped,,9
621,Elaine THORNTON-NICOL (SNP),Barbara HARVIE (Grn),skipped,skipped,skipped,skipped,skipped,skipped,skipped,,9
622,Elaine THORNTON-NICOL (SNP),Barbara HARVIE (Grn),skipped,skipped,skipped,skipped,skipped,skipped,skipped,,9
623,Elaine THORNTON-NICOL (SNP),Barbara HARVIE (Grn),skipped,skipped,skipped,skipped,skipped,skipped,skipped,,9
624,Elaine THORNTON-NICOL (SNP),Barbara HARVIE (Grn),skipped,skipped,skipped,skipped,skipped,skipped,skipped,,9
625,Elaine THORNTON-NICOL (SNP),Barbara HARVIE (Grn),skipped,skipped,skipped,skipped,skipped,skipped,skipped,,9
626,Elaine THORNTON-NICOL (SNP),Barbara HARVIE (Grn),skipped,skipped,skipped,skipped,skipped,skipped,skipped,,9
627,Elaine THORNTON-NICOL (SNP),Barbara HARVIE (Grn),skipped,skipped,skipped,skipped,skipped,skipped,skipped,,9
628,Elaine THORNTON-NICOL (SNP),Barbara HARVIE (Grn),skipped,skipped,skipped,skipped,skipped,skipped,skipped,,9
629,Elaine THORNTON-NICOL (SNP),Barbara HARVIE (Grn),skipped,skipped,skipped,skipped,skipped,skipped,skipped,,9
630,Elaine THORNTON-NICOL (SNP),Barbara HARVIE (Grn),skipped,skipped,skipped,skipped,skipped,skipped,skipped,,9
631,Elaine THORNTON-NICOL (SNP),Barbara HARVIE (Grn),skipped,skipped,skipped,skipped,skipped,skipped,skipped,,9
632,Elaine THORNTON-NICOL (SNP),Barbara HARVIE (Grn),skipped,skipped,skipped,skipped,skipped,skipped,skipped,,9
633,Elaine THORNTON-NICOL (SNP),Barbara HARVIE (Grn),skipped,skipped,skipped,skipped,skipped,skipped,skipped,,9
634,Elaine THORNTON-NICOL (SNP),Barbara HARVIE (Grn),skipped,skipped,skipped,skipped,skipped,skipped,skipped,,9
635,Elaine THORNTON-NICOL (SNP),Barbara HARVIE (Grn),skipped,skipped,skipped,skipped,skipped,skipped,skipped,,9
636,Elaine THORNTON-NICOL (SNP),Barbara HARVIE (Grn),skipped,skipped,skipped,skipped,skipped,skipped,skipped,,9
637,Elaine THORNTON-NICOL (SNP),Barbara HARVIE (Grn),skipped,skipped,skipped,skipped,skipped,skipped,skipped,,9
638,Elaine THORNTON-NICOL (SNP),Barbara HARVIE (Grn),skipped,skipped,skipped,skipped,skipped,skipped,skipped,,9
639,Elaine THORNTON-NICOL (SNP),Barbara HARVIE (Grn),skipped,skipped,skipped,skipped,skipped,skipped,skipped,,9
640,Elaine THORNTON-NICOL (SNP),Barbara HARVIE (Grn),skipped,skipped,skipped,skipped,skipped,skipped,skipped,,9
641,Elaine THORNTON-NICOL (SNP),Barbara HARVIE (Grn),skipped,skipped,skipped,skipped,skipped,skipped,skipped,,9
642,Elaine THORNTON-NICOL (SNP),Barbara HARVIE (Grn),skipped,skipped,skipped,skipped,skipped,skipped,skipped,,9
643,Elaine THORNTON-NICOL (SNP),Barbara HARVIE (Grn),skipped,skipped,skipped,skipped,skipped,skipped,skipped,,9
644,Elaine THORNTON-NICOL (SNP),Barbara HARVIE (Grn),skipped,skipped,skipped,skipped,skipped,skipped,skipped,,9
645,Elaine THORNTON-NICOL (SNP),Barbara HARVIE (Grn),skipped,skipped,skipped,skipped,skipped,skipped,skipped,,9
646,Elaine THORNTON-NICOL (SNP),Barbara HARVIE (Grn),skipped,skipped,skipped,skipped,skipped,skipped,skipped,,9
647,Elaine THORNTON-NICOL (SNP),Barbara HARVIE (Grn),skipped,skipped,skipped,skipped,skipped,skipped,skipped,,9
648,Elaine THORNTON-NICOL (SNP),Barbara HARVIE (Grn),skipped,skipped,skipped,skipped,skipped,skipped,skipped,,9
649,Elaine THORNTON-NICOL (SNP),Barbara HARVIE (Grn),skipped,skipped,skipped,skipped,skipped,skipped,skipped,,9
650,Elaine THORNTON-NICOL (SNP),Barbara HARVIE (Grn),skipped,skipped,skipped,skipped,skipped,skipped,skipped,,9
651,Elaine THORNTON-NICOL (SNP),Barbara HARVIE (Grn),skipped,skipped,skipped,skipped,skipped,skipped,skipped,,9
652,Elaine THORNTON-NICOL (SNP),Barbara HARVIE (Grn),skipped,skipped,skipped,skipped,skipped,skipped,skipped,,9
653,Elaine THORNTON-NICOL (SNP),Barbara HARVIE (Grn),skipped,skipped,skipped,skipped,skipped,skipped,skipped,,9
654,Elaine THORNTON-NICOL (SNP),Barbara HARVIE (Grn),skipped,skipped,skipped,skipped,skipped,skipped,skipped,,9
655,Elaine THORNTON-NICOL (SNP),Barbara HARVIE (Grn),skipped,skipped,skipped,skipped,skipped,skipped,skipped,,9
656,Elaine THORNTON-NICOL (SNP),Barbara HARVIE (Grn),skipped,skipped,skipped,skipped,skipped,skipped,skipped,,9
657,Elaine THORNTON-NICOL (SNP),Barbara HARVIE (Grn),skipped,skipped,skipped,skipped,skipped,skipped,skipped,,9
658,Elaine THORNTON-NICOL (SNP),Barbara HARVIE (Grn),skipped,skipped,skipped,skipped,skipped,skipped,skipped,,9
659,Elaine THORNTON-NICOL (SNP),Barbara HARVIE (Grn),skipped,skipped,skipped,skipped,skipped,skipped,skipped,,9
660,Elaine THORNTON-NICOL (SNP),Barbara HARVIE (Grn),skipped,skipped,skipped,skipped,skipped,skipped,skipped,,9
661,Elaine THORNTON-NICOL (SNP),Barbara HARVIE (Grn),skipped,skipped,skipped,skipped,skipped,skipped,skipped,,9
662,Elaine THORNTON-NICOL (SNP),Barbara HARVIE (Grn),skipped,skipped,skipped,skipped,skipped,skipped,skipped,,9
663,Elaine THORNTON-NICOL (SNP),Barbara HARVIE (Grn),skipped,skipped,skipped,skipped,skipped,skipped,skipped,,9
664,Elaine THORNTON-NICOL (SNP),Barbara HARVIE (Grn),skipped,skipped,skipped,skipped,skipped,skipped,skipped,,9
665,Elaine THORNTON-NICOL (SNP),Barbara HARVIE (Grn),skipped,skipped,skipped,skipped,skipped,skipped,skipped,,9
666,Elaine THORNTON-NICOL (SNP),Barbara HARVIE (Grn),skipped,skipped,skipped,skipped,skipped,skipped,skipped,,9
667,Elaine THORNTON-NICOL (SNP),Barbara HARVIE (Grn),skipped,skipped,skipped,skipped,skipped,skipped,skipped,,9
668,Elaine THORNTON-NICOL (SNP),Barbara HARVIE (Grn),skipped,skipped,skipped,skipped,skipped,skipped,skipped,,9
669,Elaine THORNTON-NICOL (SNP),Barbara HARVIE (Grn),skipped,skipped,skipped,skipped,skipped,skipped,skipped,,9
670,Elaine THORNTON-NICOL (SNP),Barbara HARVIE (Grn),skipped,skipped,skipped,skipped,skipped,skipped,skipped,,9
671,Elaine THORNTON-NICOL (SNP),Barbara HARVIE (Grn),skipped,skipped,skipped,skipped,skipped,skipped,skipped,,9
672,Elaine THORNTON-NICOL (SNP),Barbara HARVIE (Grn),skipped,skipped,skipped,skipped,skipped,skipped,skipped,,9
673,Elaine THORNTON-NICOL (SNP),Barbara HARVIE (Grn),skipped,skipped,skipped,skipped,skipped,skipped,skipped,,9
674,Elaine THORNTON-NICOL (SNP),Barbara HARVIE (Grn),skipped,skipped,skipped,skipped,skipped,skipped,skipped,,9
675,Elaine THORNTON-NICOL (SNP),Barbara HARVIE (Grn),skipped,skipped,skipped,skipped,skipped,skipped,skipped,,9
676,Elaine THORNTON-NICOL (SNP),Barbara HARVIE (Grn),skipped,skipped,skipped,skipped,skipped,skipped,skipped,,9
677,Elaine THORNTON-NICOL (SNP),Barbara HARVIE (Grn),skipped,skipped,skipped,skipped,skipped,skipped,skipped,,9
678,Elaine THORNTON-NICOL (SNP),Barbara HARVIE (Grn),skipped,skipped,skipped,skipped,skipped,skipped,skipped,,9
679,Elaine THORNTON-NICOL (SNP),Barbara HARVIE (Grn),skipped,skipped,skipped,skipped,skipped,skipped,skipped,,9
680,Elaine THORNTON-NICOL (SNP),Barbara HARVIE (Grn),skipped,skipped,skipped,skipped,skipped,skipped,skipped,,9
681,Elaine THORNTON-NICOL (SNP),Barbara HARVIE (Grn),skipped,skipped,skipped,skipped,skipped,skipped,skipped,,9
682,Elaine THORNTON-NICOL (SNP),Barbara HARVIE (Grn),skipped,skipped,skipped,skipped,skipped,skipped,skipped,,9
683,Elaine THORNTON-NICOL (SNP),Barbara HARVIE (Grn),skipped,skipped,skipped,skipped,skipped,skipped,skipped,,9
684,Elaine THORNTON-NICOL (SNP),Barbara HARVIE (Grn),skipped,skipped,skipped,skipped,skipped,skipped,skipped,,9
685,Elaine THORNTON-NICOL (SNP),Barbara HARVIE (Grn),skipped,skipped,skipped,skipped,skipped,skipped,skipped,,9
686,Elaine THORNTON-NICOL (SNP),Barbara HARVIE (Grn),skipped,skipped,skipped,skipped,skipped,skipped,skipped,,9
687,Elaine THORNTON-NICOL (SNP),Barbara HARVIE (Grn),skipped,skipped,skipped,skipped,skipped,skipped,skipped,,9
688,Elaine THORNTON-NICOL (SNP),Barbara HARVIE (Grn),skipped,skipped,skipped,skipped,skipped,skipped,skipped,,9
689,Elaine THORNTON-NICOL (SNP),Barbara HARVIE (Grn),skipped,skipped,skipped,skipped,skipped,skipped,skipped,,9
690,Elaine THORNTON-NICOL (SNP),Barbara HARVIE (Grn),skipped,skipped,skipped,skipped,skipped,skipped,skipped,,9
691,Elaine THORNTON-NICOL (SNP),Barbara HARVIE (Grn),Kenneth GUNN (Ind),skipped,skipped,skipped,skipped,skipped,skipped,,9
692,Elaine THORNTON-NICOL (SNP),Barbara HARVIE (Grn),Kenneth GUNN (Ind),skipped,skipped,skipped,skipped,skipped,skipped,,9
693,Elaine THORNTON-NICOL (SNP),Barbara HARVIE (Grn),Kenneth GUNN (Ind),skipped,skipped,skipped,skipped,skipped,skipped,,9
694,Elaine THORNTON-NICOL (SNP),Barbara HARVIE (Grn),Kenneth GUNN (Ind),skipped,skipped,skipped,skipped,skipped,skipped,,9
695,Elaine THORNTON-NICOL (SNP),Barbara HARVIE (Grn),Kenneth GUNN (Ind),skipped,skipped,skipped,skipped,skipped,skipped,,9
696,Elaine THORNTON-NICOL (SNP),Barbara HARVIE (Grn),Kenneth GUNN (Ind),skipped,skipped,skipped,skipped,skipped,skipped,,9
697,Elaine THORNTON-NICOL (SNP),Barbara HARVIE (Grn),Kenneth GUNN (Ind),skipped,skipped,skipped,skipped,skipped,skipped,,9
698,Elaine THORNTON-NICOL (SNP),Barbara HARVIE (Grn),Kenneth GUNN (Ind),skipped,skipped,skipped,skipped,skipped,skipped,,9
699,Elaine THORNTON-NICOL (SNP),Barbara HARVIE (Grn),Kenneth GUNN (Ind),skipped,skipped,skipped,skipped,skipped,skipped,,9
700,Elaine THORNTON-NICOL (SNP),Barbara HARVIE (Grn),Kenneth GUNN (Ind),skipped,skipped,skipped,skipped,skipped,skipped,,9
701,Elaine THORNTON-NICOL (SNP),Barbara HARVIE (Grn),Kenneth GUNN (Ind),skipped,skipped,skipped,skipped,skipped,skipped,,9
702,Elaine THORNTON-NICOL (SNP),Barbara HARVIE (Grn),Kenneth GUNN (Ind),skipped,skipped,skipped,skipped,skipped,skipped,,9
703,Elaine THORNTON-NICOL (SNP),Barbara HARVIE (Grn),Kenneth GUNN (Ind),skipped,skipped,skipped,skipped,skipped,skipped,,9
704,Elaine THORNTON-NICOL (SNP),Barbara HARVIE (Grn),Kenneth GUNN (Ind),skipped,skipped,skipped,skipped,skipped,skipped,,9
705,Elaine THORNTON-NICOL (SNP),Barbara HARVIE (Grn),Kenneth GUNN (Ind),skipped,skipped,skipped,skipped,skipped,skipped,,9
706,Elaine THORNTON-NICOL (SNP),Barbara HARVIE (Grn),Kenneth GUNN (Ind),skipped,skipped,skipped,skipped,skipped,skipped,,9
707,Elaine THORNTON-NICOL (SNP),Barbara HARVIE (Grn),Kenneth GUNN (Ind),skipped,skipped,skipped,skipped,skipped,skipped,,9
708,Elaine THORNTON-NICOL (SNP),Barbara HARVIE (Grn),Kenneth GUNN (Ind),skipped,skipped,skipped,skipped,skipped,skipped,,9
709,Elaine THORNTON-NICOL (SNP),Barbara HARVIE (Grn),Kenneth GUNN (Ind),skipped,skipped,skipped,skipped,skipped,skipped,,9
710,Elaine THORNTON-NICOL (SNP),Barbara HARVIE (Grn),Kenneth GUNN (Ind),Michelle BALLANTYNE (Con),skipped,skipped,skipped,skipped,skipped,,9
711,Elaine THORNTON-NICOL (SNP),Barbara HARVIE (Grn),Kenneth GUNN (Ind),David BLACK (Ind),Gordon EDGAR (Ind),Nancy NORMAN (LD),Scott REDPATH (Lab),Michelle BALLANTYNE (Con),skipped,,9
712,Elaine THORNTON-NICOL (SNP),Barbara HARVIE (Grn),Kenneth GUNN (Ind),David BLACK (Ind),Gordon EDGAR (Ind),Nancy NORMAN (LD),Scott REDPATH (Lab),Michelle BALLANTYNE (Con),skipped,,9
713,Elaine THORNTON-NICOL (SNP),Barbara HARVIE (Grn),Kenneth GUNN (Ind),David BLACK (Ind),Gordon EDGAR (Ind),Nancy NORMAN (LD),Scott REDPATH (Lab),Michelle BALLANTYNE (Con),skipped,,9
714,Elaine THORNTON-NICOL (SNP),Barbara HARVIE (Grn),Kenneth GUNN (Ind),David BLACK (Ind),Gordon EDGAR (Ind),Nancy NORMAN (LD),Scott REDPATH (Lab),Michelle BALLANTYNE (Con),skipped,,9
715,Elaine THORNTON-NICOL (SNP),Barbara HARVIE (Grn),Kenneth GUNN (Ind),David BLACK (Ind),Gordon EDGAR (Ind),Nancy NORMAN (LD),Scott REDPATH (Lab),Michelle BALLANTYNE (Con),skipped,,9
716,Elaine THORNTON-NICOL (SNP),Barbara HARVIE (Grn),Kenneth GUNN (Ind),David BLACK (Ind),Gordon EDGAR (Ind),Nancy NORMAN (LD),Scott REDPATH (Lab),Michelle BALLANTYNE (Con),skipped,,9
717,Elaine THORNTON-NICOL (SNP),Barbara HARVIE (Grn),Kenneth GUNN (Ind),David BLACK (Ind),Gordon EDGAR (Ind),Nancy NORMAN (LD),Scott REDPATH (Lab),Michelle BALLANTYNE (Con),skipped,,9
718,Elaine THORNTON-NICOL (SNP),Barbara HARVIE (Grn),Kenneth GUNN (Ind),David BLACK (Ind),Gordon EDGAR (Ind),Nancy NORMAN (LD),Scott REDPATH (Lab),Michelle BALLANTYNE (Con),skipped,,9
719,Elaine THORNTON-NICOL (SNP),Barbara HARVIE (Grn),Kenneth GUNN (Ind),David BLACK (Ind),Gordon EDGAR (Ind),Scott REDPATH (Lab),Nancy NORMAN (LD),skipped,skipped,,9
720,Elaine THORNTON-NICOL (SNP),Barbara HARVIE (Grn),Kenneth GUNN (Ind),David BLACK (Ind),Gordon EDGAR (Ind),Scott REDPATH (Lab),Nancy NORMAN (LD),Michelle BALLANTYNE (Con),skipped,,9
721,Elaine THORNTON-NICOL (SNP),Barbara HARVIE (Grn),Kenneth GUNN (Ind),David BLACK (Ind),Nancy NORMAN (LD),Gordon EDGAR (Ind),Scott REDPATH (Lab),Michelle BALLANTYNE (Con),skipped,,9
722,Elaine THORNTON-NICOL (SNP),Barbara HARVIE (Grn),Kenneth GUNN (Ind),David BLACK (Ind),Nancy NORMAN (LD),Gordon EDGAR (Ind),Scott REDPATH (Lab),Michelle BALLANTYNE (Con),skipped,,9
723,Elaine THORNTON-NICOL (SNP),Barbara HARVIE (Grn),Kenneth GUNN (Ind),David BLACK (Ind),Scott REDPATH (Lab),Gordon EDGAR (Ind),Nancy NORMAN (LD),Michelle BALLANTYNE (Con),skipped,,9
724,Elaine THORNTON-NICOL (SNP),Barbara HARVIE (Grn),Kenneth GUNN (Ind),Gordon EDGAR (Ind),skipped,skipped,skipped,skipped,skipped,,9
725,Elaine THORNTON-NICOL (SNP),Barbara HARVIE (Grn),Kenneth GUNN (Ind),Gordon EDGAR (Ind),skipped,skipped,skipped,skipped,skipped,,9
726,Elaine THORNTON-NICOL (SNP),Barbara HARVIE (Grn),Kenneth GUNN (Ind),Gordon EDGAR (Ind),skipped,skipped,skipped,skipped,skipped,,9
727,Elaine THORNTON-NICOL (SNP),Barbara HARVIE (Grn),Kenneth GUNN (Ind),Gordon EDGAR (Ind),David BLACK (Ind),skipped,skipped,skipped,skipped,,9
728,Elaine THORNTON-NICOL (SNP),Barbara HARVIE (Grn),Kenneth GUNN (Ind),Gordon EDGAR (Ind),David BLACK (Ind),skipped,skipped,skipped,skipped,,9
729,Elaine THORNTON-NICOL (SNP),Barbara HARVIE (Grn),Kenneth GUNN (Ind),Gordon EDGAR (Ind),David BLACK (Ind),skipped,skipped,skipped,skipped,,9
730,Elaine THORNTON-NICOL (SNP),Barbara HARVIE (Grn),Kenneth GUNN (Ind),Gordon EDGAR (Ind),David BLACK (Ind),skipped,skipped,skipped,skipped,,9
731,Elaine THORNTON-NICOL (SNP),Barbara HARVIE (Grn),Kenneth GUNN (Ind),Gordon EDGAR (Ind),David BLACK (Ind),skipped,skipped,skipped,skipped,,9
732,Elaine THORNTON-NICOL (SNP),Barbara HARVIE (Grn),Kenneth GUNN (Ind),Gordon EDGAR (Ind),David BLACK (Ind),Michelle BALLANTYNE (Con),skipped,skipped,skipped,,9
733,Elaine THORNTON-NICOL (SNP),Barbara HARVIE (Grn),Kenneth GUNN (Ind),Gordon EDGAR (Ind),David BLACK (Ind),Nancy NORMAN (LD),Scott REDPATH (Lab),Michelle BALLANTYNE (Con),skipped,,9
734,Elaine THORNTON-NICOL (SNP),Barbara HARVIE (Grn),Kenneth GUNN (Ind),Gordon EDGAR (Ind),David BLACK (Ind),Nancy NORMAN (LD),Scott REDPATH (Lab),Michelle BALLANTYNE (Con),skipped,,9
735,Elaine THORNTON-NICOL (SNP),Barbara HARVIE (Grn),Kenneth GUNN (Ind),Gordon EDGAR (Ind),David BLACK (Ind),Nancy NORMAN (LD),Scott REDPATH (Lab),Michelle BALLANTYNE (Con),skipped,,9
736,Elaine THORNTON-NICOL (SNP),Barbara HARVIE (Grn),Kenneth GUNN (Ind),Gordon EDGAR (Ind),David BLACK (Ind),Nancy NORMAN (LD),Scott REDPATH (Lab),Michelle BALLANTYNE (Con),skipped,,9
737,Elaine THORNTON-NICOL (SNP),Barbara HARVIE (Grn),Kenneth GUNN (Ind),Gordon EDGAR (Ind),David BLACK (Ind),Nancy NORMAN (LD),Scott REDPATH (Lab),Michelle BALLANTYNE (Con),skipped,,9
738,Elaine THORNTON-NICOL (SNP),Barbara HARVIE (Grn),Kenneth GUNN (Ind),Gordon EDGAR (Ind),David BLACK (Ind),Nancy NORMAN (LD),Scott REDPATH (Lab),Michelle BALLANTYNE (Con),skipped,,9
739,Elaine THORNTON-NICOL (SNP),Barbara HARVIE (Grn),Kenneth GUNN (Ind),Gordon EDGAR (Ind),David BLACK (Ind),Nancy NORMAN (LD),Scott REDPATH (Lab),Michelle BALLANTYNE (Con),skipped,,9
740,Elaine THORNTON-NICOL (SNP),Barbara HARVIE (Grn),Kenneth GUNN (Ind),Gordon EDGAR (Ind),David BLACK (Ind),Nancy NORMAN (LD),Scott REDPATH (Lab),Michelle BALLANTYNE (Con),skipped,,9
741,Elaine THORNTON-NICOL (SNP),Barbara HARVIE (Grn),Kenneth GUNN (Ind),Gordon EDGAR (Ind),David BLACK (Ind),Nancy NORMAN (LD),Scott REDPATH (Lab),Michelle BALLANTYNE (Con),skipped,,9
742,Elaine THORNTON-NICOL (SNP),Barbara HARVIE (Grn),Kenneth GUNN (Ind),Gordon EDGAR (Ind),David BLACK (Ind),Nancy NORMAN (LD),Scott REDPATH (Lab),Michelle BALLANTYNE (Con),skipped,,9
743,Elaine THORNTON-NICOL (SNP),Barbara HARVIE (Grn),Kenneth GUNN (Ind),Gordon EDGAR (Ind),David BLACK (Ind),Nancy NORMAN (LD),Scott REDPATH (Lab),Michelle BALLANTYNE (Con),skipped,,9
744,Elaine THORNTON-NICOL (SNP),Barbara HARVIE (Grn),Kenneth GUNN (Ind),Gordon EDGAR (Ind),David BLACK (Ind),Nancy NORMAN (LD),Scott REDPATH (Lab),Michelle BALLANTYNE (Con),skipped,,9
745,Elaine THORNTON-NICOL (SNP),Barbara HARVIE (Grn),Kenneth GUNN (Ind),Gordon EDGAR (Ind),David BLACK (Ind),Nancy NORMAN (LD),Scott REDPATH (Lab),Michelle BALLANTYNE (Con),skipped,,9
746,Elaine THORNTON-NICOL (SNP),Barbara HARVIE (Grn),Kenneth GUNN (Ind),Gordon EDGAR (Ind),David BLACK (Ind),Scott REDPATH (Lab),Nancy NORMAN (LD),Michelle BALLANTYNE (Con),skipped,,9
747,Elaine THORNTON-NICOL (SNP),Barbara HARVIE (Grn),Kenneth GUNN (Ind),Gordon EDGAR (Ind),David BLACK (Ind),Scott REDPATH (Lab),Nancy NORMAN (LD),Michelle BALLANTYNE (Con),skipped,,9
748,Elaine THORNTON-NICOL (SNP),Barbara HARVIE (Grn),Kenneth GUNN (Ind),Gordon EDGAR (Ind),David BLACK (Ind),Scott REDPATH (Lab),Nancy NORMAN (LD),Michelle BALLANTYNE (Con),skipped,,9
749,Elaine THORNTON-NICOL (SNP),Barbara HARVIE (Grn),Kenneth GUNN (Ind),Gordon EDGAR (Ind),David BLACK (Ind),Scott REDPATH (Lab),Nancy NORMAN (LD),Michelle BALLANTYNE (Con),skipped,,9
750,Elaine THORNTON-NICOL (SNP),Barbara HARVIE (Grn),Kenneth GUNN (Ind),Gordon EDGAR (Ind),Nancy NORMAN (LD),David BLACK (Ind),Scott REDPATH (Lab),Michelle BALLANTYNE (Con),skipped,,9
751,Elaine THORNTON-NICOL (SNP),Barbara HARVIE (Grn),Kenneth GUNN (Ind),Gordon EDGAR (Ind),Nancy NORMAN (LD),David BLACK (Ind),Scott REDPATH (Lab),Michelle BALLANTYNE (Con),skipped,,9
752,Elaine THORNTON-NICOL (SNP),Barbara HARVIE (Grn),Kenneth GUNN (Ind),Gordon EDGAR (Ind),Scott REDPATH (Lab),Nancy NORMAN (LD),David BLACK (Ind),Michelle BALLANTYNE (Con),skipped,,9
753,Elaine THORNTON-NICOL (SNP),Barbara HARVIE (Grn),Kenneth GUNN (Ind),Nancy NORMAN (LD),skipped,skipped,skipped,skipped,skipped,,9
754,Elaine THORNTON-NICOL (SNP),Barbara HARVIE (Grn),Kenneth GUNN (Ind),Nancy NORMAN (LD),Gordon EDGAR (Ind),David BLACK (Ind),Scott REDPATH (Lab),Michelle BALLANTYNE (Con),skipped,,9
755,Elaine THORNTON-NICOL (SNP),Barbara HARVIE (Grn),Kenneth GUNN (Ind),Nancy NORMAN (LD),Scott REDPATH (Lab),David BLACK (Ind),Michelle BALLANTYNE (Con),Gordon EDGAR (Ind),skipped,,9
756,Elaine THORNTON-NICOL (SNP),Barbara HARVIE (Grn),Kenneth GUNN (Ind),Nancy NORMAN (LD),Scott REDPATH (Lab),Gordon EDGAR (Ind),David BLACK (Ind),Michelle BALLANTYNE (Con),skipped,,9
757,Elaine THORNTON-NICOL (SNP),Barbara HARVIE (Grn),Kenneth GUNN (Ind),Scott REDPATH (Lab),Gordon EDGAR (Ind),Michelle BALLANTYNE (Con),David BLACK (Ind),Nancy NORMAN (LD),skipped,,9
758,Elaine THORNTON-NICOL (SNP),Barbara HARVIE (Grn),Kenneth GUNN (Ind),Scott REDPATH (Lab),Gordon EDGAR (Ind),David BLACK (Ind),Nancy NORMAN (LD),Michelle BALLANTYNE (Con),skipped,,9
759,Elaine THORNTON-NICOL (SNP),Barbara HARVIE (Grn),Kenneth GUNN (Ind),Scott REDPATH (Lab),Nancy NORMAN (LD),Gordon EDGAR (Ind),skipped,skipped,skipped,,9
760,Elaine THORNTON-NICOL (SNP),Barbara HARVIE (Grn),Kenneth GUNN (Ind),Scott REDPATH (Lab),Nancy NORMAN (LD),Gordon EDGAR (Ind),David BLACK (Ind),Michelle BALLANTYNE (Con),skipped,,9
761,Elaine THORNTON-NICOL (SNP),Barbara HARVIE (Grn),Michelle BALLANTYNE (Con),skipped,skipped,skipped,skipped,skipped,skipped,,9
762,Elaine THORNTON-NICOL (SNP),Barbara HARVIE (Grn),Michelle BALLANTYNE (Con),Kenneth GUNN (Ind),skipped,skipped,skipped,skipped,skipped,,9
763,Elaine THORNTON-NICOL (SNP),Barbara HARVIE (Grn),skipped,skipped,skipped,skipped,skipped,skipped,skipped,,9
764,Elaine THORNTON-NICOL (SNP),Barbara HARVIE (Grn),skipped,skipped,skipped,skipped,skipped,skipped,skipped,,9
765,Elaine THORNTON-NICOL (SNP),Barbara HARVIE (Grn),Michelle BALLANTYNE (Con),David BLACK (Ind),Gordon EDGAR (Ind),Kenneth GUNN (Ind),Nancy NORMAN (LD),Scott REDPATH (Lab),skipped,,9
766,Elaine THORNTON-NICOL (SNP),Barbara HARVIE (Grn),David BLACK (Ind),skipped,skipped,skipped,skipped,skipped,skipped,,9
767,Elaine THORNTON-NICOL (SNP),Barbara HARVIE (Grn),David BLACK (Ind),skipped,skipped,skipped,skipped,skipped,skipped,,9
768,Elaine THORNTON-NICOL (SNP),Barbara HARVIE (Grn),David BLACK (Ind),skipped,skipped,skipped,skipped,skipped,skipped,,9
769,Elaine THORNTON-NICOL (SNP),Barbara HARVIE (Grn),David BLACK (Ind),skipped,skipped,skipped,skipped,skipped,skipped,,9
770,Elaine THORNTON-NICOL (SNP),Barbara HARVIE (Grn),David BLACK (Ind),skipped,skipped,skipped,skipped,skipped,skipped,,9
771,Elaine THORNTON-NICOL (SNP),Barbara HARVIE (Grn),David BLACK (Ind),skipped,skipped,skipped,skipped,skipped,skipped,,9
772,Elaine THORNTON-NICOL (SNP),Barbara HARVIE (Grn),David BLACK (Ind),skipped,skipped,skipped,skipped,skipped,skipped,,9
773,Elaine THORNTON-NICOL (SNP),Barbara HARVIE (Grn),David BLACK (Ind),skipped,skipped,skipped,skipped,skipped,skipped,,9
774,Elaine THORNTON-NICOL (SNP),Barbara HARVIE (Grn),David BLACK (Ind),skipped,skipped,skipped,skipped,skipped,skipped,,9
775,Elaine THORNTON-NICOL (SNP),Barbara HARVIE (Grn),David BLACK (Ind),skipped,skipped,skipped,skipped,skipped,skipped,,9
776,Elaine THORNTON-NICOL (SNP),Barbara HARVIE (Grn),David BLACK (Ind),skipped,skipped,skipped,skipped,skipped,skipped,,9
777,Elaine THORNTON-NICOL (SNP),Barbara HARVIE (Grn),David BLACK (Ind),Kenneth GUNN (Ind),skipped,skipped,skipped,skipped,skipped,,9
778,Elaine THORNTON-NICOL (SNP),Barbara HARVIE (Grn),David BLACK (Ind),Kenneth GUNN (Ind),Gordon EDGAR (Ind),Nancy NORMAN (LD),Scott REDPATH (Lab),Michelle BALLANTYNE (Con),skipped,,9
779,Elaine THORNTON-NICOL (SNP),Barbara HARVIE (Grn),David BLACK (Ind),Kenneth GUNN (Ind),Gordon EDGAR (Ind),Nancy NORMAN (LD),Scott REDPATH (Lab),Michelle BALLANTYNE (Con),skipped,,9
780,Elaine THORNTON-NICOL (SNP),Barbara HARVIE (Grn),David BLACK (Ind),Kenneth GUNN (Ind),Gordon EDGAR (Ind),Scott REDPATH (Lab),Nancy NORMAN (LD),Michelle BALLANTYNE (Con),skipped,,9
781,Elaine THORNTON-NICOL (SNP),Barbara HARVIE (Grn),David BLACK (Ind),Gordon EDGAR (Ind),skipped,skipped,skipped,skipped,skipped,,9
782,Elaine THORNTON-NICOL (SNP),Barbara HARVIE (Grn),David BLACK (Ind),Gordon EDGAR (Ind),Kenneth GUNN (Ind),Nancy NORMAN (LD),Michelle BALLANTYNE (Con),Scott REDPATH (Lab),skipped,,9
783,Elaine THORNTON-NICOL (SNP),Barbara HARVIE (Grn),David BLACK (Ind),Gordon EDGAR (Ind),Kenneth GUNN (Ind),Nancy NORMAN (LD),Michelle BALLANTYNE (Con),Scott REDPATH (Lab),skipped,,9
784,Elaine THORNTON-NICOL (SNP),Barbara HARVIE (Grn),David BLACK (Ind),Gordon EDGAR (Ind),Kenneth GUNN (Ind),Nancy NORMAN (LD),Scott REDPATH (Lab),Michelle BALLANTYNE (Con),skipped,,9
785,Elaine THORNTON-NICOL (SNP),Barbara HARVIE (Grn),David BLACK (Ind),Gordon EDGAR (Ind),Kenneth GUNN (Ind),Nancy NORMAN (LD),Scott REDPATH (Lab),Michelle BALLANTYNE (Con),skipped,,9
786,Elaine THORNTON-NICOL (SNP),Barbara HARVIE (Grn),David BLACK (Ind),Gordon EDGAR (Ind),Kenneth GUNN (Ind),Nancy NORMAN (LD),Scott REDPATH (Lab),Michelle BALLANTYNE (Con),skipped,,9
787,Elaine THORNTON-NICOL (SNP),Barbara HARVIE (Grn),David BLACK (Ind),Gordon EDGAR (Ind),Kenneth GUNN (Ind),Scott REDPATH (Lab),Nancy NORMAN (LD),Michelle BALLANTYNE (Con),skipped,,9
788,Elaine THORNTON-NICOL (SNP),Barbara HARVIE (Grn),David BLACK (Ind),Gordon EDGAR (Ind),Kenneth GUNN (Ind),Scott REDPATH (Lab),Nancy NORMAN (LD),Michelle BALLANTYNE (Con),skipped,,9
789,Elaine THORNTON-NICOL (SNP),Barbara HARVIE (Grn),David BLACK (Ind),Gordon EDGAR (Ind),Nancy NORMAN (LD),Kenneth GUNN (Ind),Scott REDPATH (Lab),Michelle BALLANTYNE (Con),skipped,,9
790,Elaine THORNTON-NICOL (SNP),Barbara HARVIE (Grn),David BLACK (Ind),Nancy NORMAN (LD),Kenneth GUNN (Ind),Gordon EDGAR (Ind),Scott REDPATH (Lab),skipped,skipped,,9
791,Elaine THORNTON-NICOL (SNP),Barbara HARVIE (Grn),David BLACK (Ind),Scott REDPATH (Lab),skipped,skipped,skipped,skipped,skipped,,9
792,Elaine THORNTON-NICOL (SNP),Barbara HARVIE (Grn),David BLACK (Ind),Scott REDPATH (Lab),Nancy NORMAN (LD),skipped,skipped,skipped,skipped,,9
793,Elaine THORNTON-NICOL (SNP),Barbara HARVIE (Grn),David BLACK (Ind),Scott REDPATH (Lab),Nancy NORMAN (LD),Kenneth GUNN (Ind),Gordon EDGAR (Ind),Michelle BALLANTYNE (Con),skipped,,9
794,Elaine THORNTON-NICOL (SNP),Barbara HARVIE (Grn),David BLACK (Ind),Scott REDPATH (Lab),Nancy NORMAN (LD),Gordon EDGAR (Ind),Kenneth GUNN (Ind),Michelle BALLANTYNE (Con),skipped,,9
795,Elaine THORNTON-NICOL (SNP),Barbara HARVIE (Grn),David BLACK (Ind),Scott REDPATH (Lab),Nancy NORMAN (LD),Gordon EDGAR (Ind),Kenneth GUNN (Ind),Michelle BALLANTYNE (Con),skipped,,9
796,Elaine THORNTON-NICOL (SNP),Barbara HARVIE (Grn),Gordon EDGAR (Ind),skipped,skipped,skipped,skipped,skipped,skipped,,9
797,Elaine THORNTON-NICOL (SNP),Barbara HARVIE (Grn),Gordon EDGAR (Ind),skipped,skipped,skipped,skipped,skipped,skipped,,9
798,Elaine THORNTON-NICOL (SNP),Barbara HARVIE (Grn),Gordon EDGAR (Ind),skipped,skipped,skipped,skipped,skipped,skipped,,9
799,Elaine THORNTON-NICOL (SNP),Barbara HARVIE (Grn),Gordon EDGAR (Ind),skipped,skipped,skipped,skipped,skipped,skipped,,9
800,Elaine THORNTON-NICOL (SNP),Barbara HARVIE (Grn),Gordon EDGAR (Ind),skipped,skipped,skipped,skipped,skipped,skipped,,9
801,Elaine THORNTON-NICOL (SNP),Barbara HARVIE (Grn),Gordon EDGAR (Ind),skipped,skipped,skipped,skipped,skipped,skipped,,9
802,Elaine THORNTON-NICOL (SNP),Barbara HARVIE (Grn),Gordon EDGAR (Ind),skipped,skipped,skipped,skipped,skipped,skipped,,9
803,Elaine THORNTON-NICOL (SNP),Barbara HARVIE (Grn),Gordon EDGAR (Ind),skipped,skipped,skipped,skipped,skipped,skipped,,9
804,Elaine THORNTON-NICOL (SNP),Barbara HARVIE (Grn),Gordon EDGAR (Ind),skipped,skipped,skipped,skipped,skipped,skipped,,9
805,Elaine THORNTON-NICOL (SNP),Barbara HARVIE (Grn),Gordon EDGAR (Ind),skipped,skipped,skipped,skipped,skipped,skipped,,9
806,Elaine THORNTON-NICOL (SNP),Barbara HARVIE (Grn),Gordon EDGAR (Ind),skipped,skipped,skipped,skipped,skipped,skipped,,9
807,Elaine THORNTON-NICOL (SNP),Barbara HARVIE (Grn),Gordon EDGAR (Ind),skipped,skipped,skipped,skipped,skipped,skipped,,9
808,Elaine THORNTON-NICOL (SNP),Barbara HARVIE (Grn),Gordon EDGAR (Ind),skipped,skipped,skipped,skipped,skipped,skipped,,9
809,Elaine THORNTON-NICOL (SNP),Barbara HARVIE (Grn),Gordon EDGAR (Ind),skipped,skipped,skipped,skipped,skipped,skipped,,9
810,Elaine THORNTON-NICOL (SNP),Barbara HARVIE (Grn),Gordon EDGAR (Ind),skipped,skipped,skipped,skipped,skipped,skipped,,9
811,Elaine THORNTON-NICOL (SNP),Barbara HARVIE (Grn),Gordon EDGAR (Ind),skipped,skipped,skipped,skipped,skipped,skipped,,9
812,Elaine THORNTON-NICOL (SNP),Barbara HARVIE (Grn),Gordon EDGAR (Ind),skipped,skipped,skipped,skipped,skipped,skipped,,9
813,Elaine THORNTON-NICOL (SNP),Barbara HARVIE (Grn),Gordon EDGAR (Ind),skipped,skipped,skipped,skipped,skipped,skipped,,9
814,Elaine THORNTON-NICOL (SNP),Barbara HARVIE (Grn),Gordon EDGAR (Ind),skipped,skipped,skipped,skipped,skipped,skipped,,9
815,Elaine THORNTON-NICOL (SNP),Barbara HARVIE (Grn),Gordon EDGAR (Ind),skipped,skipped,skipped,skipped,skipped,skipped,,9
816,Elaine THORNTON-NICOL (SNP),Barbara HARVIE (Grn),Gordon EDGAR (Ind),skipped,skipped,skipped,skipped,skipped,skipped,,9
817,Elaine THORNTON-NICOL (SNP),Barbara HARVIE (Grn),Gordon EDGAR (Ind),skipped,skipped,skipped,skipped,skipped,skipped,,9
818,Elaine THORNTON-NICOL (SNP),Barbara HARVIE (Grn),Gordon EDGAR (Ind),Kenneth GUNN (Ind),skipped,skipped,skipped,skipped,skipped,,9
819,Elaine THORNTON-NICOL (SNP),Barbara HARVIE (Grn),Gordon EDGAR (Ind),Kenneth GUNN (Ind),David BLACK (Ind),skipped,skipped,skipped,skipped,,9
820,Elaine THORNTON-NICOL (SNP),Barbara HARVIE (Grn),Gordon EDGAR (Ind),Kenneth GUNN (Ind),David BLACK (Ind),Nancy NORMAN (LD),skipped,skipped,skipped,,9
821,Elaine THORNTON-NICOL (SNP),Barbara HARVIE (Grn),Gordon EDGAR (Ind),Kenneth GUNN (Ind),David BLACK (Ind),Nancy NORMAN (LD),skipped,skipped,skipped,,9
822,Elaine THORNTON-NICOL (SNP),Barbara HARVIE (Grn),Gordon EDGAR (Ind),Kenneth GUNN (Ind),David BLACK (Ind),Nancy NORMAN (LD),skipped,skipped,skipped,,9
823,Elaine THORNTON-NICOL (SNP),Barbara HARVIE (Grn),Gordon EDGAR (Ind),Kenneth GUNN (Ind),David BLACK (Ind),Nancy NORMAN (LD),Scott REDPATH (Lab),Michelle BALLANTYNE (Con),skipped,,9
824,Elaine THORNTON-NICOL (SNP),Barbara HARVIE (Grn),Gordon EDGAR (Ind),Kenneth GUNN (Ind),David BLACK (Ind),Nancy NORMAN (LD),Scott REDPATH (Lab),Michelle BALLANTYNE (Con),skipped,,9
825,Elaine THORNTON-NICOL (SNP),Barbara HARVIE (Grn),Gordon EDGAR (Ind),Kenneth GUNN (Ind),David BLACK (Ind),Nancy NORMAN (LD),Scott REDPATH (Lab),Michelle BALLANTYNE (Con),skipped,,9
826,Elaine THORNTON-NICOL (SNP),Barbara HARVIE (Grn),Gordon EDGAR (Ind),Kenneth GUNN (Ind),David BLACK (Ind),Nancy NORMAN (LD),Scott REDPATH (Lab),Michelle BALLANTYNE (Con),skipped,,9
827,Elaine THORNTON-NICOL (SNP),Barbara HARVIE (Grn),Gordon EDGAR (Ind),Kenneth GUNN (Ind),David BLACK (Ind),Nancy NORMAN (LD),Scott REDPATH (Lab),Michelle BALLANTYNE (Con),skipped,,9
828,Elaine THORNTON-NICOL (SNP),Barbara HARVIE (Grn),Gordon EDGAR (Ind),Kenneth GUNN (Ind),David BLACK (Ind),Scott REDPATH (Lab),Nancy NORMAN (LD),Michelle BALLANTYNE (Con),skipped,,9
829,Elaine THORNTON-NICOL (SNP),Barbara HARVIE (Grn),Gordon EDGAR (Ind),Kenneth GUNN (Ind),David BLACK (Ind),Scott REDPATH (Lab),Nancy NORMAN (LD),Michelle BALLANTYNE (Con),skipped,,9
830,Elaine THORNTON-NICOL (SNP),Barbara HARVIE (Grn),Gordon EDGAR (Ind),David BLACK (Ind),skipped,skipped,skipped,skipped,skipped,,9
831,Elaine THORNTON-NICOL (SNP),Barbara HARVIE (Grn),Gordon EDGAR (Ind),David BLACK (Ind),skipped,skipped,skipped,skipped,skipped,,9
832,Elaine THORNTON-NICOL (SNP),Barbara HARVIE (Grn),Gordon EDGAR (Ind),David BLACK (Ind),Kenneth GUNN (Ind),Nancy NORMAN (LD),Scott REDPATH (Lab),Michelle BALLANTYNE (Con),skipped,,9
833,Elaine THORNTON-NICOL (SNP),Barbara HARVIE (Grn),Gordon EDGAR (Ind),David BLACK (Ind),Kenneth GUNN (Ind),Nancy NORMAN (LD),Scott REDPATH (Lab),Michelle BALLANTYNE (Con),skipped,,9
834,Elaine THORNTON-NICOL (SNP),Barbara HARVIE (Grn),Gordon EDGAR (Ind),David BLACK (Ind),Kenneth GUNN (Ind),Nancy NORMAN (LD),Scott REDPATH (Lab),Michelle BALLANTYNE (Con),skipped,,9
835,Elaine THORNTON-NICOL (SNP),Barbara HARVIE (Grn),Gordon EDGAR (Ind),David BLACK (Ind),Kenneth GUNN (Ind),Scott REDPATH (Lab),Nancy NORMAN (LD),Michelle BALLANTYNE (Con),skipped,,9
836,Elaine THORNTON-NICOL (SNP),Barbara HARVIE (Grn),Gordon EDGAR (Ind),Nancy NORMAN (LD),Scott REDPATH (Lab),Kenneth GUNN (Ind),David BLACK (Ind),Michelle BALLANTYNE (Con),skipped,,9
837,Elaine THORNTON-NICOL (SNP),Barbara HARVIE (Grn),Gordon EDGAR (Ind),Nancy NORMAN (LD),Scott REDPATH (Lab),Kenneth GUNN (Ind),David BLACK (Ind),Michelle BALLANTYNE (Con),skipped,,9
838,Elaine THORNTON-NICOL (SNP),Barbara HARVIE (Grn),Gordon EDGAR (Ind),Scott REDPATH (Lab),skipped,skipped,skipped,skipped,skipped,,9
839,Elaine THORNTON-NICOL (SNP),Barbara HARVIE (Grn),Gordon EDGAR (Ind),Scott REDPATH (Lab),Kenneth GUNN (Ind),David BLACK (Ind),Nancy NORMAN (LD),Michelle BALLANTYNE (Con),skipped,,9
840,Elaine THORNTON-NICOL (SNP),Barbara HARVIE (Grn),Gordon EDGAR (Ind),Scott REDPATH (Lab),David BLACK (Ind),Nancy NORMAN (LD),skipped,skipped,skipped,,9
841,Elaine THORNTON-NICOL (SNP),Barbara HARVIE (Grn),Gordon EDGAR (Ind),Scott REDPATH (Lab),Nancy NORMAN (LD),David BLACK (Ind),Kenneth GUNN (Ind),Michelle BALLANTYNE (Con),skipped,,9
842,Elaine THORNTON-NICOL (SNP),Barbara HARVIE (Grn),Nancy NORMAN (LD),skipped,skipped,skipped,skipped,skipped,skipped,,9
843,Elaine THORNTON-NICOL (SNP),Barbara HARVIE (Grn),Nancy NORMAN (LD),skipped,skipped,skipped,skipped,skipped,skipped,,9
844,Elaine THORNTON-NICOL (SNP),Barbara HARVIE (Grn),Nancy NORMAN (LD),skipped,skipped,skipped,skipped,skipped,skipped,,9
845,Elaine THORNTON-NICOL (SNP),Barbara HARVIE (Grn),Nancy NORMAN (LD),skipped,skipped,skipped,skipped,skipped,skipped,,9
846,Elaine THORNTON-NICOL (SNP),Barbara HARVIE (Grn),Nancy NORMAN (LD),skipped,skipped,skipped,skipped,skipped,skipped,,9
847,Elaine THORNTON-NICOL (SNP),Barbara HARVIE (Grn),Nancy NORMAN (LD),skipped,skipped,skipped,skipped,skipped,skipped,,9
848,Elaine THORNTON-NICOL (SNP),Barbara HARVIE (Grn),Nancy NORMAN (LD),skipped,skipped,skipped,skipped,skipped,skipped,,9
849,Elaine THORNTON-NICOL (SNP),Barbara HARVIE (Grn),Nancy NORMAN (LD),skipped,skipped,skipped,skipped,skipped,skipped,,9
850,Elaine THORNTON-NICOL (SNP),Barbara HARVIE (Grn),Nancy NORMAN (LD),skipped,skipped,skipped,skipped,skipped,skipped,,9
851,Elaine THORNTON-NICOL (SNP),Barbara HARVIE (Grn),Nancy NORMAN (LD),skipped,skipped,skipped,skipped,skipped,skipped,,9
852,Elaine THORNTON-NICOL (SNP),Barbara HARVIE (Grn),Nancy NORMAN (LD),skipped,skipped,skipped,skipped,skipped,skipped,,9
853,Elaine THORNTON-NICOL (SNP),Barbara HARVIE (Grn),Nancy NORMAN (LD),skipped,skipped,skipped,skipped,skipped,skipped,,9
854,Elaine THORNTON-NICOL (SNP),Barbara HARVIE (Grn),Nancy NORMAN (LD),skipped,skipped,skipped,skipped,skipped,skipped,,9
855,Elaine THORNTON-NICOL (SNP),Barbara HARVIE (Grn),Nancy NORMAN (LD),skipped,skipped,skipped,skipped,skipped,skipped,,9
856,Elaine THORNTON-NICOL (SNP),Barbara HARVIE (Grn),Nancy NORMAN (LD),skipped,skipped,skipped,skipped,skipped,skipped,,9
857,Elaine THORNTON-NICOL (SNP),Barbara HARVIE (Grn),Nancy NORMAN (LD),skipped,skipped,skipped,skipped,skipped,skipped,,9
858,Elaine THORNTON-NICOL (SNP),Barbara HARVIE (Grn),Nancy NORMAN (LD),skipped,skipped,skipped,skipped,skipped,skipped,,9
859,Elaine THORNTON-NICOL (SNP),Barbara HARVIE (Grn),Nancy NORMAN (LD),skipped,skipped,skipped,skipped,skipped,skipped,,9
860,Elaine THORNTON-NICOL (SNP),Barbara HARVIE (Grn),Nancy NORMAN (LD),skipped,skipped,skipped,skipped,skipped,skipped,,9
861,Elaine THORNTON-NICOL (SNP),Barbara HARVIE (Grn),Nancy NORMAN (LD),skipped,skipped,skipped,skipped,skipped,skipped,,9
862,Elaine THORNTON-NICOL (SNP),Barbara HARVIE (Grn),Nancy NORMAN (LD),skipped,skipped,skipped,skipped,skipped,skipped,,9
863,Elaine THORNTON-NICOL (SNP),Barbara HARVIE (Grn),Nancy NORMAN (LD),skipped,skipped,skipped,skipped,skipped,skipped,,9
864,Elaine THORNTON-NICOL (SNP),Barbara HARVIE (Grn),Nancy NORMAN (LD),skipped,skipped,skipped,skipped,skipped,skipped,,9
865,Elaine THORNTON-NICOL (SNP),Barbara HARVIE (Grn),Nancy NORMAN (LD),skipped,skipped,skipped,skipped,skipped,skipped,,9
866,Elaine THORNTON-NICOL (SNP),Barbara HARVIE (Grn),Nancy NORMAN (LD),Kenneth GUNN (Ind),skipped,skipped,skipped,skipped,skipped,,9
867,Elaine THORNTON-NICOL (SNP),Barbara HARVIE (Grn),Nancy NORMAN (LD),Kenneth GUNN (Ind),skipped,skipped,skipped,skipped,skipped,,9
868,Elaine THORNTON-NICOL (SNP),Barbara HARVIE (Grn),Nancy NORMAN (LD),Kenneth GUNN (Ind),Gordon EDGAR (Ind),skipped,skipped,skipped,skipped,,9
869,Elaine THORNTON-NICOL (SNP),Barbara HARVIE (Grn),Nancy NORMAN (LD),Kenneth GUNN (Ind),Gordon EDGAR (Ind),David BLACK (Ind),skipped,skipped,skipped,,9
870,Elaine THORNTON-NICOL (SNP),Barbara HARVIE (Grn),Nancy NORMAN (LD),Kenneth GUNN (Ind),Gordon EDGAR (Ind),David BLACK (Ind),Scott REDPATH (Lab),Michelle BALLANTYNE (Con),skipped,,9
871,Elaine THORNTON-NICOL (SNP),Barbara HARVIE (Grn),Nancy NORMAN (LD),Kenneth GUNN (Ind),Scott REDPATH (Lab),David BLACK (Ind),Gordon EDGAR (Ind),Michelle BALLANTYNE (Con),skipped,,9
872,Elaine THORNTON-NICOL (SNP),Barbara HARVIE (Grn),Nancy NORMAN (LD),Kenneth GUNN (Ind),Scott REDPATH (Lab),Gordon EDGAR (Ind),David BLACK (Ind),Michelle BALLANTYNE (Con),skipped,,9
873,Elaine THORNTON-NICOL (SNP),Barbara HARVIE (Grn),Nancy NORMAN (LD),David BLACK (Ind),skipped,skipped,skipped,skipped,skipped,,9
874,Elaine THORNTON-NICOL (SNP),Barbara HARVIE (Grn),Nancy NORMAN (LD),David BLACK (Ind),skipped,skipped,skipped,skipped,skipped,,9
875,Elaine THORNTON-NICOL (SNP),Barbara HARVIE (Grn),Nancy NORMAN (LD),David BLACK (Ind),Gordon EDGAR (Ind),Kenneth GUNN (Ind),Scott REDPATH (Lab),Michelle BALLANTYNE (Con),skipped,,9
876,Elaine THORNTON-NICOL (SNP),Barbara HARVIE (Grn),Nancy NORMAN (LD),David BLACK (Ind),Gordon EDGAR (Ind),Kenneth GUNN (Ind),Scott REDPATH (Lab),Michelle BALLANTYNE (Con),skipped,,9
877,Elaine THORNTON-NICOL (SNP),Barbara HARVIE (Grn),Nancy NORMAN (LD),David BLACK (Ind),Gordon EDGAR (Ind),Kenneth GUNN (Ind),Scott REDPATH (Lab),Michelle BALLANTYNE (Con),skipped,,9
878,Elaine THORNTON-NICOL (SNP),Barbara HARVIE (Grn),Nancy NORMAN (LD),Gordon EDGAR (Ind),skipped,skipped,skipped,skipped,skipped,,9
879,Elaine THORNTON-NICOL (SNP),Barbara HARVIE (Grn),Nancy NORMAN (LD),Gordon EDGAR (Ind),Kenneth GUNN (Ind),David BLACK (Ind),Scott REDPATH (Lab),Michelle BALLANTYNE (Con),skipped,,9
880,Elaine THORNTON-NICOL (SNP),Barbara HARVIE (Grn),Nancy NORMAN (LD),Gordon EDGAR (Ind),David BLACK (Ind),Kenneth GUNN (Ind),Scott REDPATH (Lab),Michelle BALLANTYNE (Con),skipped,,9
881,Elaine THORNTON-NICOL (SNP),Barbara HARVIE (Grn),Nancy NORMAN (LD),Scott REDPATH (Lab),skipped,skipped,skipped,skipped,skipped,,9
882,Elaine THORNTON-NICOL (SNP),Barbara HARVIE (Grn),Nancy NORMAN (LD),Scott REDPATH (Lab),skipped,skipped,skipped,skipped,skipped,,9
883,Elaine THORNTON-NICOL (SNP),Barbara HARVIE (Grn),Nancy NORMAN (LD),Scott REDPATH (Lab),skipped,skipped,skipped,skipped,skipped,,9
884,Elaine THORNTON-NICOL (SNP),Barbara HARVIE (Grn),Nancy NORMAN (LD),Scott REDPATH (Lab),skipped,skipped,skipped,skipped,skipped,,9
885,Elaine THORNTON-NICOL (SNP),Barbara HARVIE (Grn),Nancy NORMAN (LD),Scott REDPATH (Lab),skipped,skipped,skipped,skipped,skipped,,9
886,Elaine THORNTON-NICOL (SNP),Barbara HARVIE (Grn),Nancy NORMAN (LD),Scott REDPATH (Lab),skipped,skipped,skipped,skipped,skipped,,9
887,Elaine THORNTON-NICOL (SNP),Barbara HARVIE (Grn),Nancy NORMAN (LD),Scott REDPATH (Lab),skipped,skipped,skipped,skipped,skipped,,9
888,Elaine THORNTON-NICOL (SNP),Barbara HARVIE (Grn),Nancy NORMAN (LD),Scott REDPATH (Lab),skipped,skipped,skipped,skipped,skipped,,9
889,Elaine THORNTON-NICOL (SNP),Barbara HARVIE (Grn),Nancy NORMAN (LD),Scott REDPATH (Lab),Kenneth GUNN (Ind),David BLACK (Ind),Michelle BALLANTYNE (Con),Gordon EDGAR (Ind),skipped,,9
890,Elaine THORNTON-NICOL (SNP),Barbara HARVIE (Grn),Nancy NORMAN (LD),Scott REDPATH (Lab),Kenneth GUNN (Ind),David BLACK (Ind),Gordon EDGAR (Ind),skipped,skipped,,9
891,Elaine THORNTON-NICOL (SNP),Barbara HARVIE (Grn),Nancy NORMAN (LD),Scott REDPATH (Lab),Kenneth GUNN (Ind),David BLACK (Ind),Gordon EDGAR (Ind),Michelle BALLANTYNE (Con),skipped,,9
892,Elaine THORNTON-NICOL (SNP),Barbara HARVIE (Grn),Nancy NORMAN (LD),Scott REDPATH (Lab),Kenneth GUNN (Ind),David BLACK (Ind),Gordon EDGAR (Ind),Michelle BALLANTYNE (Con),skipped,,9
893,Elaine THORNTON-NICOL (SNP),Barbara HARVIE (Grn),Nancy NORMAN (LD),Scott REDPATH (Lab),Kenneth GUNN (Ind),Gordon EDGAR (Ind),David BLACK (Ind),Michelle BALLANTYNE (Con),skipped,,9
894,Elaine THORNTON-NICOL (SNP),Barbara HARVIE (Grn),Nancy NORMAN (LD),Scott REDPATH (Lab),Kenneth GUNN (Ind),Gordon EDGAR (Ind),David BLACK (Ind),Michelle BALLANTYNE (Con),skipped,,9
895,Elaine THORNTON-NICOL (SNP),Barbara HARVIE (Grn),Nancy NORMAN (LD),Scott REDPATH (Lab),Kenneth GUNN (Ind),Gordon EDGAR (Ind),David BLACK (Ind),Michelle BALLANTYNE (Con),skipped,,9
896,Elaine THORNTON-NICOL (SNP),Barbara HARVIE (Grn),Nancy NORMAN (LD),Scott REDPATH (Lab),Michelle BALLANTYNE (Con),skipped,skipped,skipped,skipped,,9
897,Elaine THORNTON-NICOL (SNP),Barbara HARVIE (Grn),Nancy NORMAN (LD),Scott REDPATH (Lab),Michelle BALLANTYNE (Con),skipped,skipped,skipped,skipped,,9
898,Elaine THORNTON-NICOL (SNP),Barbara HARVIE (Grn),Nancy NORMAN (LD),Scott REDPATH (Lab),David BLACK (Ind),Gordon EDGAR (Ind),Kenneth GUNN (Ind),Michelle BALLANTYNE (Con),skipped,,9
899,Elaine THORNTON-NICOL (SNP),Barbara HARVIE (Grn),Nancy NORMAN (LD),Scott REDPATH (Lab),Gordon EDGAR (Ind),skipped,skipped,skipped,skipped,,9
900,Elaine THORNTON-NICOL (SNP),Barbara HARVIE (Grn),Scott REDPATH (Lab),skipped,skipped,skipped,skipped,skipped,skipped,,9
901,Elaine THORNTON-NICOL (SNP),Barbara HARVIE (Grn),Scott REDPATH (Lab),skipped,skipped,skipped,skipped,skipped,skipped,,9
902,Elaine THORNTON-NICOL (SNP),Barbara HARVIE (Grn),Scott REDPATH (Lab),skipped,skipped,skipped,skipped,skipped,skipped,,9
903,Elaine THORNTON-NICOL (SNP),Barbara HARVIE (Grn),Scott REDPATH (Lab),skipped,skipped,skipped,skipped,skipped,skipped,,9
904,Elaine THORNTON-NICOL (SNP),Barbara HARVIE (Grn),Scott REDPATH (Lab),skipped,skipped,skipped,skipped,skipped,skipped,,9
905,Elaine THORNTON-NICOL (SNP),Barbara HARVIE (Grn),Scott REDPATH (Lab),skipped,skipped,skipped,skipped,skipped,skipped,,9
906,Elaine THORNTON-NICOL (SNP),Barbara HARVIE (Grn),Scott REDPATH (Lab),skipped,skipped,skipped,skipped,skipped,skipped,,9
907,Elaine THORNTON-NICOL (SNP),Barbara HARVIE (Grn),Scott REDPATH (Lab),skipped,skipped,skipped,skipped,skipped,skipped,,9
908,Elaine THORNTON-NICOL (SNP),Barbara HARVIE (Grn),Scott REDPATH (Lab),skipped,skipped,skipped,skipped,skipped,skipped,,9
909,Elaine THORNTON-NICOL (SNP),Barbara HARVIE (Grn),Scott REDPATH (Lab),skipped,skipped,skipped,skipped,skipped,skipped,,9
910,Elaine THORNTON-NICOL (SNP),Barbara HARVIE (Grn),Scott REDPATH (Lab),skipped,skipped,skipped,skipped,skipped,skipped,,9
911,Elaine THORNTON-NICOL (SNP),Barbara HARVIE (Grn),Scott REDPATH (Lab),skipped,skipped,skipped,skipped,skipped,skipped,,9
912,Elaine THORNTON-NICOL (SNP),Barbara HARVIE (Grn),Scott REDPATH (Lab),skipped,skipped,skipped,skipped,skipped,skipped,,9
913,Elaine THORNTON-NICOL (SNP),Barbara HARVIE (Grn),Scott REDPATH (Lab),skipped,skipped,skipped,skipped,skipped,skipped,,9
914,Elaine THORNTON-NICOL (SNP),Barbara HARVIE (Grn),Scott REDPATH (Lab),skipped,skipped,skipped,skipped,skipped,skipped,,9
915,Elaine THORNTON-NICOL (SNP),Barbara HARVIE (Grn),Scott REDPATH (Lab),skipped,skipped,skipped,skipped,skipped,skipped,,9
916,Elaine THORNTON-NICOL (SNP),Barbara HARVIE (Grn),Scott REDPATH (Lab),skipped,skipped,skipped,skipped,skipped,skipped,,9
917,Elaine THORNTON-NICOL (SNP),Barbara HARVIE (Grn),Scott REDPATH (Lab),skipped,skipped,skipped,skipped,skipped,skipped,,9
918,Elaine THORNTON-NICOL (SNP),Barbara HARVIE (Grn),Scott REDPATH (Lab),skipped,skipped,skipped,skipped,skipped,skipped,,9
919,Elaine THORNTON-NICOL (SNP),Barbara HARVIE (Grn),Scott REDPATH (Lab),skipped,skipped,skipped,skipped,skipped,skipped,,9
920,Elaine THORNTON-NICOL (SNP),Barbara HARVIE (Grn),Scott REDPATH (Lab),skipped,skipped,skipped,skipped,skipped,skipped,,9
921,Elaine THORNTON-NICOL (SNP),Barbara HARVIE (Grn),Scott REDPATH (Lab),skipped,skipped,skipped,skipped,skipped,skipped,,9
922,Elaine THORNTON-NICOL (SNP),Barbara HARVIE (Grn),Scott REDPATH (Lab),skipped,skipped,skipped,skipped,skipped,skipped,,9
923,Elaine THORNTON-NICOL (SNP),Barbara HARVIE (Grn),Scott REDPATH (Lab),skipped,skipped,skipped,skipped,skipped,skipped,,9
924,Elaine THORNTON-NICOL (SNP),Barbara HARVIE (Grn),Scott REDPATH (Lab),skipped,skipped,skipped,skipped,skipped,skipped,,9
925,Elaine THORNTON-NICOL (SNP),Barbara HARVIE (Grn),Scott REDPATH (Lab),skipped,skipped,skipped,skipped,skipped,skipped,,9
926,Elaine THORNTON-NICOL (SNP),Barbara HARVIE (Grn),Scott REDPATH (Lab),skipped,skipped,skipped,skipped,skipped,skipped,,9
927,Elaine THORNTON-NICOL (SNP),Barbara HARVIE (Grn),Scott REDPATH (Lab),skipped,skipped,skipped,skipped,skipped,skipped,,9
928,Elaine THORNTON-NICOL (SNP),Barbara HARVIE (Grn),Scott REDPATH (Lab),skipped,skipped,skipped,skipped,skipped,skipped,,9
929,Elaine THORNTON-NICOL (SNP),Barbara HARVIE (Grn),Scott REDPATH (Lab),skipped,skipped,skipped,skipped,skipped,skipped,,9
930,Elaine THORNTON-NICOL (SNP),Barbara HARVIE (Grn),Scott REDPATH (Lab),skipped,skipped,skipped,skipped,skipped,skipped,,9
931,Elaine THORNTON-NICOL (SNP),Barbara HARVIE (Grn),Scott REDPATH (Lab),skipped,skipped,skipped,skipped,skipped,skipped,,9
932,Elaine THORNTON-NICOL (SNP),Barbara HARVIE (Grn),Scott REDPATH (Lab),skipped,skipped,skipped,skipped,skipped,skipped,,9
933,Elaine THORNTON-NICOL (SNP),Barbara HARVIE (Grn),Scott REDPATH (Lab),skipped,skipped,skipped,skipped,skipped,skipped,,9
934,Elaine THORNTON-NICOL (SNP),Barbara HARVIE (Grn),Scott REDPATH (Lab),skipped,skipped,skipped,skipped,skipped,skipped,,9
935,Elaine THORNTON-NICOL (SNP),Barbara HARVIE (Grn),Scott REDPATH (Lab),Kenneth GUNN (Ind),skipped,skipped,skipped,skipped,skipped,,9
936,Elaine THORNTON-NICOL (SNP),Barbara HARVIE (Grn),Scott REDPATH (Lab),Gordon EDGAR (Ind),David BLACK (Ind),Kenneth GUNN (Ind),Nancy NORMAN (LD),Michelle BALLANTYNE (Con),skipped,,9
937,Elaine THORNTON-NICOL (SNP),Barbara HARVIE (Grn),Scott REDPATH (Lab),Gordon EDGAR (Ind),Nancy NORMAN (LD),David BLACK (Ind),Kenneth GUNN (Ind),Michelle BALLANTYNE (Con),skipped,,9
938,Elaine THORNTON-NICOL (SNP),Barbara HARVIE (Grn),Scott REDPATH (Lab),Nancy NORMAN (LD),skipped,skipped,skipped,skipped,skipped,,9
939,Elaine THORNTON-NICOL (SNP),Barbara HARVIE (Grn),Scott REDPATH (Lab),Nancy NORMAN (LD),skipped,skipped,skipped,skipped,skipped,,9
940,Elaine THORNTON-NICOL (SNP),Barbara HARVIE (Grn),Scott REDPATH (Lab),Nancy NORMAN (LD),skipped,skipped,skipped,skipped,skipped,,9
941,Elaine THORNTON-NICOL (SNP),Barbara HARVIE (Grn),Scott REDPATH (Lab),Nancy NORMAN (LD),Kenneth GUNN (Ind),skipped,skipped,skipped,skipped,,9
942,Elaine THORNTON-NICOL (SNP),Barbara HARVIE (Grn),Scott REDPATH (Lab),Nancy NORMAN (LD),Kenneth GUNN (Ind),Gordon EDGAR (Ind),David BLACK (Ind),skipped,skipped,,9
943,Elaine THORNTON-NICOL (SNP),Barbara HARVIE (Grn),Scott REDPATH (Lab),Nancy NORMAN (LD),Kenneth GUNN (Ind),Gordon EDGAR (Ind),David BLACK (Ind),skipped,skipped,,9
944,Elaine THORNTON-NICOL (SNP),Barbara HARVIE (Grn),Scott REDPATH (Lab),Nancy NORMAN (LD),Kenneth GUNN (Ind),Gordon EDGAR (Ind),David BLACK (Ind),Michelle BALLANTYNE (Con),skipped,,9
945,Elaine THORNTON-NICOL (SNP),Barbara HARVIE (Grn),Scott REDPATH (Lab),Nancy NORMAN (LD),Kenneth GUNN (Ind),Gordon EDGAR (Ind),David BLACK (Ind),Michelle BALLANTYNE (Con),skipped,,9
946,Elaine THORNTON-NICOL (SNP),Barbara HARVIE (Grn),Scott REDPATH (Lab),Nancy NORMAN (LD),Kenneth GUNN (Ind),Gordon EDGAR (Ind),David BLACK (Ind),Michelle BALLANTYNE (Con),skipped,,9
947,Elaine THORNTON-NICOL (SNP),Barbara HARVIE (Grn),Scott REDPATH (Lab),Nancy NORMAN (LD),Kenneth GUNN (Ind),Gordon EDGAR (Ind),David BLACK (Ind),Michelle BALLANTYNE (Con),skipped,,9
948,Elaine THORNTON-NICOL (SNP),Barbara HARVIE (Grn),Scott REDPATH (Lab),Nancy NORMAN (LD),Kenneth GUNN (Ind),Gordon EDGAR (Ind),David BLACK (Ind),Michelle BALLANTYNE (Con),skipped,,9
949,Elaine THORNTON-NICOL (SNP),Barbara HARVIE (Grn),Scott REDPATH (Lab),Nancy NORMAN (LD),Michelle BALLANTYNE (Con),skipped,skipped,skipped,skipped,,9
950,Elaine THORNTON-NICOL (SNP),Barbara HARVIE (Grn),Scott REDPATH (Lab),Nancy NORMAN (LD),David BLACK (Ind),Gordon EDGAR (Ind),Kenneth GUNN (Ind),Michelle BALLANTYNE (Con),skipped,,9
951,Elaine THORNTON-NICOL (SNP),Barbara HARVIE (Grn),Scott REDPATH (Lab),Nancy NORMAN (LD),Gordon EDGAR (Ind),David BLACK (Ind),Kenneth GUNN (Ind),Michelle BALLANTYNE (Con),skipped,,9
952,Elaine THORNTON-NICOL (SNP),Michelle BALLANTYNE (Con),skipped,skipped,skipped,skipped,skipped,skipped,skipped,,9
953,Elaine THORNTON-NICOL (SNP),Michelle BALLANTYNE (Con),skipped,skipped,skipped,skipped,skipped,skipped,skipped,,9
954,Elaine THORNTON-NICOL (SNP),Michelle BALLANTYNE (Con),Kenneth GUNN (Ind),skipped,skipped,skipped,skipped,skipped,skipped,,9
955,Elaine THORNTON-NICOL (SNP),Michelle BALLANTYNE (Con),Kenneth GUNN (Ind),Gordon EDGAR (Ind),Barbara HARVIE (Grn),Scott REDPATH (Lab),Nancy NORMAN (LD),David BLACK (Ind),skipped,,9
956,Elaine THORNTON-NICOL (SNP),Michelle BALLANTYNE (Con),Kenneth GUNN (Ind),Gordon EDGAR (Ind),Scott REDPATH (Lab),David BLACK (Ind),skipped,skipped,skipped,,9
957,Elaine THORNTON-NICOL (SNP),Michelle BALLANTYNE (Con),Barbara HARVIE (Grn),skipped,skipped,skipped,skipped,skipped,skipped,,9
958,Elaine THORNTON-NICOL (SNP),Michelle BALLANTYNE (Con),Barbara HARVIE (Grn),Nancy NORMAN (LD),Kenneth GUNN (Ind),Scott REDPATH (Lab),Gordon EDGAR (Ind),David BLACK (Ind),skipped,,9
959,Elaine THORNTON-NICOL (SNP),Michelle BALLANTYNE (Con),skipped,skipped,skipped,skipped,skipped,skipped,skipped,,9
960,Elaine THORNTON-NICOL (SNP),Michelle BALLANTYNE (Con),skipped,skipped,skipped,skipped,skipped,skipped,skipped,,9
961,Elaine THORNTON-NICOL (SNP),Michelle BALLANTYNE (Con),Nancy NORMAN (LD),Scott REDPATH (Lab),Barbara HARVIE (Grn),Kenneth GUNN (Ind),David BLACK (Ind),Gordon EDGAR (Ind),skipped,,9
962,Elaine THORNTON-NICOL (SNP),Michelle BALLANTYNE (Con),Gordon EDGAR (Ind),skipped,skipped,skipped,skipped,skipped,skipped,,9
963,Elaine THORNTON-NICOL (SNP),Michelle BALLANTYNE (Con),Gordon EDGAR (Ind),skipped,skipped,skipped,skipped,skipped,skipped,,9
964,Elaine THORNTON-NICOL (SNP),Michelle BALLANTYNE (Con),Gordon EDGAR (Ind),skipped,skipped,skipped,skipped,skipped,skipped,,9
965,Elaine THORNTON-NICOL (SNP),Michelle BALLANTYNE (Con),Gordon EDGAR (Ind),Kenneth GUNN (Ind),skipped,skipped,skipped,skipped,skipped,,9
966,Elaine THORNTON-NICOL (SNP),Michelle BALLANTYNE (Con),Gordon EDGAR (Ind),Kenneth GUNN (Ind),David BLACK (Ind),Barbara HARVIE (Grn),Nancy NORMAN (LD),Scott REDPATH (Lab),skipped,,9
967,Elaine THORNTON-NICOL (SNP),Michelle BALLANTYNE (Con),Gordon EDGAR (Ind),Kenneth GUNN (Ind),David BLACK (Ind),skipped,skipped,skipped,skipped,,9
968,Elaine THORNTON-NICOL (SNP),Michelle BALLANTYNE (Con),Gordon EDGAR (Ind),Nancy NORMAN (LD),Barbara HARVIE (Grn),Kenneth GUNN (Ind),David BLACK (Ind),skipped,skipped,,9
969,Elaine THORNTON-NICOL (SNP),Michelle BALLANTYNE (Con),Gordon EDGAR (Ind),Scott REDPATH (Lab),skipped,skipped,skipped,skipped,skipped,,9
970,Elaine THORNTON-NICOL (SNP),Michelle BALLANTYNE (Con),Gordon EDGAR (Ind),Scott REDPATH (Lab),Barbara HARVIE (Grn),skipped,skipped,skipped,skipped,,9
971,Elaine THORNTON-NICOL (SNP),Michelle BALLANTYNE (Con),Nancy NORMAN (LD),skipped,skipped,skipped,skipped,skipped,skipped,,9
972,Elaine THORNTON-NICOL (SNP),Michelle BALLANTYNE (Con),Nancy NORMAN (LD),Barbara HARVIE (Grn),Kenneth GUNN (Ind),David BLACK (Ind),Gordon EDGAR (Ind),Scott REDPATH (Lab),skipped,,9
973,Elaine THORNTON-NICOL (SNP),skipped,skipped,skipped,skipped,skipped,skipped,skipped,skipped,,9
974,Elaine THORNTON-NICOL (SNP),Kenneth GUNN (Ind),David BLACK (Ind),Gordon EDGAR (Ind),Michelle BALLANTYNE (Con),Barbara HARVIE (Grn),Nancy NORMAN (LD),Scott REDPATH (Lab),skipped,,9
975,Elaine THORNTON-NICOL (SNP),Barbara HARVIE (Grn),skipped,skipped,skipped,skipped,skipped,skipped,skipped,,9
976,Elaine THORNTON-NICOL (SNP),Michelle BALLANTYNE (Con),skipped,skipped,skipped,skipped,skipped,skipped,skipped,,9
977,Elaine THORNTON-NICOL (SNP),Michelle BALLANTYNE (Con),skipped,skipped,skipped,skipped,skipped,skipped,skipped,,9
978,Elaine THORNTON-NICOL (SNP),Michelle BALLANTYNE (Con),skipped,skipped,skipped,skipped,skipped,skipped,skipped,,9
979,Elaine THORNTON-NICOL (SNP),Michelle BALLANTYNE (Con),skipped,skipped,skipped,skipped,skipped,skipped,skipped,,9
980,Elaine THORNTON-NICOL (SNP),Michelle BALLANTYNE (Con),Kenneth GUNN (Ind),Nancy NORMAN (LD),skipped,skipped,skipped,skipped,skipped,,9
981,Elaine THORNTON-NICOL (SNP),Michelle BALLANTYNE (Con),Nancy NORMAN (LD),Scott REDPATH (Lab),Barbara HARVIE (Grn),skipped,skipped,skipped,skipped,,9
982,Elaine THORNTON-NICOL (SNP),Michelle BALLANTYNE (Con),Scott REDPATH (Lab),skipped,skipped,skipped,skipped,skipped,skipped,,9
983,Elaine THORNTON-NICOL (SNP),Gordon EDGAR (Ind),skipped,skipped,skipped,skipped,skipped,skipped,skipped,,9
984,Elaine THORNTON-NICOL (SNP),Gordon EDGAR (Ind),skipped,skipped,skipped,skipped,skipped,skipped,skipped,,9
985,Elaine THORNTON-NICOL (SNP),Nancy NORMAN (LD),skipped,skipped,skipped,skipped,skipped,skipped,skipped,,9
986,Elaine THORNTON-NICOL (SNP),David BLACK (Ind),skipped,skipped,skipped,skipped,skipped,skipped,skipped,,9
987,Elaine THORNTON-NICOL (SNP),David BLACK (Ind),skipped,skipped,skipped,skipped,skipped,skipped,skipped,,9
988,Elaine THORNTON-NICOL (SNP),David BLACK (Ind),skipped,skipped,skipped,skipped,skipped,skipped,skipped,,9
989,Elaine THORNTON-NICOL (SNP),David BLACK (Ind),skipped,skipped,skipped,skipped,skipped,skipped,skipped,,9
990,Elaine THORNTON-NICOL (SNP),David BLACK (Ind),skipped,skipped,skipped,skipped,skipped,skipped,skipped,,9
991,Elaine THORNTON-NICOL (SNP),David BLACK (Ind),skipped,skipped,skipped,skipped,skipped,skipped,skipped,,9
992,Elaine THORNTON-NICOL (SNP),David BLACK (Ind),skipped,skipped,skipped,skipped,skipped,skipped,skipped,,9
993,Elaine THORNTON-NICOL (SNP),David BLACK (Ind),skipped,skipped,skipped,skipped,skipped,skipped,skipped,,9
994,Elaine THORNTON-NICOL (SNP),David BLACK (Ind),skipped,skipped,skipped,skipped,skipped,skipped,skipped,,9
995,Elaine THORNTON-NICOL (SNP),David BLACK (Ind),skipped,skipped,skipped,skipped,skipped,skipped,skipped,,9
996,Elaine THORNTON-NICOL (SNP),David BLACK (Ind),Kenneth GUNN (Ind),skipped,skipped,skipped,skipped,skipped,skipped,,9
997,Elaine THORNTON-NICOL (SNP),David BLACK (Ind),Kenneth GUNN (Ind),skipped,skipped,skipped,skipped,skipped,skipped,,9
998,Elaine THORNTON-NICOL (SNP),David BLACK (Ind),Kenneth GUNN (Ind),skipped,skipped,skipped,skipped,skipped,skipped,,9
999,Elaine THORNTON-NICOL (SNP),David BLACK (Ind),Kenneth GUNN (Ind),Gordon EDGAR (Ind),skipped,skipped,skipped,skipped,skipped,,9
1000,Elaine THORNTON-NICOL (SNP),David BLACK (Ind),Kenneth GUNN (Ind),Gordon EDGAR (Ind),Barbara HARVIE (Grn),skipped,skipped,skipped,skipped,,9
1001,Elaine THORNTON-NICOL (SNP),David BLACK (Ind),Barbara HARVIE (Grn),skipped,skipped,skipped,skipped,skipped,skipped,,9
1002,Elaine THORNTON-NICOL (SNP),David BLACK (Ind),Barbara HARVIE (Grn),skipped,skipped,skipped,skipped,skipped,skipped,,9
1003,Elaine THORNTON-NICOL (SNP),David BLACK (Ind),Barbara HARVIE (Grn),skipped,skipped,skipped,skipped,skipped,skipped,,9
1004,Elaine THORNTON-NICOL (SNP),David BLACK (Ind),Barbara HARVIE (Grn),Kenneth GUNN (Ind),skipped,skipped,skipped,skipped,skipped,,9
1005,Elaine THORNTON-NICOL (SNP),David BLACK (Ind),Barbara HARVIE (Grn),Kenneth GUNN (Ind),Gordon EDGAR (Ind),skipped,skipped,skipped,skipped,,9
1006,Elaine THORNTON-NICOL (SNP),David BLACK (Ind),Michelle BALLANTYNE (Con),skipped,skipped,skipped,skipped,skipped,skipped,,9
1007,Elaine THORNTON-NICOL (SNP),David BLACK (Ind),Michelle BALLANTYNE (Con),Gordon EDGAR (Ind),skipped,skipped,skipped,skipped,skipped,,9
1008,Elaine THORNTON-NICOL (SNP),David BLACK (Ind),skipped,skipped,skipped,skipped,skipped,skipped,skipped,,9
1009,Elaine THORNTON-NICOL (SNP),David BLACK (Ind),skipped,skipped,skipped,skipped,skipped,skipped,skipped,,9
1010,Elaine THORNTON-NICOL (SNP),David BLACK (Ind),Gordon EDGAR (Ind),skipped,skipped,skipped,skipped,skipped,skipped,,9
1011,Elaine THORNTON-NICOL (SNP),David BLACK (Ind),Gordon EDGAR (Ind),skipped,skipped,skipped,skipped,skipped,skipped,,9
1012,Elaine THORNTON-NICOL (SNP),David BLACK (Ind),Gordon EDGAR (Ind),skipped,skipped,skipped,skipped,skipped,skipped,,9
1013,Elaine THORNTON-NICOL (SNP),David BLACK (Ind),Gordon EDGAR (Ind),skipped,skipped,skipped,skipped,skipped,skipped,,9
1014,Elaine THORNTON-NICOL (SNP),David BLACK (Ind),Gordon EDGAR (Ind),skipped,skipped,skipped,skipped,skipped,skipped,,9
1015,Elaine THORNTON-NICOL (SNP),David BLACK (Ind),Gordon EDGAR (Ind),skipped,skipped,skipped,skipped,skipped,skipped,,9
1016,Elaine THORNTON-NICOL (SNP),David BLACK (Ind),Gordon EDGAR (Ind),Kenneth GUNN (Ind),Barbara HARVIE (Grn),skipped,skipped,skipped,skipped,,9
1017,Elaine THORNTON-NICOL (SNP),David BLACK (Ind),Gordon EDGAR (Ind),Kenneth GUNN (Ind),Barbara HARVIE (Grn),Nancy NORMAN (LD),Scott REDPATH (Lab),Michelle BALLANTYNE (Con),skipped,,9
1018,Elaine THORNTON-NICOL (SNP),David BLACK (Ind),Nancy NORMAN (LD),skipped,skipped,skipped,skipped,skipped,skipped,,9
1019,Elaine THORNTON-NICOL (SNP),David BLACK (Ind),Nancy NORMAN (LD),skipped,skipped,skipped,skipped,skipped,skipped,,9
1020,Elaine THORNTON-NICOL (SNP),David BLACK (Ind),Nancy NORMAN (LD),skipped,skipped,skipped,skipped,skipped,skipped,,9
1021,Elaine THORNTON-NICOL (SNP),David BLACK (Ind),Scott REDPATH (Lab),Barbara HARVIE (Grn),Nancy NORMAN (LD),Michelle BALLANTYNE (Con),skipped,skipped,skipped,,9
1022,Elaine THORNTON-NICOL (SNP),David BLACK (Ind),Scott REDPATH (Lab),Nancy NORMAN (LD),skipped,skipped,skipped,skipped,skipped,,9
1023,Elaine THORNTON-NICOL (SNP),Gordon EDGAR (Ind),skipped,skipped,skipped,skipped,skipped,skipped,skipped,,9
1024,Elaine THORNTON-NICOL (SNP),Gordon EDGAR (Ind),skipped,skipped,skipped,skipped,skipped,skipped,skipped,,9
1025,Elaine THORNTON-NICOL (SNP),Gordon EDGAR (Ind),skipped,skipped,skipped,skipped,skipped,skipped,skipped,,9
1026,Elaine THORNTON-NICOL (SNP),Gordon EDGAR (Ind),skipped,skipped,skipped,skipped,skipped,skipped,skipped,,9
1027,Elaine THORNTON-NICOL (SNP),Gordon EDGAR (Ind),skipped,skipped,skipped,skipped,skipped,skipped,skipped,,9
1028,Elaine THORNTON-NICOL (SNP),Gordon EDGAR (Ind),skipped,skipped,skipped,skipped,skipped,skipped,skipped,,9
1029,Elaine THORNTON-NICOL (SNP),Gordon EDGAR (Ind),skipped,skipped,skipped,skipped,skipped,skipped,skipped,,9
1030,Elaine THORNTON-NICOL (SNP),Gordon EDGAR (Ind),skipped,skipped,skipped,skipped,skipped,skipped,skipped,,9
1031,Elaine THORNTON-NICOL (SNP),Gordon EDGAR (Ind),skipped,skipped,skipped,skipped,skipped,skipped,skipped,,9
1032,Elaine THORNTON-NICOL (SNP),Gordon EDGAR (Ind),skipped,skipped,skipped,skipped,skipped,skipped,skipped,,9
1033,Elaine THORNTON-NICOL (SNP),Gordon EDGAR (Ind),skipped,skipped,skipped,skipped,skipped,skipped,skipped,,9
1034,Elaine THORNTON-NICOL (SNP),Gordon EDGAR (Ind),skipped,skipped,skipped,skipped,skipped,skipped,skipped,,9
1035,Elaine THORNTON-NICOL (SNP),Gordon EDGAR (Ind),skipped,skipped,skipped,skipped,skipped,skipped,skipped,,9
1036,Elaine THORNTON-NICOL (SNP),Gordon EDGAR (Ind),skipped,skipped,skipped,skipped,skipped,skipped,skipped,,9
1037,Elaine THORNTON-NICOL (SNP),Gordon EDGAR (Ind),Kenneth GUNN (Ind),skipped,skipped,skipped,skipped,skipped,skipped,,9
1038,Elaine THORNTON-NICOL (SNP),Gordon EDGAR (Ind),Kenneth GUNN (Ind),skipped,skipped,skipped,skipped,skipped,skipped,,9
1039,Elaine THORNTON-NICOL (SNP),Gordon EDGAR (Ind),Kenneth GUNN (Ind),skipped,skipped,skipped,skipped,skipped,skipped,,9
1040,Elaine THORNTON-NICOL (SNP),Gordon EDGAR (Ind),Kenneth GUNN (Ind),skipped,skipped,skipped,skipped,skipped,skipped,,9
1041,Elaine THORNTON-NICOL (SNP),Gordon EDGAR (Ind),Kenneth GUNN (Ind),skipped,skipped,skipped,skipped,skipped,skipped,,9
1042,Elaine THORNTON-NICOL (SNP),Gordon EDGAR (Ind),Kenneth GUNN (Ind),skipped,skipped,skipped,skipped,skipped,skipped,,9
1043,Elaine THORNTON-NICOL (SNP),Gordon EDGAR (Ind),Kenneth GUNN (Ind),skipped,skipped,skipped,skipped,skipped,skipped,,9
1044,Elaine THORNTON-NICOL (SNP),Gordon EDGAR (Ind),Kenneth GUNN (Ind),skipped,skipped,skipped,skipped,skipped,skipped,,9
1045,Elaine THORNTON-NICOL (SNP),Gordon EDGAR (Ind),Kenneth GUNN (Ind),skipped,skipped,skipped,skipped,skipped,skipped,,9
1046,Elaine THORNTON-NICOL (SNP),Gordon EDGAR (Ind),Kenneth GUNN (Ind),skipped,skipped,skipped,skipped,skipped,skipped,,9
1047,Elaine THORNTON-NICOL (SNP),Gordon EDGAR (Ind),Kenneth GUNN (Ind),skipped,skipped,skipped,skipped,skipped,skipped,,9
1048,Elaine THORNTON-NICOL (SNP),Gordon EDGAR (Ind),Kenneth GUNN (Ind),skipped,skipped,skipped,skipped,skipped,skipped,,9
1049,Elaine THORNTON-NICOL (SNP),Gordon EDGAR (Ind),Kenneth GUNN (Ind),skipped,skipped,skipped,skipped,skipped,skipped,,9
1050,Elaine THORNTON-NICOL (SNP),Gordon EDGAR (Ind),Kenneth GUNN (Ind),skipped,skipped,skipped,skipped,skipped,skipped,,9
1051,Elaine THORNTON-NICOL (SNP),Gordon EDGAR (Ind),Kenneth GUNN (Ind),skipped,skipped,skipped,skipped,skipped,skipped,,9
1052,Elaine THORNTON-NICOL (SNP),Gordon EDGAR (Ind),Kenneth GUNN (Ind),skipped,skipped,skipped,skipped,skipped,skipped,,9
1053,Elaine THORNTON-NICOL (SNP),Gordon EDGAR (Ind),Kenneth GUNN (Ind),skipped,skipped,skipped,skipped,skipped,skipped,,9
1054,Elaine THORNTON-NICOL (SNP),Gordon EDGAR (Ind),Kenneth GUNN (Ind),skipped,skipped,skipped,skipped,skipped,skipped,,9
1055,Elaine THORNTON-NICOL (SNP),Gordon EDGAR (Ind),Kenneth GUNN (Ind),skipped,skipped,skipped,skipped,skipped,skipped,,9
1056,Elaine THORNTON-NICOL (SNP),Gordon EDGAR (Ind),Kenneth GUNN (Ind),skipped,skipped,skipped,skipped,skipped,skipped,,9
1057,Elaine THORNTON-NICOL (SNP),Gordon EDGAR (Ind),Kenneth GUNN (Ind),Barbara HARVIE (Grn),skipped,skipped,skipped,skipped,skipped,,9
1058,Elaine THORNTON-NICOL (SNP),Gordon EDGAR (Ind),Kenneth GUNN (Ind),Barbara HARVIE (Grn),skipped,skipped,skipped,skipped,skipped,,9
1059,Elaine THORNTON-NICOL (SNP),Gordon EDGAR (Ind),Kenneth GUNN (Ind),Barbara HARVIE (Grn),skipped,skipped,skipped,skipped,skipped,,9
1060,Elaine THORNTON-NICOL (SNP),Gordon EDGAR (Ind),Kenneth GUNN (Ind),Barbara HARVIE (Grn),skipped,skipped,skipped,skipped,skipped,,9
1061,Elaine THORNTON-NICOL (SNP),Gordon EDGAR (Ind),Kenneth GUNN (Ind),Barbara HARVIE (Grn),skipped,skipped,skipped,skipped,skipped,,9
1062,Elaine THORNTON-NICOL (SNP),Gordon EDGAR (Ind),Kenneth GUNN (Ind),Barbara HARVIE (Grn),David BLACK (Ind),skipped,skipped,skipped,skipped,,9
1063,Elaine THORNTON-NICOL (SNP),Gordon EDGAR (Ind),Kenneth GUNN (Ind),Barbara HARVIE (Grn),David BLACK (Ind),Nancy NORMAN (LD),Scott REDPATH (Lab),skipped,skipped,,9
1064,Elaine THORNTON-NICOL (SNP),Gordon EDGAR (Ind),Kenneth GUNN (Ind),Barbara HARVIE (Grn),Scott REDPATH (Lab),Nancy NORMAN (LD),David BLACK (Ind),skipped,skipped,,9
1065,Elaine THORNTON-NICOL (SNP),Gordon EDGAR (Ind),Kenneth GUNN (Ind),Michelle BALLANTYNE (Con),skipped,skipped,skipped,skipped,skipped,,9
1066,Elaine THORNTON-NICOL (SNP),Gordon EDGAR (Ind),Kenneth GUNN (Ind),Michelle BALLANTYNE (Con),skipped,skipped,skipped,skipped,skipped,,9
1067,Elaine THORNTON-NICOL (SNP),Gordon EDGAR (Ind),Kenneth GUNN (Ind),David BLACK (Ind),skipped,skipped,skipped,skipped,skipped,,9
1068,Elaine THORNTON-NICOL (SNP),Gordon EDGAR (Ind),Kenneth GUNN (Ind),David BLACK (Ind),skipped,skipped,skipped,skipped,skipped,,9
1069,Elaine THORNTON-NICOL (SNP),Gordon EDGAR (Ind),Kenneth GUNN (Ind),David BLACK (Ind),skipped,skipped,skipped,skipped,skipped,,9
1070,Elaine THORNTON-NICOL (SNP),Gordon EDGAR (Ind),Kenneth GUNN (Ind),David BLACK (Ind),Barbara HARVIE (Grn),Nancy NORMAN (LD),Scott REDPATH (Lab),Michelle BALLANTYNE (Con),skipped,,9
1071,Elaine THORNTON-NICOL (SNP),Gordon EDGAR (Ind),Kenneth GUNN (Ind),David BLACK (Ind),Barbara HARVIE (Grn),Scott REDPATH (Lab),Nancy NORMAN (LD),Michelle BALLANTYNE (Con),skipped,,9
1072,Elaine THORNTON-NICOL (SNP),Gordon EDGAR (Ind),Kenneth GUNN (Ind),Nancy NORMAN (LD),Barbara HARVIE (Grn),David BLACK (Ind),skipped,skipped,skipped,,9
1073,Elaine THORNTON-NICOL (SNP),Gordon EDGAR (Ind),Kenneth GUNN (Ind),Scott REDPATH (Lab),skipped,skipped,skipped,skipped,skipped,,9
1074,Elaine THORNTON-NICOL (SNP),Gordon EDGAR (Ind),Kenneth GUNN (Ind),Scott REDPATH (Lab),Barbara HARVIE (Grn),skipped,skipped,skipped,skipped,,9
1075,Elaine THORNTON-NICOL (SNP),Gordon EDGAR (Ind),Barbara HARVIE (Grn),skipped,skipped,skipped,skipped,skipped,skipped,,9
1076,Elaine THORNTON-NICOL (SNP),Gordon EDGAR (Ind),Barbara HARVIE (Grn),skipped,skipped,skipped,skipped,skipped,skipped,,9
1077,Elaine THORNTON-NICOL (SNP),Gordon EDGAR (Ind),Barbara HARVIE (Grn),skipped,skipped,skipped,skipped,skipped,skipped,,9
1078,Elaine THORNTON-NICOL (SNP),Gordon EDGAR (Ind),Barbara HARVIE (Grn),David BLACK (Ind),skipped,skipped,skipped,skipped,skipped,,9
1079,Elaine THORNTON-NICOL (SNP),Gordon EDGAR (Ind),Barbara HARVIE (Grn),Nancy NORMAN (LD),skipped,skipped,skipped,skipped,skipped,,9
1080,Elaine THORNTON-NICOL (SNP),Gordon EDGAR (Ind),Barbara HARVIE (Grn),Nancy NORMAN (LD),Kenneth GUNN (Ind),skipped,skipped,skipped,skipped,,9
1081,Elaine THORNTON-NICOL (SNP),Gordon EDGAR (Ind),Barbara HARVIE (Grn),Nancy NORMAN (LD),Scott REDPATH (Lab),Kenneth GUNN (Ind),David BLACK (Ind),Michelle BALLANTYNE (Con),skipped,,9
1082,Elaine THORNTON-NICOL (SNP),Gordon EDGAR (Ind),Barbara HARVIE (Grn),Scott REDPATH (Lab),Kenneth GUNN (Ind),David BLACK (Ind),Nancy NORMAN (LD),Michelle BALLANTYNE (Con),skipped,,9
1083,Elaine THORNTON-NICOL (SNP),Gordon EDGAR (Ind),Michelle BALLANTYNE (Con),skipped,skipped,skipped,skipped,skipped,skipped,,9
1084,Elaine THORNTON-NICOL (SNP),Gordon EDGAR (Ind),Michelle BALLANTYNE (Con),skipped,skipped,skipped,skipped,skipped,skipped,,9
1085,Elaine THORNTON-NICOL (SNP),Gordon EDGAR (Ind),Michelle BALLANTYNE (Con),Kenneth GUNN (Ind),Barbara HARVIE (Grn),Nancy NORMAN (LD),David BLACK (Ind),Scott REDPATH (Lab),skipped,,9
1086,Elaine THORNTON-NICOL (SNP),Gordon EDGAR (Ind),Michelle BALLANTYNE (Con),skipped,skipped,skipped,skipped,skipped,skipped,,9
1087,Elaine THORNTON-NICOL (SNP),Gordon EDGAR (Ind),Michelle BALLANTYNE (Con),Scott REDPATH (Lab),skipped,skipped,skipped,skipped,skipped,,9
1088,Elaine THORNTON-NICOL (SNP),Gordon EDGAR (Ind),skipped,skipped,skipped,skipped,skipped,skipped,skipped,,9
1089,Elaine THORNTON-NICOL (SNP),Gordon EDGAR (Ind),David BLACK (Ind),skipped,skipped,skipped,skipped,skipped,skipped,,9
1090,Elaine THORNTON-NICOL (SNP),Gordon EDGAR (Ind),David BLACK (Ind),Kenneth GUNN (Ind),skipped,skipped,skipped,skipped,skipped,,9
1091,Elaine THORNTON-NICOL (SNP),Gordon EDGAR (Ind),David BLACK (Ind),Kenneth GUNN (Ind),Barbara HARVIE (Grn),Nancy NORMAN (LD),Scott REDPATH (Lab),Michelle BALLANTYNE (Con),skipped,,9
1092,Elaine THORNTON-NICOL (SNP),Gordon EDGAR (Ind),David BLACK (Ind),Barbara HARVIE (Grn),Kenneth GUNN (Ind),Scott REDPATH (Lab),Nancy NORMAN (LD),Michelle BALLANTYNE (Con),skipped,,9
1093,Elaine THORNTON-NICOL (SNP),Gordon EDGAR (Ind),David BLACK (Ind),Barbara HARVIE (Grn),Nancy NORMAN (LD),skipped,skipped,skipped,skipped,,9
1094,Elaine THORNTON-NICOL (SNP),Gordon EDGAR (Ind),Nancy NORMAN (LD),skipped,skipped,skipped,skipped,skipped,skipped,,9
1095,Elaine THORNTON-NICOL (SNP),Gordon EDGAR (Ind),Nancy NORMAN (LD),skipped,skipped,skipped,skipped,skipped,skipped,,9
1096,Elaine THORNTON-NICOL (SNP),Gordon EDGAR (Ind),Nancy NORMAN (LD),David BLACK (Ind),Kenneth GUNN (Ind),Scott REDPATH (Lab),Barbara HARVIE (Grn),Michelle BALLANTYNE (Con),skipped,,9
1097,Elaine THORNTON-NICOL (SNP),Gordon EDGAR (Ind),Scott REDPATH (Lab),skipped,skipped,skipped,skipped,skipped,skipped,,9
1098,Elaine THORNTON-NICOL (SNP),Gordon EDGAR (Ind),Scott REDPATH (Lab),skipped,skipped,skipped,skipped,skipped,skipped,,9
1099,Elaine THORNTON-NICOL (SNP),Gordon EDGAR (Ind),Scott REDPATH (Lab),Barbara HARVIE (Grn),David BLACK (Ind),Kenneth GUNN (Ind),Nancy NORMAN (LD),Michelle BALLANTYNE (Con),skipped,,9
1100,Elaine THORNTON-NICOL (SNP),Gordon EDGAR (Ind),Scott REDPATH (Lab),Nancy NORMAN (LD),skipped,skipped,skipped,skipped,skipped,,9
1101,Elaine THORNTON-NICOL (SNP),Nancy NORMAN (LD),skipped,skipped,skipped,skipped,skipped,skipped,skipped,,9
1102,Elaine THORNTON-NICOL (SNP),Nancy NORMAN (LD),skipped,skipped,skipped,skipped,skipped,skipped,skipped,,9
1103,Elaine THORNTON-NICOL (SNP),Nancy NORMAN (LD),skipped,skipped,skipped,skipped,skipped,skipped,skipped,,9
1104,Elaine THORNTON-NICOL (SNP),Nancy NORMAN (LD),skipped,skipped,skipped,skipped,skipped,skipped,skipped,,9
1105,Elaine THORNTON-NICOL (SNP),Nancy NORMAN (LD),skipped,skipped,skipped,skipped,skipped,skipped,skipped,,9
1106,Elaine THORNTON-NICOL (SNP),Nancy NORMAN (LD),Kenneth GUNN (Ind),skipped,skipped,skipped,skipped,skipped,skipped,,9
1107,Elaine THORNTON-NICOL (SNP),Nancy NORMAN (LD),Kenneth GUNN (Ind),skipped,skipped,skipped,skipped,skipped,skipped,,9
1108,Elaine THORNTON-NICOL (SNP),Nancy NORMAN (LD),Kenneth GUNN (Ind),skipped,skipped,skipped,skipped,skipped,skipped,,9
1109,Elaine THORNTON-NICOL (SNP),Nancy NORMAN (LD),Kenneth GUNN (Ind),skipped,skipped,skipped,skipped,skipped,skipped,,9
1110,Elaine THORNTON-NICOL (SNP),Nancy NORMAN (LD),Kenneth GUNN (Ind),skipped,skipped,skipped,skipped,skipped,skipped,,9
1111,Elaine THORNTON-NICOL (SNP),Nancy NORMAN (LD),Kenneth GUNN (Ind),Gordon EDGAR (Ind),skipped,skipped,skipped,skipped,skipped,,9
1112,Elaine THORNTON-NICOL (SNP),Nancy NORMAN (LD),Kenneth GUNN (Ind),Scott REDPATH (Lab),Barbara HARVIE (Grn),David BLACK (Ind),Gordon EDGAR (Ind),Michelle BALLANTYNE (Con),skipped,,9
1113,Elaine THORNTON-NICOL (SNP),Nancy NORMAN (LD),Kenneth GUNN (Ind),Scott REDPATH (Lab),Barbara HARVIE (Grn),Gordon EDGAR (Ind),David BLACK (Ind),Michelle BALLANTYNE (Con),skipped,,9
1114,Elaine THORNTON-NICOL (SNP),Nancy NORMAN (LD),Barbara HARVIE (Grn),skipped,skipped,skipped,skipped,skipped,skipped,,9
1115,Elaine THORNTON-NICOL (SNP),Nancy NORMAN (LD),Barbara HARVIE (Grn),skipped,skipped,skipped,skipped,skipped,skipped,,9
1116,Elaine THORNTON-NICOL (SNP),Nancy NORMAN (LD),Barbara HARVIE (Grn),skipped,skipped,skipped,skipped,skipped,skipped,,9
1117,Elaine THORNTON-NICOL (SNP),Nancy NORMAN (LD),Barbara HARVIE (Grn),skipped,skipped,skipped,skipped,skipped,skipped,,9
1118,Elaine THORNTON-NICOL (SNP),Nancy NORMAN (LD),Barbara HARVIE (Grn),skipped,skipped,skipped,skipped,skipped,skipped,,9
1119,Elaine THORNTON-NICOL (SNP),Nancy NORMAN (LD),Barbara HARVIE (Grn),skipped,skipped,skipped,skipped,skipped,skipped,,9
1120,Elaine THORNTON-NICOL (SNP),Nancy NORMAN (LD),Barbara HARVIE (Grn),skipped,skipped,skipped,skipped,skipped,skipped,,9
1121,Elaine THORNTON-NICOL (SNP),Nancy NORMAN (LD),Barbara HARVIE (Grn),skipped,skipped,skipped,skipped,skipped,skipped,,9
1122,Elaine THORNTON-NICOL (SNP),Nancy NORMAN (LD),Barbara HARVIE (Grn),skipped,skipped,skipped,skipped,skipped,skipped,,9
1123,Elaine THORNTON-NICOL (SNP),Nancy NORMAN (LD),Barbara HARVIE (Grn),skipped,skipped,skipped,skipped,skipped,skipped,,9
1124,Elaine THORNTON-NICOL (SNP),Nancy NORMAN (LD),Barbara HARVIE (Grn),skipped,skipped,skipped,skipped,skipped,skipped,,9
1125,Elaine THORNTON-NICOL (SNP),Nancy NORMAN (LD),Barbara HARVIE (Grn),Kenneth GUNN (Ind),Gordon EDGAR (Ind),David BLACK (Ind),skipped,skipped,skipped,,9
1126,Elaine THORNTON-NICOL (SNP),Nancy NORMAN (LD),Barbara HARVIE (Grn),David BLACK (Ind),Gordon EDGAR (Ind),Kenneth GUNN (Ind),Scott REDPATH (Lab),Michelle BALLANTYNE (Con),skipped,,9
1127,Elaine THORNTON-NICOL (SNP),Nancy NORMAN (LD),Barbara HARVIE (Grn),Gordon EDGAR (Ind),skipped,skipped,skipped,skipped,skipped,,9
1128,Elaine THORNTON-NICOL (SNP),Nancy NORMAN (LD),Barbara HARVIE (Grn),Gordon EDGAR (Ind),skipped,skipped,skipped,skipped,skipped,,9
1129,Elaine THORNTON-NICOL (SNP),Nancy NORMAN (LD),Barbara HARVIE (Grn),Gordon EDGAR (Ind),Kenneth GUNN (Ind),skipped,skipped,skipped,skipped,,9
1130,Elaine THORNTON-NICOL (SNP),Nancy NORMAN (LD),Barbara HARVIE (Grn),Gordon EDGAR (Ind),Kenneth GUNN (Ind),David BLACK (Ind),skipped,skipped,skipped,,9
1131,Elaine THORNTON-NICOL (SNP),Nancy NORMAN (LD),Barbara HARVIE (Grn),Gordon EDGAR (Ind),Kenneth GUNN (Ind),David BLACK (Ind),Scott REDPATH (Lab),Michelle BALLANTYNE (Con),skipped,,9
1132,Elaine THORNTON-NICOL (SNP),Nancy NORMAN (LD),Barbara HARVIE (Grn),Gordon EDGAR (Ind),David BLACK (Ind),skipped,skipped,skipped,skipped,,9
1133,Elaine THORNTON-NICOL (SNP),Nancy NORMAN (LD),Barbara HARVIE (Grn),Gordon EDGAR (Ind),David BLACK (Ind),Kenneth GUNN (Ind),Scott REDPATH (Lab),Michelle BALLANTYNE (Con),skipped,,9
1134,Elaine THORNTON-NICOL (SNP),Nancy NORMAN (LD),Barbara HARVIE (Grn),Scott REDPATH (Lab),skipped,skipped,skipped,skipped,skipped,,9
1135,Elaine THORNTON-NICOL (SNP),Nancy NORMAN (LD),Barbara HARVIE (Grn),Scott REDPATH (Lab),skipped,skipped,skipped,skipped,skipped,,9
1136,Elaine THORNTON-NICOL (SNP),Nancy NORMAN (LD),Barbara HARVIE (Grn),Scott REDPATH (Lab),skipped,skipped,skipped,skipped,skipped,,9
1137,Elaine THORNTON-NICOL (SNP),Nancy NORMAN (LD),Barbara HARVIE (Grn),Scott REDPATH (Lab),Michelle BALLANTYNE (Con),Gordon EDGAR (Ind),Kenneth GUNN (Ind),David BLACK (Ind),skipped,,9
1138,Elaine THORNTON-NICOL (SNP),Nancy NORMAN (LD),Michelle BALLANTYNE (Con),skipped,skipped,skipped,skipped,skipped,skipped,,9
1139,Elaine THORNTON-NICOL (SNP),Nancy NORMAN (LD),skipped,skipped,skipped,skipped,skipped,skipped,skipped,,9
1140,Elaine THORNTON-NICOL (SNP),Nancy NORMAN (LD),David BLACK (Ind),skipped,skipped,skipped,skipped,skipped,skipped,,9
1141,Elaine THORNTON-NICOL (SNP),Nancy NORMAN (LD),David BLACK (Ind),skipped,skipped,skipped,skipped,skipped,skipped,,9
1142,Elaine THORNTON-NICOL (SNP),Nancy NORMAN (LD),David BLACK (Ind),skipped,skipped,skipped,skipped,skipped,skipped,,9
1143,Elaine THORNTON-NICOL (SNP),Nancy NORMAN (LD),David BLACK (Ind),skipped,skipped,skipped,skipped,skipped,skipped,,9
1144,Elaine THORNTON-NICOL (SNP),Nancy NORMAN (LD),David BLACK (Ind),skipped,skipped,skipped,skipped,skipped,skipped,,9
1145,Elaine THORNTON-NICOL (SNP),Nancy NORMAN (LD),David BLACK (Ind),Barbara HARVIE (Grn),Scott REDPATH (Lab),Gordon EDGAR (Ind),Kenneth GUNN (Ind),Michelle BALLANTYNE (Con),skipped,,9
1146,Elaine THORNTON-NICOL (SNP),Nancy NORMAN (LD),David BLACK (Ind),skipped,skipped,skipped,skipped,skipped,skipped,,9
1147,Elaine THORNTON-NICOL (SNP),Nancy NORMAN (LD),David BLACK (Ind),Scott REDPATH (Lab),skipped,skipped,skipped,skipped,skipped,,9
1148,Elaine THORNTON-NICOL (SNP),Nancy NORMAN (LD),Gordon EDGAR (Ind),skipped,skipped,skipped,skipped,skipped,skipped,,9
1149,Elaine THORNTON-NICOL (SNP),Nancy NORMAN (LD),Gordon EDGAR (Ind),skipped,skipped,skipped,skipped,skipped,skipped,,9
1150,Elaine THORNTON-NICOL (SNP),Nancy NORMAN (LD),Gordon EDGAR (Ind),skipped,skipped,skipped,skipped,skipped,skipped,,9
1151,Elaine THORNTON-NICOL (SNP),Nancy NORMAN (LD),Gordon EDGAR (Ind),skipped,skipped,skipped,skipped,skipped,skipped,,9
1152,Elaine THORNTON-NICOL (SNP),Nancy NORMAN (LD),Gordon EDGAR (Ind),Scott REDPATH (Lab),Barbara HARVIE (Grn),David BLACK (Ind),Kenneth GUNN (Ind),Michelle BALLANTYNE (Con),skipped,,9
1153,Elaine THORNTON-NICOL (SNP),Nancy NORMAN (LD),Scott REDPATH (Lab),skipped,skipped,skipped,skipped,skipped,skipped,,9
1154,Elaine THORNTON-NICOL (SNP),Nancy NORMAN (LD),Scott REDPATH (Lab),skipped,skipped,skipped,skipped,skipped,skipped,,9
1155,Elaine THORNTON-NICOL (SNP),Nancy NORMAN (LD),Scott REDPATH (Lab),skipped,skipped,skipped,skipped,skipped,skipped,,9
1156,Elaine THORNTON-NICOL (SNP),Nancy NORMAN (LD),Scott REDPATH (Lab),skipped,skipped,skipped,skipped,skipped,skipped,,9
1157,Elaine THORNTON-NICOL (SNP),Nancy NORMAN (LD),Scott REDPATH (Lab),skipped,skipped,skipped,skipped,skipped,skipped,,9
1158,Elaine THORNTON-NICOL (SNP),Nancy NORMAN (LD),Scott REDPATH (Lab),skipped,skipped,skipped,skipped,skipped,skipped,,9
1159,Elaine THORNTON-NICOL (SNP),Nancy NORMAN (LD),Scott REDPATH (Lab),Kenneth GUNN (Ind),Gordon EDGAR (Ind),David BLACK (Ind),Michelle BALLANTYNE (Con),Barbara HARVIE (Grn),skipped,,9
1160,Elaine THORNTON-NICOL (SNP),Nancy NORMAN (LD),Scott REDPATH (Lab),Barbara HARVIE (Grn),skipped,skipped,skipped,skipped,skipped,,9
1161,Elaine THORNTON-NICOL (SNP),Nancy NORMAN (LD),Scott REDPATH (Lab),Barbara HARVIE (Grn),Kenneth GUNN (Ind),Gordon EDGAR (Ind),David BLACK (Ind),Michelle BALLANTYNE (Con),skipped,,9
1162,Elaine THORNTON-NICOL (SNP),Nancy NORMAN (LD),Scott REDPATH (Lab),Barbara HARVIE (Grn),David BLACK (Ind),skipped,skipped,skipped,skipped,,9
1163,Elaine THORNTON-NICOL (SNP),Nancy NORMAN (LD),Scott REDPATH (Lab),Barbara HARVIE (Grn),David BLACK (Ind),Kenneth GUNN (Ind),Michelle BALLANTYNE (Con),skipped,skipped,,9
1164,Elaine THORNTON-NICOL (SNP),Nancy NORMAN (LD),Scott REDPATH (Lab),Barbara HARVIE (Grn),David BLACK (Ind),Kenneth GUNN (Ind),Michelle BALLANTYNE (Con),skipped,skipped,,9
1165,Elaine THORNTON-NICOL (SNP),Scott REDPATH (Lab),skipped,skipped,skipped,skipped,skipped,skipped,skipped,,9
1166,Elaine THORNTON-NICOL (SNP),Scott REDPATH (Lab),skipped,skipped,skipped,skipped,skipped,skipped,skipped,,9
1167,Elaine THORNTON-NICOL (SNP),Scott REDPATH (Lab),skipped,skipped,skipped,skipped,skipped,skipped,skipped,,9
1168,Elaine THORNTON-NICOL (SNP),Scott REDPATH (Lab),skipped,skipped,skipped,skipped,skipped,skipped,skipped,,9
1169,Elaine THORNTON-NICOL (SNP),Scott REDPATH (Lab),skipped,skipped,skipped,skipped,skipped,skipped,skipped,,9
1170,Elaine THORNTON-NICOL (SNP),Scott REDPATH (Lab),skipped,skipped,skipped,skipped,skipped,skipped,skipped,,9
1171,Elaine THORNTON-NICOL (SNP),Scott REDPATH (Lab),skipped,skipped,skipped,skipped,skipped,skipped,skipped,,9
1172,Elaine THORNTON-NICOL (SNP),Scott REDPATH (Lab),skipped,skipped,skipped,skipped,skipped,skipped,skipped,,9
1173,Elaine THORNTON-NICOL (SNP),Scott REDPATH (Lab),skipped,skipped,skipped,skipped,skipped,skipped,skipped,,9
1174,Elaine THORNTON-NICOL (SNP),Scott REDPATH (Lab),skipped,skipped,skipped,skipped,skipped,skipped,skipped,,9
1175,Elaine THORNTON-NICOL (SNP),Scott REDPATH (Lab),skipped,skipped,skipped,skipped,skipped,skipped,skipped,,9
1176,Elaine THORNTON-NICOL (SNP),Scott REDPATH (Lab),skipped,skipped,skipped,skipped,skipped,skipped,skipped,,9
1177,Elaine THORNTON-NICOL (SNP),Scott REDPATH (Lab),skipped,skipped,skipped,skipped,skipped,skipped,skipped,,9
1178,Elaine THORNTON-NICOL (SNP),Scott REDPATH (Lab),skipped,skipped,skipped,skipped,skipped,skipped,skipped,,9
1179,Elaine THORNTON-NICOL (SNP),Scott REDPATH (Lab),skipped,skipped,skipped,skipped,skipped,skipped,skipped,,9
1180,Elaine THORNTON-NICOL (SNP),Scott REDPATH (Lab),skipped,skipped,skipped,skipped,skipped,skipped,skipped,,9
1181,Elaine THORNTON-NICOL (SNP),Scott REDPATH (Lab),skipped,skipped,skipped,skipped,skipped,skipped,skipped,,9
1182,Elaine THORNTON-NICOL (SNP),Scott REDPATH (Lab),skipped,skipped,skipped,skipped,skipped,skipped,skipped,,9
1183,Elaine THORNTON-NICOL (SNP),Scott REDPATH (Lab),skipped,skipped,skipped,skipped,skipped,skipped,skipped,,9
1184,Elaine THORNTON-NICOL (SNP),Scott REDPATH (Lab),Kenneth GUNN (Ind),skipped,skipped,skipped,skipped,skipped,skipped,,9
1185,Elaine THORNTON-NICOL (SNP),Scott REDPATH (Lab),Kenneth GUNN (Ind),skipped,skipped,skipped,skipped,skipped,skipped,,9
1186,Elaine THORNTON-NICOL (SNP),Scott REDPATH (Lab),Kenneth GUNN (Ind),David BLACK (Ind),skipped,skipped,skipped,skipped,skipped,,9
1187,Elaine THORNTON-NICOL (SNP),Scott REDPATH (Lab),Kenneth GUNN (Ind),Nancy NORMAN (LD),skipped,skipped,skipped,skipped,skipped,,9
1188,Elaine THORNTON-NICOL (SNP),Scott REDPATH (Lab),Barbara HARVIE (Grn),skipped,skipped,skipped,skipped,skipped,skipped,,9
1189,Elaine THORNTON-NICOL (SNP),Scott REDPATH (Lab),Barbara HARVIE (Grn),skipped,skipped,skipped,skipped,skipped,skipped,,9
1190,Elaine THORNTON-NICOL (SNP),Scott REDPATH (Lab),Barbara HARVIE (Grn),skipped,skipped,skipped,skipped,skipped,skipped,,9
1191,Elaine THORNTON-NICOL (SNP),Scott REDPATH (Lab),Barbara HARVIE (Grn),skipped,skipped,skipped,skipped,skipped,skipped,,9
1192,Elaine THORNTON-NICOL (SNP),Scott REDPATH (Lab),Barbara HARVIE (Grn),skipped,skipped,skipped,skipped,skipped,skipped,,9
1193,Elaine THORNTON-NICOL (SNP),Scott REDPATH (Lab),Barbara HARVIE (Grn),skipped,skipped,skipped,skipped,skipped,skipped,,9
1194,Elaine THORNTON-NICOL (SNP),Scott REDPATH (Lab),Barbara HARVIE (Grn),skipped,skipped,skipped,skipped,skipped,skipped,,9
1195,Elaine THORNTON-NICOL (SNP),Scott REDPATH (Lab),Barbara HARVIE (Grn),skipped,skipped,skipped,skipped,skipped,skipped,,9
1196,Elaine THORNTON-NICOL (SNP),Scott REDPATH (Lab),Barbara HARVIE (Grn),skipped,skipped,skipped,skipped,skipped,skipped,,9
1197,Elaine THORNTON-NICOL (SNP),Scott REDPATH (Lab),Barbara HARVIE (Grn),skipped,skipped,skipped,skipped,skipped,skipped,,9
1198,Elaine THORNTON-NICOL (SNP),Scott REDPATH (Lab),Barbara HARVIE (Grn),skipped,skipped,skipped,skipped,skipped,skipped,,9
1199,Elaine THORNTON-NICOL (SNP),Scott REDPATH (Lab),Barbara HARVIE (Grn),skipped,skipped,skipped,skipped,skipped,skipped,,9
1200,Elaine THORNTON-NICOL (SNP),Scott REDPATH (Lab),Barbara HARVIE (Grn),skipped,skipped,skipped,skipped,skipped,skipped,,9
1201,Elaine THORNTON-NICOL (SNP),Scott REDPATH (Lab),Barbara HARVIE (Grn),skipped,skipped,skipped,skipped,skipped,skipped,,9
1202,Elaine THORNTON-NICOL (SNP),Scott REDPATH (Lab),Barbara HARVIE (Grn),skipped,skipped,skipped,skipped,skipped,skipped,,9
1203,Elaine THORNTON-NICOL (SNP),Scott REDPATH (Lab),Barbara HARVIE (Grn),skipped,skipped,skipped,skipped,skipped,skipped,,9
1204,Elaine THORNTON-NICOL (SNP),Scott REDPATH (Lab),Barbara HARVIE (Grn),skipped,skipped,skipped,skipped,skipped,skipped,,9
1205,Elaine THORNTON-NICOL (SNP),Scott REDPATH (Lab),Barbara HARVIE (Grn),skipped,skipped,skipped,skipped,skipped,skipped,,9
1206,Elaine THORNTON-NICOL (SNP),Scott REDPATH (Lab),Barbara HARVIE (Grn),skipped,skipped,skipped,skipped,skipped,skipped,,9
1207,Elaine THORNTON-NICOL (SNP),Scott REDPATH (Lab),Barbara HARVIE (Grn),skipped,skipped,skipped,skipped,skipped,skipped,,9
1208,Elaine THORNTON-NICOL (SNP),Scott REDPATH (Lab),Barbara HARVIE (Grn),skipped,skipped,skipped,skipped,skipped,skipped,,9
1209,Elaine THORNTON-NICOL (SNP),Scott REDPATH (Lab),Barbara HARVIE (Grn),skipped,skipped,skipped,skipped,skipped,skipped,,9
1210,Elaine THORNTON-NICOL (SNP),Scott REDPATH (Lab),Barbara HARVIE (Grn),skipped,skipped,skipped,skipped,skipped,skipped,,9
1211,Elaine THORNTON-NICOL (SNP),Scott REDPATH (Lab),Barbara HARVIE (Grn),Kenneth GUNN (Ind),Gordon EDGAR (Ind),skipped,skipped,skipped,skipped,,9
1212,Elaine THORNTON-NICOL (SNP),Scott REDPATH (Lab),Barbara HARVIE (Grn),Kenneth GUNN (Ind),Gordon EDGAR (Ind),David BLACK (Ind),Michelle BALLANTYNE (Con),skipped,skipped,,9
1213,Elaine THORNTON-NICOL (SNP),Scott REDPATH (Lab),Barbara HARVIE (Grn),Kenneth GUNN (Ind),Gordon EDGAR (Ind),David BLACK (Ind),Nancy NORMAN (LD),Michelle BALLANTYNE (Con),skipped,,9
1214,Elaine THORNTON-NICOL (SNP),Scott REDPATH (Lab),Barbara HARVIE (Grn),Kenneth GUNN (Ind),Gordon EDGAR (Ind),David BLACK (Ind),Nancy NORMAN (LD),Michelle BALLANTYNE (Con),skipped,,9
1215,Elaine THORNTON-NICOL (SNP),Scott REDPATH (Lab),Barbara HARVIE (Grn),Kenneth GUNN (Ind),Gordon EDGAR (Ind),David BLACK (Ind),Nancy NORMAN (LD),Michelle BALLANTYNE (Con),skipped,,9
1216,Elaine THORNTON-NICOL (SNP),Scott REDPATH (Lab),Barbara HARVIE (Grn),Kenneth GUNN (Ind),Gordon EDGAR (Ind),Nancy NORMAN (LD),David BLACK (Ind),Michelle BALLANTYNE (Con),skipped,,9
1217,Elaine THORNTON-NICOL (SNP),Scott REDPATH (Lab),Barbara HARVIE (Grn),David BLACK (Ind),skipped,skipped,skipped,skipped,skipped,,9
1218,Elaine THORNTON-NICOL (SNP),Scott REDPATH (Lab),Barbara HARVIE (Grn),David BLACK (Ind),Gordon EDGAR (Ind),Nancy NORMAN (LD),Kenneth GUNN (Ind),skipped,skipped,,9
1219,Elaine THORNTON-NICOL (SNP),Scott REDPATH (Lab),Barbara HARVIE (Grn),David BLACK (Ind),Nancy NORMAN (LD),Gordon EDGAR (Ind),Michelle BALLANTYNE (Con),Kenneth GUNN (Ind),skipped,,9
1220,Elaine THORNTON-NICOL (SNP),Scott REDPATH (Lab),Barbara HARVIE (Grn),Nancy NORMAN (LD),skipped,skipped,skipped,skipped,skipped,,9
1221,Elaine THORNTON-NICOL (SNP),Scott REDPATH (Lab),Barbara HARVIE (Grn),Nancy NORMAN (LD),skipped,skipped,skipped,skipped,skipped,,9
1222,Elaine THORNTON-NICOL (SNP),Scott REDPATH (Lab),Barbara HARVIE (Grn),Nancy NORMAN (LD),skipped,skipped,skipped,skipped,skipped,,9
1223,Elaine THORNTON-NICOL (SNP),Scott REDPATH (Lab),Barbara HARVIE (Grn),Nancy NORMAN (LD),skipped,skipped,skipped,skipped,skipped,,9
1224,Elaine THORNTON-NICOL (SNP),Scott REDPATH (Lab),Barbara HARVIE (Grn),Nancy NORMAN (LD),skipped,skipped,skipped,skipped,skipped,,9
1225,Elaine THORNTON-NICOL (SNP),Scott REDPATH (Lab),Barbara HARVIE (Grn),Nancy NORMAN (LD),skipped,skipped,skipped,skipped,skipped,,9
1226,Elaine THORNTON-NICOL (SNP),Scott REDPATH (Lab),Barbara HARVIE (Grn),Nancy NORMAN (LD),skipped,skipped,skipped,skipped,skipped,,9
1227,Elaine THORNTON-NICOL (SNP),Scott REDPATH (Lab),Barbara HARVIE (Grn),Nancy NORMAN (LD),Kenneth GUNN (Ind),Michelle BALLANTYNE (Con),Gordon EDGAR (Ind),skipped,skipped,,9
1228,Elaine THORNTON-NICOL (SNP),Scott REDPATH (Lab),Barbara HARVIE (Grn),Nancy NORMAN (LD),Kenneth GUNN (Ind),Gordon EDGAR (Ind),David BLACK (Ind),Michelle BALLANTYNE (Con),skipped,,9
1229,Elaine THORNTON-NICOL (SNP),Scott REDPATH (Lab),Barbara HARVIE (Grn),Nancy NORMAN (LD),Kenneth GUNN (Ind),Gordon EDGAR (Ind),David BLACK (Ind),Michelle BALLANTYNE (Con),skipped,,9
1230,Elaine THORNTON-NICOL (SNP),Scott REDPATH (Lab),Barbara HARVIE (Grn),Nancy NORMAN (LD),David BLACK (Ind),skipped,skipped,skipped,skipped,,9
1231,Elaine THORNTON-NICOL (SNP),Scott REDPATH (Lab),Barbara HARVIE (Grn),Nancy NORMAN (LD),David BLACK (Ind),Kenneth GUNN (Ind),Gordon EDGAR (Ind),Michelle BALLANTYNE (Con),skipped,,9
1232,Elaine THORNTON-NICOL (SNP),Scott REDPATH (Lab),Barbara HARVIE (Grn),Nancy NORMAN (LD),David BLACK (Ind),Kenneth GUNN (Ind),Gordon EDGAR (Ind),Michelle BALLANTYNE (Con),skipped,,9
1233,Elaine THORNTON-NICOL (SNP),Scott REDPATH (Lab),Barbara HARVIE (Grn),Nancy NORMAN (LD),David BLACK (Ind),Gordon EDGAR (Ind),skipped,skipped,skipped,,9
1234,Elaine THORNTON-NICOL (SNP),Scott REDPATH (Lab),Barbara HARVIE (Grn),Nancy NORMAN (LD),Gordon EDGAR (Ind),Kenneth GUNN (Ind),David BLACK (Ind),Michelle BALLANTYNE (Con),skipped,,9
1235,Elaine THORNTON-NICOL (SNP),Scott REDPATH (Lab),Michelle BALLANTYNE (Con),Barbara HARVIE (Grn),Nancy NORMAN (LD),skipped,skipped,skipped,skipped,,9
1236,Elaine THORNTON-NICOL (SNP),Scott REDPATH (Lab),skipped,skipped,skipped,skipped,skipped,skipped,skipped,,9
1237,Elaine THORNTON-NICOL (SNP),Scott REDPATH (Lab),Michelle BALLANTYNE (Con),skipped,skipped,skipped,skipped,skipped,skipped,,9
1238,Elaine THORNTON-NICOL (SNP),Scott REDPATH (Lab),David BLACK (Ind),skipped,skipped,skipped,skipped,skipped,skipped,,9
1239,Elaine THORNTON-NICOL (SNP),Scott REDPATH (Lab),David BLACK (Ind),skipped,skipped,skipped,skipped,skipped,skipped,,9
1240,Elaine THORNTON-NICOL (SNP),Scott REDPATH (Lab),David BLACK (Ind),Gordon EDGAR (Ind),Kenneth GUNN (Ind),Nancy NORMAN (LD),skipped,skipped,skipped,,9
1241,Elaine THORNTON-NICOL (SNP),Scott REDPATH (Lab),David BLACK (Ind),Gordon EDGAR (Ind),Kenneth GUNN (Ind),Nancy NORMAN (LD),Barbara HARVIE (Grn),Michelle BALLANTYNE (Con),skipped,,9
1242,Elaine THORNTON-NICOL (SNP),Scott REDPATH (Lab),Gordon EDGAR (Ind),skipped,skipped,skipped,skipped,skipped,skipped,,9
1243,Elaine THORNTON-NICOL (SNP),Scott REDPATH (Lab),Gordon EDGAR (Ind),skipped,skipped,skipped,skipped,skipped,skipped,,9
1244,Elaine THORNTON-NICOL (SNP),Scott REDPATH (Lab),Gordon EDGAR (Ind),skipped,skipped,skipped,skipped,skipped,skipped,,9
1245,Elaine THORNTON-NICOL (SNP),Scott REDPATH (Lab),Gordon EDGAR (Ind),skipped,skipped,skipped,skipped,skipped,skipped,,9
1246,Elaine THORNTON-NICOL (SNP),Scott REDPATH (Lab),Gordon EDGAR (Ind),skipped,skipped,skipped,skipped,skipped,skipped,,9
1247,Elaine THORNTON-NICOL (SNP),Scott REDPATH (Lab),Gordon EDGAR (Ind),skipped,skipped,skipped,skipped,skipped,skipped,,9
1248,Elaine THORNTON-NICOL (SNP),Scott REDPATH (Lab),Gordon EDGAR (Ind),Kenneth GUNN (Ind),Barbara HARVIE (Grn),Nancy NORMAN (LD),David BLACK (Ind),Michelle BALLANTYNE (Con),skipped,,9
1249,Elaine THORNTON-NICOL (SNP),Scott REDPATH (Lab),Gordon EDGAR (Ind),Barbara HARVIE (Grn),David BLACK (Ind),Kenneth GUNN (Ind),Nancy NORMAN (LD),Michelle BALLANTYNE (Con),skipped,,9
1250,Elaine THORNTON-NICOL (SNP),Scott REDPATH (Lab),Gordon EDGAR (Ind),David BLACK (Ind),Barbara HARVIE (Grn),skipped,skipped,skipped,skipped,,9
1251,Elaine THORNTON-NICOL (SNP),Scott REDPATH (Lab),Nancy NORMAN (LD),skipped,skipped,skipped,skipped,skipped,skipped,,9
1252,Elaine THORNTON-NICOL (SNP),Scott REDPATH (Lab),Nancy NORMAN (LD),skipped,skipped,skipped,skipped,skipped,skipped,,9
1253,Elaine THORNTON-NICOL (SNP),Scott REDPATH (Lab),Nancy NORMAN (LD),skipped,skipped,skipped,skipped,skipped,skipped,,9
1254,Elaine THORNTON-NICOL (SNP),Scott REDPATH (Lab),Nancy NORMAN (LD),skipped,skipped,skipped,skipped,skipped,skipped,,9
1255,Elaine THORNTON-NICOL (SNP),Scott REDPATH (Lab),Nancy NORMAN (LD),skipped,skipped,skipped,skipped,skipped,skipped,,9
1256,Elaine THORNTON-NICOL (SNP),Scott REDPATH (Lab),Nancy NORMAN (LD),skipped,skipped,skipped,skipped,skipped,skipped,,9
1257,Elaine THORNTON-NICOL (SNP),Scott REDPATH (Lab),Nancy NORMAN (LD),skipped,skipped,skipped,skipped,skipped,skipped,,9
1258,Elaine THORNTON-NICOL (SNP),Scott REDPATH (Lab),Nancy NORMAN (LD),skipped,skipped,skipped,skipped,skipped,skipped,,9
1259,Elaine THORNTON-NICOL (SNP),Scott REDPATH (Lab),Nancy NORMAN (LD),skipped,skipped,skipped,skipped,skipped,skipped,,9
1260,Elaine THORNTON-NICOL (SNP),Scott REDPATH (Lab),Nancy NORMAN (LD),skipped,skipped,skipped,skipped,skipped,skipped,,9
1261,Elaine THORNTON-NICOL (SNP),Scott REDPATH (Lab),Nancy NORMAN (LD),skipped,skipped,skipped,skipped,skipped,skipped,,9
1262,Elaine THORNTON-NICOL (SNP),Scott REDPATH (Lab),Nancy NORMAN (LD),Barbara HARVIE (Grn),skipped,skipped,skipped,skipped,skipped,,9
1263,Elaine THORNTON-NICOL (SNP),Scott REDPATH (Lab),Nancy NORMAN (LD),Barbara HARVIE (Grn),skipped,skipped,skipped,skipped,skipped,,9
1264,Elaine THORNTON-NICOL (SNP),Scott REDPATH (Lab),Nancy NORMAN (LD),Barbara HARVIE (Grn),skipped,skipped,skipped,skipped,skipped,,9
1265,Elaine THORNTON-NICOL (SNP),Scott REDPATH (Lab),Nancy NORMAN (LD),Barbara HARVIE (Grn),skipped,skipped,skipped,skipped,skipped,,9
1266,Elaine THORNTON-NICOL (SNP),Scott REDPATH (Lab),Nancy NORMAN (LD),Barbara HARVIE (Grn),skipped,skipped,skipped,skipped,skipped,,9
1267,Elaine THORNTON-NICOL (SNP),Scott REDPATH (Lab),Nancy NORMAN (LD),Barbara HARVIE (Grn),skipped,skipped,skipped,skipped,skipped,,9
1268,Elaine THORNTON-NICOL (SNP),Scott REDPATH (Lab),Nancy NORMAN (LD),Barbara HARVIE (Grn),skipped,skipped,skipped,skipped,skipped,,9
1269,Elaine THORNTON-NICOL (SNP),Scott REDPATH (Lab),Nancy NORMAN (LD),Barbara HARVIE (Grn),Kenneth GUNN (Ind),skipped,skipped,skipped,skipped,,9
1270,Elaine THORNTON-NICOL (SNP),Scott REDPATH (Lab),Nancy NORMAN (LD),Barbara HARVIE (Grn),Kenneth GUNN (Ind),Gordon EDGAR (Ind),David BLACK (Ind),skipped,skipped,,9
1271,Elaine THORNTON-NICOL (SNP),Scott REDPATH (Lab),Nancy NORMAN (LD),Barbara HARVIE (Grn),Kenneth GUNN (Ind),Gordon EDGAR (Ind),David BLACK (Ind),skipped,skipped,,9
1272,Elaine THORNTON-NICOL (SNP),Scott REDPATH (Lab),Nancy NORMAN (LD),Barbara HARVIE (Grn),Kenneth GUNN (Ind),Gordon EDGAR (Ind),David BLACK (Ind),skipped,skipped,,9
1273,Elaine THORNTON-NICOL (SNP),Scott REDPATH (Lab),Nancy NORMAN (LD),Barbara HARVIE (Grn),Kenneth GUNN (Ind),Gordon EDGAR (Ind),David BLACK (Ind),Michelle BALLANTYNE (Con),skipped,,9
1274,Elaine THORNTON-NICOL (SNP),Scott REDPATH (Lab),Nancy NORMAN (LD),Barbara HARVIE (Grn),Kenneth GUNN (Ind),Gordon EDGAR (Ind),David BLACK (Ind),Michelle BALLANTYNE (Con),skipped,,9
1275,Elaine THORNTON-NICOL (SNP),Scott REDPATH (Lab),Nancy NORMAN (LD),Barbara HARVIE (Grn),Kenneth GUNN (Ind),Gordon EDGAR (Ind),David BLACK (Ind),Michelle BALLANTYNE (Con),skipped,,9
1276,Elaine THORNTON-NICOL (SNP),Scott REDPATH (Lab),Nancy NORMAN (LD),Barbara HARVIE (Grn),Michelle BALLANTYNE (Con),skipped,skipped,skipped,skipped,,9
1277,Elaine THORNTON-NICOL (SNP),Scott REDPATH (Lab),Nancy NORMAN (LD),Barbara HARVIE (Grn),David BLACK (Ind),Gordon EDGAR (Ind),skipped,skipped,skipped,,9
1278,Elaine THORNTON-NICOL (SNP),Scott REDPATH (Lab),Nancy NORMAN (LD),Michelle BALLANTYNE (Con),Barbara HARVIE (Grn),David BLACK (Ind),Gordon EDGAR (Ind),Kenneth GUNN (Ind),skipped,,9
1279,Elaine THORNTON-NICOL (SNP),Scott REDPATH (Lab),Nancy NORMAN (LD),David BLACK (Ind),skipped,skipped,skipped,skipped,skipped,,9
1280,Barbara HARVIE (Grn),skipped,skipped,skipped,skipped,skipped,skipped,skipped,skipped,,9
1281,Barbara HARVIE (Grn),skipped,skipped,skipped,skipped,skipped,skipped,skipped,skipped,,9
1282,Barbara HARVIE (Grn),skipped,skipped,skipped,skipped,skipped,skipped,skipped,skipped,,9
1283,Barbara HARVIE (Grn),skipped,skipped,skipped,skipped,skipped,skipped,skipped,skipped,,9
1284,Barbara HARVIE (Grn),skipped,skipped,skipped,skipped,skipped,skipped,skipped,skipped,,9
1285,Barbara HARVIE (Grn),skipped,skipped,skipped,skipped,skipped,skipped,skipped,skipped,,9
1286,Barbara HARVIE (Grn),skipped,skipped,skipped,skipped,skipped,skipped,skipped,skipped,,9
1287,Barbara HARVIE (Grn),skipped,skipped,skipped,skipped,skipped,skipped,skipped,skipped,,9
1288,Barbara HARVIE (Grn),skipped,skipped,skipped,skipped,skipped,skipped,skipped,skipped,,9
1289,Barbara HARVIE (Grn),Kenneth GUNN (Ind),skipped,skipped,skipped,skipped,skipped,skipped,skipped,,9
1290,Barbara HARVIE (Grn),Kenneth GUNN (Ind),David BLACK (Ind),Gordon EDGAR (Ind),skipped,skipped,skipped,skipped,skipped,,9
1291,Barbara HARVIE (Grn),Kenneth GUNN (Ind),Gordon EDGAR (Ind),Michelle BALLANTYNE (Con),skipped,skipped,skipped,skipped,skipped,,9
1292,Barbara HARVIE (Grn),Kenneth GUNN (Ind),Nancy NORMAN (LD),skipped,skipped,skipped,skipped,skipped,skipped,,9
1293,Barbara HARVIE (Grn),Kenneth GUNN (Ind),Nancy NORMAN (LD),skipped,skipped,skipped,skipped,skipped,skipped,,9
1294,Barbara HARVIE (Grn),Kenneth GUNN (Ind),Scott REDPATH (Lab),skipped,skipped,skipped,skipped,skipped,skipped,,9
1295,Barbara HARVIE (Grn),Kenneth GUNN (Ind),Scott REDPATH (Lab),Gordon EDGAR (Ind),Michelle BALLANTYNE (Con),David BLACK (Ind),Nancy NORMAN (LD),Elaine THORNTON-NICOL (SNP),skipped,,9
1296,Barbara HARVIE (Grn),Elaine THORNTON-NICOL (SNP),skipped,skipped,skipped,skipped,skipped,skipped,skipped,,9
1297,Barbara HARVIE (Grn),Elaine THORNTON-NICOL (SNP),skipped,skipped,skipped,skipped,skipped,skipped,skipped,,9
1298,Barbara HARVIE (Grn),Elaine THORNTON-NICOL (SNP),skipped,skipped,skipped,skipped,skipped,skipped,skipped,,9
1299,Barbara HARVIE (Grn),Elaine THORNTON-NICOL (SNP),skipped,skipped,skipped,skipped,skipped,skipped,skipped,,9
1300,Barbara HARVIE (Grn),Elaine THORNTON-NICOL (SNP),Kenneth GUNN (Ind),skipped,skipped,skipped,skipped,skipped,skipped,,9
1301,Barbara HARVIE (Grn),Elaine THORNTON-NICOL (SNP),Kenneth GUNN (Ind),skipped,skipped,skipped,skipped,skipped,skipped,,9
1302,Barbara HARVIE (Grn),Elaine THORNTON-NICOL (SNP),Kenneth GUNN (Ind),Michelle BALLANTYNE (Con),skipped,skipped,skipped,skipped,skipped,,9
1303,Barbara HARVIE (Grn),Elaine THORNTON-NICOL (SNP),Kenneth GUNN (Ind),David BLACK (Ind),Gordon EDGAR (Ind),Scott REDPATH (Lab),Nancy NORMAN (LD),Michelle BALLANTYNE (Con),skipped,,9
1304,Barbara HARVIE (Grn),Elaine THORNTON-NICOL (SNP),Kenneth GUNN (Ind),Gordon EDGAR (Ind),skipped,skipped,skipped,skipped,skipped,,9
1305,Barbara HARVIE (Grn),Elaine THORNTON-NICOL (SNP),Kenneth GUNN (Ind),Gordon EDGAR (Ind),Nancy NORMAN (LD),skipped,skipped,skipped,skipped,,9
1306,Barbara HARVIE (Grn),Elaine THORNTON-NICOL (SNP),Michelle BALLANTYNE (Con),skipped,skipped,skipped,skipped,skipped,skipped,,9
1307,Barbara HARVIE (Grn),Elaine THORNTON-NICOL (SNP),David BLACK (Ind),skipped,skipped,skipped,skipped,skipped,skipped,,9
1308,Barbara HARVIE (Grn),Elaine THORNTON-NICOL (SNP),David BLACK (Ind),skipped,skipped,skipped,skipped,skipped,skipped,,9
1309,Barbara HARVIE (Grn),Elaine THORNTON-NICOL (SNP),David BLACK (Ind),skipped,skipped,skipped,skipped,skipped,skipped,,9
1310,Barbara HARVIE (Grn),Elaine THORNTON-NICOL (SNP),David BLACK (Ind),skipped,skipped,skipped,skipped,skipped,skipped,,9
1311,Barbara HARVIE (Grn),Elaine THORNTON-NICOL (SNP),David BLACK (Ind),Kenneth GUNN (Ind),Gordon EDGAR (Ind),Nancy NORMAN (LD),Scott REDPATH (Lab),Michelle BALLANTYNE (Con),skipped,,9
1312,Barbara HARVIE (Grn),Elaine THORNTON-NICOL (SNP),David BLACK (Ind),Gordon EDGAR (Ind),skipped,skipped,skipped,skipped,skipped,,9
1313,Barbara HARVIE (Grn),Elaine THORNTON-NICOL (SNP),David BLACK (Ind),Gordon EDGAR (Ind),Kenneth GUNN (Ind),Nancy NORMAN (LD),Scott REDPATH (Lab),Michelle BALLANTYNE (Con),skipped,,9
1314,Barbara HARVIE (Grn),Elaine THORNTON-NICOL (SNP),Gordon EDGAR (Ind),skipped,skipped,skipped,skipped,skipped,skipped,,9
1315,Barbara HARVIE (Grn),Elaine THORNTON-NICOL (SNP),Gordon EDGAR (Ind),skipped,skipped,skipped,skipped,skipped,skipped,,9
1316,Barbara HARVIE (Grn),Elaine THORNTON-NICOL (SNP),Gordon EDGAR (Ind),skipped,skipped,skipped,skipped,skipped,skipped,,9
1317,Barbara HARVIE (Grn),Elaine THORNTON-NICOL (SNP),Gordon EDGAR (Ind),Nancy NORMAN (LD),skipped,skipped,skipped,skipped,skipped,,9
1318,Barbara HARVIE (Grn),Elaine THORNTON-NICOL (SNP),Nancy NORMAN (LD),skipped,skipped,skipped,skipped,skipped,skipped,,9
1319,Barbara HARVIE (Grn),Elaine THORNTON-NICOL (SNP),Nancy NORMAN (LD),skipped,skipped,skipped,skipped,skipped,skipped,,9
1320,Barbara HARVIE (Grn),Elaine THORNTON-NICOL (SNP),Nancy NORMAN (LD),skipped,skipped,skipped,skipped,skipped,skipped,,9
1321,Barbara HARVIE (Grn),Elaine THORNTON-NICOL (SNP),Nancy NORMAN (LD),Kenneth GUNN (Ind),Gordon EDGAR (Ind),David BLACK (Ind),Scott REDPATH (Lab),Michelle BALLANTYNE (Con),skipped,,9
1322,Barbara HARVIE (Grn),Elaine THORNTON-NICOL (SNP),Nancy NORMAN (LD),Gordon EDGAR (Ind),skipped,skipped,skipped,skipped,skipped,,9
1323,Barbara HARVIE (Grn),Elaine THORNTON-NICOL (SNP),Nancy NORMAN (LD),Scott REDPATH (Lab),skipped,skipped,skipped,skipped,skipped,,9
1324,Barbara HARVIE (Grn),Elaine THORNTON-NICOL (SNP),Nancy NORMAN (LD),Scott REDPATH (Lab),skipped,skipped,skipped,skipped,skipped,,9
1325,Barbara HARVIE (Grn),Elaine THORNTON-NICOL (SNP),Nancy NORMAN (LD),Scott REDPATH (Lab),David BLACK (Ind),skipped,skipped,skipped,skipped,,9
1326,Barbara HARVIE (Grn),Elaine THORNTON-NICOL (SNP),Nancy NORMAN (LD),Scott REDPATH (Lab),David BLACK (Ind),Kenneth GUNN (Ind),Gordon EDGAR (Ind),Michelle BALLANTYNE (Con),skipped,,9
1327,Barbara HARVIE (Grn),Elaine THORNTON-NICOL (SNP),Nancy NORMAN (LD),Scott REDPATH (Lab),David BLACK (Ind),Gordon EDGAR (Ind),Kenneth GUNN (Ind),Michelle BALLANTYNE (Con),skipped,,9
1328,Barbara HARVIE (Grn),Elaine THORNTON-NICOL (SNP),Nancy NORMAN (LD),Scott REDPATH (Lab),Gordon EDGAR (Ind),Kenneth GUNN (Ind),David BLACK (Ind),skipped,skipped,,9
1329,Barbara HARVIE (Grn),Elaine THORNTON-NICOL (SNP),Nancy NORMAN (LD),Scott REDPATH (Lab),Gordon EDGAR (Ind),Kenneth GUNN (Ind),David BLACK (Ind),Michelle BALLANTYNE (Con),skipped,,9
1330,Barbara HARVIE (Grn),Elaine THORNTON-NICOL (SNP),Scott REDPATH (Lab),skipped,skipped,skipped,skipped,skipped,skipped,,9
1331,Barbara HARVIE (Grn),Elaine THORNTON-NICOL (SNP),Scott REDPATH (Lab),skipped,skipped,skipped,skipped,skipped,skipped,,9
1332,Barbara HARVIE (Grn),Elaine THORNTON-NICOL (SNP),Scott REDPATH (Lab),skipped,skipped,skipped,skipped,skipped,skipped,,9
1333,Barbara HARVIE (Grn),Elaine THORNTON-NICOL (SNP),Scott REDPATH (Lab),skipped,skipped,skipped,skipped,skipped,skipped,,9
1334,Barbara HARVIE (Grn),Elaine THORNTON-NICOL (SNP),Scott REDPATH (Lab),skipped,skipped,skipped,skipped,skipped,skipped,,9
1335,Barbara HARVIE (Grn),Elaine THORNTON-NICOL (SNP),Scott REDPATH (Lab),skipped,skipped,skipped,skipped,skipped,skipped,,9
1336,Barbara HARVIE (Grn),Elaine THORNTON-NICOL (SNP),Scott REDPATH (Lab),skipped,skipped,skipped,skipped,skipped,skipped,,9
1337,Barbara HARVIE (Grn),Elaine THORNTON-NICOL (SNP),Scott REDPATH (Lab),David BLACK (Ind),Gordon EDGAR (Ind),Kenneth GUNN (Ind),Nancy NORMAN (LD),skipped,skipped,,9
1338,Barbara HARVIE (Grn),Elaine THORNTON-NICOL (SNP),Scott REDPATH (Lab),David BLACK (Ind),Nancy NORMAN (LD),skipped,skipped,skipped,skipped,,9
1339,Barbara HARVIE (Grn),Elaine THORNTON-NICOL (SNP),Scott REDPATH (Lab),Gordon EDGAR (Ind),Kenneth GUNN (Ind),David BLACK (Ind),Nancy NORMAN (LD),Michelle BALLANTYNE (Con),skipped,,9
1340,Barbara HARVIE (Grn),Elaine THORNTON-NICOL (SNP),Scott REDPATH (Lab),Gordon EDGAR (Ind),Kenneth GUNN (Ind),Nancy NORMAN (LD),David BLACK (Ind),Michelle BALLANTYNE (Con),skipped,,9
1341,Barbara HARVIE (Grn),Elaine THORNTON-NICOL (SNP),Scott REDPATH (Lab),Gordon EDGAR (Ind),Nancy NORMAN (LD),David BLACK (Ind),Kenneth GUNN (Ind),skipped,skipped,,9
1342,Barbara HARVIE (Grn),Elaine THORNTON-NICOL (SNP),Scott REDPATH (Lab),Nancy NORMAN (LD),skipped,skipped,skipped,skipped,skipped,,9
1343,Barbara HARVIE (Grn),Elaine THORNTON-NICOL (SNP),Scott REDPATH (Lab),Nancy NORMAN (LD),skipped,skipped,skipped,skipped,skipped,,9
1344,Barbara HARVIE (Grn),Elaine THORNTON-NICOL (SNP),Scott REDPATH (Lab),Nancy NORMAN (LD),Kenneth GUNN (Ind),Gordon EDGAR (Ind),David BLACK (Ind),Michelle BALLANTYNE (Con),skipped,,9
1345,Barbara HARVIE (Grn),Elaine THORNTON-NICOL (SNP),Scott REDPATH (Lab),Nancy NORMAN (LD),Kenneth GUNN (Ind),Gordon EDGAR (Ind),David BLACK (Ind),Michelle BALLANTYNE (Con),skipped,,9
1346,Barbara HARVIE (Grn),Elaine THORNTON-NICOL (SNP),Scott REDPATH (Lab),Nancy NORMAN (LD),Kenneth GUNN (Ind),Gordon EDGAR (Ind),David BLACK (Ind),Michelle BALLANTYNE (Con),skipped,,9
1347,Barbara HARVIE (Grn),Elaine THORNTON-NICOL (SNP),Scott REDPATH (Lab),Nancy NORMAN (LD),Michelle BALLANTYNE (Con),Gordon EDGAR (Ind),David BLACK (Ind),Kenneth GUNN (Ind),skipped,,9
1348,Barbara HARVIE (Grn),Michelle BALLANTYNE (Con),skipped,skipped,skipped,skipped,skipped,skipped,skipped,,9
1349,Barbara HARVIE (Grn),Michelle BALLANTYNE (Con),David BLACK (Ind),skipped,skipped,skipped,skipped,skipped,skipped,,9
1350,Barbara HARVIE (Grn),David BLACK (Ind),Elaine THORNTON-NICOL (SNP),Scott REDPATH (Lab),skipped,skipped,skipped,skipped,skipped,,9
1351,Barbara HARVIE (Grn),Gordon EDGAR (Ind),Kenneth GUNN (Ind),Elaine THORNTON-NICOL (SNP),Nancy NORMAN (LD),Scott REDPATH (Lab),skipped,skipped,skipped,,9
1352,Barbara HARVIE (Grn),Gordon EDGAR (Ind),Elaine THORNTON-NICOL (SNP),skipped,skipped,skipped,skipped,skipped,skipped,,9
1353,Barbara HARVIE (Grn),Gordon EDGAR (Ind),Elaine THORNTON-NICOL (SNP),Scott REDPATH (Lab),skipped,skipped,skipped,skipped,skipped,,9
1354,Barbara HARVIE (Grn),Gordon EDGAR (Ind),Nancy NORMAN (LD),skipped,skipped,skipped,skipped,skipped,skipped,,9
1355,Barbara HARVIE (Grn),Gordon EDGAR (Ind),Nancy NORMAN (LD),skipped,skipped,skipped,skipped,skipped,skipped,,9
1356,Barbara HARVIE (Grn),Gordon EDGAR (Ind),Nancy NORMAN (LD),skipped,skipped,skipped,skipped,skipped,skipped,,9
1357,Barbara HARVIE (Grn),Gordon EDGAR (Ind),Scott REDPATH (Lab),Elaine THORNTON-NICOL (SNP),Nancy NORMAN (LD),Kenneth GUNN (Ind),David BLACK (Ind),Michelle BALLANTYNE (Con),skipped,,9
1358,Barbara HARVIE (Grn),Nancy NORMAN (LD),skipped,skipped,skipped,skipped,skipped,skipped,skipped,,9
1359,Barbara HARVIE (Grn),Nancy NORMAN (LD),skipped,skipped,skipped,skipped,skipped,skipped,skipped,,9
1360,Barbara HARVIE (Grn),Nancy NORMAN (LD),skipped,skipped,skipped,skipped,skipped,skipped,skipped,,9
1361,Barbara HARVIE (Grn),Nancy NORMAN (LD),Kenneth GUNN (Ind),skipped,skipped,skipped,skipped,skipped,skipped,,9
1362,Barbara HARVIE (Grn),Nancy NORMAN (LD),Kenneth GUNN (Ind),Gordon EDGAR (Ind),skipped,skipped,skipped,skipped,skipped,,9
1363,Barbara HARVIE (Grn),Nancy NORMAN (LD),Kenneth GUNN (Ind),Gordon EDGAR (Ind),David BLACK (Ind),skipped,skipped,skipped,skipped,,9
1364,Barbara HARVIE (Grn),Nancy NORMAN (LD),Kenneth GUNN (Ind),Gordon EDGAR (Ind),Scott REDPATH (Lab),Elaine THORNTON-NICOL (SNP),David BLACK (Ind),Michelle BALLANTYNE (Con),skipped,,9
1365,Barbara HARVIE (Grn),Nancy NORMAN (LD),Elaine THORNTON-NICOL (SNP),skipped,skipped,skipped,skipped,skipped,skipped,,9
1366,Barbara HARVIE (Grn),Nancy NORMAN (LD),Elaine THORNTON-NICOL (SNP),skipped,skipped,skipped,skipped,skipped,skipped,,9
1367,Barbara HARVIE (Grn),Nancy NORMAN (LD),Elaine THORNTON-NICOL (SNP),Michelle BALLANTYNE (Con),Kenneth GUNN (Ind),Scott REDPATH (Lab),David BLACK (Ind),Gordon EDGAR (Ind),skipped,,9
1368,Barbara HARVIE (Grn),Nancy NORMAN (LD),Elaine THORNTON-NICOL (SNP),Scott REDPATH (Lab),Kenneth GUNN (Ind),skipped,skipped,skipped,skipped,,9
1369,Barbara HARVIE (Grn),Nancy NORMAN (LD),Elaine THORNTON-NICOL (SNP),Scott REDPATH (Lab),Kenneth GUNN (Ind),David BLACK (Ind),Michelle BALLANTYNE (Con),Gordon EDGAR (Ind),skipped,,9
1370,Barbara HARVIE (Grn),Nancy NORMAN (LD),Elaine THORNTON-NICOL (SNP),Scott REDPATH (Lab),David BLACK (Ind),Kenneth GUNN (Ind),Gordon EDGAR (Ind),Michelle BALLANTYNE (Con),skipped,,9
1371,Barbara HARVIE (Grn),Nancy NORMAN (LD),Michelle BALLANTYNE (Con),skipped,skipped,skipped,skipped,skipped,skipped,,9
1372,Barbara HARVIE (Grn),Nancy NORMAN (LD),David BLACK (Ind),Gordon EDGAR (Ind),Kenneth GUNN (Ind),Elaine THORNTON-NICOL (SNP),skipped,skipped,skipped,,9
1373,Barbara HARVIE (Grn),Nancy NORMAN (LD),Gordon EDGAR (Ind),skipped,skipped,skipped,skipped,skipped,skipped,,9
1374,Barbara HARVIE (Grn),Nancy NORMAN (LD),Gordon EDGAR (Ind),Elaine THORNTON-NICOL (SNP),skipped,skipped,skipped,skipped,skipped,,9
1375,Barbara HARVIE (Grn),Nancy NORMAN (LD),Gordon EDGAR (Ind),Elaine THORNTON-NICOL (SNP),Scott REDPATH (Lab),skipped,skipped,skipped,skipped,,9
1376,Barbara HARVIE (Grn),Nancy NORMAN (LD),Gordon EDGAR (Ind),David BLACK (Ind),skipped,skipped,skipped,skipped,skipped,,9
1377,Barbara HARVIE (Grn),Nancy NORMAN (LD),Scott REDPATH (Lab),skipped,skipped,skipped,skipped,skipped,skipped,,9
1378,Barbara HARVIE (Grn),Nancy NORMAN (LD),Scott REDPATH (Lab),skipped,skipped,skipped,skipped,skipped,skipped,,9
1379,Barbara HARVIE (Grn),Nancy NORMAN (LD),Scott REDPATH (Lab),skipped,skipped,skipped,skipped,skipped,skipped,,9
1380,Barbara HARVIE (Grn),Nancy NORMAN (LD),Scott REDPATH (Lab),skipped,skipped,skipped,skipped,skipped,skipped,,9
1381,Barbara HARVIE (Grn),Nancy NORMAN (LD),Scott REDPATH (Lab),skipped,skipped,skipped,skipped,skipped,skipped,,9
1382,Barbara HARVIE (Grn),Nancy NORMAN (LD),Scott REDPATH (Lab),Elaine THORNTON-NICOL (SNP),skipped,skipped,skipped,skipped,skipped,,9
1383,Barbara HARVIE (Grn),Nancy NORMAN (LD),Scott REDPATH (Lab),Elaine THORNTON-NICOL (SNP),Gordon EDGAR (Ind),skipped,skipped,skipped,skipped,,9
1384,Barbara HARVIE (Grn),Nancy NORMAN (LD),Scott REDPATH (Lab),Gordon EDGAR (Ind),skipped,skipped,skipped,skipped,skipped,,9
1385,Barbara HARVIE (Grn),Scott REDPATH (Lab),skipped,skipped,skipped,skipped,skipped,skipped,skipped,,9
1386,Barbara HARVIE (Grn),Scott REDPATH (Lab),Kenneth GUNN (Ind),David BLACK (Ind),skipped,skipped,skipped,skipped,skipped,,9
1387,Barbara HARVIE (Grn),Scott REDPATH (Lab),Elaine THORNTON-NICOL (SNP),skipped,skipped,skipped,skipped,skipped,skipped,,9
1388,Barbara HARVIE (Grn),Scott REDPATH (Lab),Elaine THORNTON-NICOL (SNP),skipped,skipped,skipped,skipped,skipped,skipped,,9
1389,Barbara HARVIE (Grn),Scott REDPATH (Lab),Elaine THORNTON-NICOL (SNP),skipped,skipped,skipped,skipped,skipped,skipped,,9
1390,Barbara HARVIE (Grn),Scott REDPATH (Lab),Elaine THORNTON-NICOL (SNP),skipped,skipped,skipped,skipped,skipped,skipped,,9
1391,Barbara HARVIE (Grn),Scott REDPATH (Lab),Elaine THORNTON-NICOL (SNP),Kenneth GUNN (Ind),Nancy NORMAN (LD),Gordon EDGAR (Ind),David BLACK (Ind),Michelle BALLANTYNE (Con),skipped,,9
1392,Barbara HARVIE (Grn),Scott REDPATH (Lab),Elaine THORNTON-NICOL (SNP),Kenneth GUNN (Ind),Nancy NORMAN (LD),Gordon EDGAR (Ind),David BLACK (Ind),Michelle BALLANTYNE (Con),skipped,,9
1393,Barbara HARVIE (Grn),Scott REDPATH (Lab),Elaine THORNTON-NICOL (SNP),Gordon EDGAR (Ind),skipped,skipped,skipped,skipped,skipped,,9
1394,Barbara HARVIE (Grn),Scott REDPATH (Lab),Gordon EDGAR (Ind),skipped,skipped,skipped,skipped,skipped,skipped,,9
1395,Barbara HARVIE (Grn),Scott REDPATH (Lab),Gordon EDGAR (Ind),David BLACK (Ind),skipped,skipped,skipped,skipped,skipped,,9
1396,Barbara HARVIE (Grn),Scott REDPATH (Lab),Gordon EDGAR (Ind),Nancy NORMAN (LD),skipped,skipped,skipped,skipped,skipped,,9
1397,Barbara HARVIE (Grn),Scott REDPATH (Lab),Nancy NORMAN (LD),skipped,skipped,skipped,skipped,skipped,skipped,,9
1398,Barbara HARVIE (Grn),Scott REDPATH (Lab),Nancy NORMAN (LD),skipped,skipped,skipped,skipped,skipped,skipped,,9
1399,Barbara HARVIE (Grn),Scott REDPATH (Lab),Nancy NORMAN (LD),skipped,skipped,skipped,skipped,skipped,skipped,,9
1400,Barbara HARVIE (Grn),Scott REDPATH (Lab),Nancy NORMAN (LD),skipped,skipped,skipped,skipped,skipped,skipped,,9
1401,Barbara HARVIE (Grn),Scott REDPATH (Lab),Nancy NORMAN (LD),Gordon EDGAR (Ind),skipped,skipped,skipped,skipped,skipped,,9
1402,Michelle BALLANTYNE (Con),skipped,skipped,skipped,skipped,skipped,skipped,skipped,skipped,,9
1403,Michelle BALLANTYNE (Con),skipped,skipped,skipped,skipped,skipped,skipped,skipped,skipped,,9
1404,Michelle BALLANTYNE (Con),skipped,skipped,skipped,skipped,skipped,skipped,skipped,skipped,,9
1405,Michelle BALLANTYNE (Con),skipped,skipped,skipped,skipped,skipped,skipped,skipped,skipped,,9
1406,Michelle BALLANTYNE (Con),skipped,skipped,skipped,skipped,skipped,skipped,skipped,skipped,,9
1407,Michelle BALLANTYNE (Con),skipped,skipped,skipped,skipped,skipped,skipped,skipped,skipped,,9
1408,Michelle BALLANTYNE (Con),skipped,skipped,skipped,skipped,skipped,skipped,skipped,skipped,,9
1409,Michelle BALLANTYNE (Con),skipped,skipped,skipped,skipped,skipped,skipped,skipped,skipped,,9
1410,Michelle BALLANTYNE (Con),skipped,skipped,skipped,skipped,skipped,skipped,skipped,skipped,,9
1411,Michelle BALLANTYNE (Con),skipped,skipped,skipped,skipped,skipped,skipped,skipped,skipped,,9
1412,Michelle BALLANTYNE (Con),skipped,skipped,skipped,skipped,skipped,skipped,skipped,skipped,,9
1413,Michelle BALLANTYNE (Con),skipped,skipped,skipped,skipped,skipped,skipped,skipped,skipped,,9
1414,Michelle BALLANTYNE (Con),skipped,skipped,skipped,skipped,skipped,skipped,skipped,skipped,,9
1415,Michelle BALLANTYNE (Con),skipped,skipped,skipped,skipped,skipped,skipped,skipped,skipped,,9
1416,Michelle BALLANTYNE (Con),skipped,skipped,skipped,skipped,skipped,skipped,skipped,skipped,,9
1417,Michelle BALLANTYNE (Con),skipped,skipped,skipped,skipped,skipped,skipped,skipped,skipped,,9
1418,Michelle BALLANTYNE (Con),skipped,skipped,skipped,skipped,skipped,skipped,skipped,skipped,,9
1419,Michelle BALLANTYNE (Con),skipped,skipped,skipped,skipped,skipped,skipped,skipped,skipped,,9
1420,Michelle BALLANTYNE (Con),skipped,skipped,skipped,skipped,skipped,skipped,skipped,skipped,,9
1421,Michelle BALLANTYNE (Con),skipped,skipped,skipped,skipped,skipped,skipped,skipped,skipped,,9
1422,Michelle BALLANTYNE (Con),skipped,skipped,skipped,skipped,skipped,skipped,skipped,skipped,,9
1423,Michelle BALLANTYNE (Con),skipped,skipped,skipped,skipped,skipped,skipped,skipped,skipped,,9
1424,Michelle BALLANTYNE (Con),skipped,skipped,skipped,skipped,skipped,skipped,skipped,skipped,,9
1425,Michelle BALLANTYNE (Con),skipped,skipped,skipped,skipped,skipped,skipped,skipped,skipped,,9
1426,Michelle BALLANTYNE (Con),skipped,skipped,skipped,skipped,skipped,skipped,skipped,skipped,,9
1427,Michelle BALLANTYNE (Con),skipped,skipped,skipped,skipped,skipped,skipped,skipped,skipped,,9
1428,Michelle BALLANTYNE (Con),skipped,skipped,skipped,skipped,skipped,skipped,skipped,skipped,,9
1429,Michelle BALLANTYNE (Con),skipped,skipped,skipped,skipped,skipped,skipped,skipped,skipped,,9
1430,Michelle BALLANTYNE (Con),skipped,skipped,skipped,skipped,skipped,skipped,skipped,skipped,,9
1431,Michelle BALLANTYNE (Con),skipped,skipped,skipped,skipped,skipped,skipped,skipped,skipped,,9
1432,Michelle BALLANTYNE (Con),skipped,skipped,skipped,skipped,skipped,skipped,skipped,skipped,,9
1433,Michelle BALLANTYNE (Con),skipped,skipped,skipped,skipped,skipped,skipped,skipped,skipped,,9
1434,Michelle BALLANTYNE (Con),skipped,skipped,skipped,skipped,skipped,skipped,skipped,skipped,,9
1435,Michelle BALLANTYNE (Con),skipped,skipped,skipped,skipped,skipped,skipped,skipped,skipped,,9
1436,Michelle BALLANTYNE (Con),skipped,skipped,skipped,skipped,skipped,skipped,skipped,skipped,,9
1437,Michelle BALLANTYNE (Con),skipped,skipped,skipped,skipped,skipped,skipped,skipped,skipped,,9
1438,Michelle BALLANTYNE (Con),skipped,skipped,skipped,skipped,skipped,skipped,skipped,skipped,,9
1439,Michelle BALLANTYNE (Con),skipped,skipped,skipped,skipped,skipped,skipped,skipped,skipped,,9
1440,Michelle BALLANTYNE (Con),skipped,skipped,skipped,skipped,skipped,skipped,skipped,skipped,,9
1441,Michelle BALLANTYNE (Con),skipped,skipped,skipped,skipped,skipped,skipped,skipped,skipped,,9
1442,Michelle BALLANTYNE (Con),skipped,skipped,skipped,skipped,skipped,skipped,skipped,skipped,,9
1443,Michelle BALLANTYNE (Con),skipped,skipped,skipped,skipped,skipped,skipped,skipped,skipped,,9
1444,Michelle BALLANTYNE (Con),skipped,skipped,skipped,skipped,skipped,skipped,skipped,skipped,,9
1445,Michelle BALLANTYNE (Con),skipped,skipped,skipped,skipped,skipped,skipped,skipped,skipped,,9
1446,Michelle BALLANTYNE (Con),skipped,skipped,skipped,skipped,skipped,skipped,skipped,skipped,,9
1447,Michelle BALLANTYNE (Con),skipped,skipped,skipped,skipped,skipped,skipped,skipped,skipped,,9
1448,Michelle BALLANTYNE (Con),skipped,skipped,skipped,skipped,skipped,skipped,skipped,skipped,,9
1449,Michelle BALLANTYNE (Con),skipped,skipped,skipped,skipped,skipped,skipped,skipped,skipped,,9
1450,Michelle BALLANTYNE (Con),skipped,skipped,skipped,skipped,skipped,skipped,skipped,skipped,,9
1451,Michelle BALLANTYNE (Con),skipped,skipped,skipped,skipped,skipped,skipped,skipped,skipped,,9
1452,Michelle BALLANTYNE (Con),skipped,skipped,skipped,skipped,skipped,skipped,skipped,skipped,,9
1453,Michelle BALLANTYNE (Con),skipped,skipped,skipped,skipped,skipped,skipped,skipped,skipped,,9
1454,Michelle BALLANTYNE (Con),skipped,skipped,skipped,skipped,skipped,skipped,skipped,skipped,,9
1455,Michelle BALLANTYNE (Con),skipped,skipped,skipped,skipped,skipped,skipped,skipped,skipped,,9
1456,Michelle BALLANTYNE (Con),skipped,skipped,skipped,skipped,skipped,skipped,skipped,skipped,,9
1457,Michelle BALLANTYNE (Con),skipped,skipped,skipped,skipped,skipped,skipped,skipped,skipped,,9
1458,Michelle BALLANTYNE (Con),skipped,skipped,skipped,skipped,skipped,skipped,skipped,skipped,,9
1459,Michelle BALLANTYNE (Con),skipped,skipped,skipped,skipped,skipped,skipped,skipped,skipped,,9
1460,Michelle BALLANTYNE (Con),skipped,skipped,skipped,skipped,skipped,skipped,skipped,skipped,,9
1461,Michelle BALLANTYNE (Con),Kenneth GUNN (Ind),skipped,skipped,skipped,skipped,skipped,skipped,skipped,,9
1462,Michelle BALLANTYNE (Con),Kenneth GUNN (Ind),skipped,skipped,skipped,skipped,skipped,skipped,skipped,,9
1463,Michelle BALLANTYNE (Con),Kenneth GUNN (Ind),skipped,skipped,skipped,skipped,skipped,skipped,skipped,,9
1464,Michelle BALLANTYNE (Con),Kenneth GUNN (Ind),skipped,skipped,skipped,skipped,skipped,skipped,skipped,,9
1465,Michelle BALLANTYNE (Con),Kenneth GUNN (Ind),skipped,skipped,skipped,skipped,skipped,skipped,skipped,,9
1466,Michelle BALLANTYNE (Con),Kenneth GUNN (Ind),skipped,skipped,skipped,skipped,skipped,skipped,skipped,,9
1467,Michelle BALLANTYNE (Con),Kenneth GUNN (Ind),skipped,skipped,skipped,skipped,skipped,skipped,skipped,,9
1468,Michelle BALLANTYNE (Con),Kenneth GUNN (Ind),skipped,skipped,skipped,skipped,skipped,skipped,skipped,,9
1469,Michelle BALLANTYNE (Con),Kenneth GUNN (Ind),skipped,skipped,skipped,skipped,skipped,skipped,skipped,,9
1470,Michelle BALLANTYNE (Con),Kenneth GUNN (Ind),skipped,skipped,skipped,skipped,skipped,skipped,skipped,,9
1471,Michelle BALLANTYNE (Con),Kenneth GUNN (Ind),skipped,skipped,skipped,skipped,skipped,skipped,skipped,,9
1472,Michelle BALLANTYNE (Con),Kenneth GUNN (Ind),skipped,skipped,skipped,skipped,skipped,skipped,skipped,,9
1473,Michelle BALLANTYNE (Con),Kenneth GUNN (Ind),skipped,skipped,skipped,skipped,skipped,skipped,skipped,,9
1474,Michelle BALLANTYNE (Con),Kenneth GUNN (Ind),skipped,skipped,skipped,skipped,skipped,skipped,skipped,,9
1475,Michelle BALLANTYNE (Con),Kenneth GUNN (Ind),Elaine THORNTON-NICOL (SNP),skipped,skipped,skipped,skipped,skipped,skipped,,9
1476,Michelle BALLANTYNE (Con),Kenneth GUNN (Ind),Elaine THORNTON-NICOL (SNP),skipped,skipped,skipped,skipped,skipped,skipped,,9
1477,Michelle BALLANTYNE (Con),Kenneth GUNN (Ind),Barbara HARVIE (Grn),skipped,skipped,skipped,skipped,skipped,skipped,,9
1478,Michelle BALLANTYNE (Con),Kenneth GUNN (Ind),Barbara HARVIE (Grn),skipped,skipped,skipped,skipped,skipped,skipped,,9
1479,Michelle BALLANTYNE (Con),Kenneth GUNN (Ind),Barbara HARVIE (Grn),Nancy NORMAN (LD),skipped,skipped,skipped,skipped,skipped,,9
1480,Michelle BALLANTYNE (Con),Kenneth GUNN (Ind),Barbara HARVIE (Grn),Scott REDPATH (Lab),Gordon EDGAR (Ind),Elaine THORNTON-NICOL (SNP),Nancy NORMAN (LD),David BLACK (Ind),skipped,,9
1481,Michelle BALLANTYNE (Con),Kenneth GUNN (Ind),skipped,skipped,skipped,skipped,skipped,skipped,skipped,,9
1482,Michelle BALLANTYNE (Con),Kenneth GUNN (Ind),skipped,skipped,skipped,skipped,skipped,skipped,skipped,,9
1483,Michelle BALLANTYNE (Con),Kenneth GUNN (Ind),skipped,skipped,skipped,skipped,skipped,skipped,skipped,,9
1484,Michelle BALLANTYNE (Con),Kenneth GUNN (Ind),skipped,skipped,skipped,skipped,skipped,skipped,skipped,,9
1485,Michelle BALLANTYNE (Con),Kenneth GUNN (Ind),skipped,skipped,skipped,skipped,skipped,skipped,skipped,,9
1486,Michelle BALLANTYNE (Con),Kenneth GUNN (Ind),skipped,skipped,skipped,skipped,skipped,skipped,skipped,,9
1487,Michelle BALLANTYNE (Con),Kenneth GUNN (Ind),skipped,skipped,skipped,skipped,skipped,skipped,skipped,,9
1488,Michelle BALLANTYNE (Con),Kenneth GUNN (Ind),skipped,skipped,skipped,skipped,skipped,skipped,skipped,,9
1489,Michelle BALLANTYNE (Con),Kenneth GUNN (Ind),skipped,skipped,skipped,skipped,skipped,skipped,skipped,,9
1490,Michelle BALLANTYNE (Con),Kenneth GUNN (Ind),David BLACK (Ind),Nancy NORMAN (LD),Scott REDPATH (Lab),Gordon EDGAR (Ind),skipped,skipped,skipped,,9
1491,Michelle BALLANTYNE (Con),Kenneth GUNN (Ind),Nancy NORMAN (LD),skipped,skipped,skipped,skipped,skipped,skipped,,9
1492,Michelle BALLANTYNE (Con),Kenneth GUNN (Ind),David BLACK (Ind),skipped,skipped,skipped,skipped,skipped,skipped,,9
1493,Michelle BALLANTYNE (Con),Kenneth GUNN (Ind),David BLACK (Ind),skipped,skipped,skipped,skipped,skipped,skipped,,9
1494,Michelle BALLANTYNE (Con),Kenneth GUNN (Ind),David BLACK (Ind),skipped,skipped,skipped,skipped,skipped,skipped,,9
1495,Michelle BALLANTYNE (Con),Kenneth GUNN (Ind),Gordon EDGAR (Ind),skipped,skipped,skipped,skipped,skipped,skipped,,9
1496,Michelle BALLANTYNE (Con),Kenneth GUNN (Ind),Gordon EDGAR (Ind),skipped,skipped,skipped,skipped,skipped,skipped,,9
1497,Michelle BALLANTYNE (Con),Kenneth GUNN (Ind),Gordon EDGAR (Ind),skipped,skipped,skipped,skipped,skipped,skipped,,9
1498,Michelle BALLANTYNE (Con),Kenneth GUNN (Ind),Gordon EDGAR (Ind),skipped,skipped,skipped,skipped,skipped,skipped,,9
1499,Michelle BALLANTYNE (Con),Kenneth GUNN (Ind),Gordon EDGAR (Ind),skipped,skipped,skipped,skipped,skipped,skipped,,9
1500,Michelle BALLANTYNE (Con),Kenneth GUNN (Ind),Gordon EDGAR (Ind),skipped,skipped,skipped,skipped,skipped,skipped,,9
1501,Michelle BALLANTYNE (Con),Kenneth GUNN (Ind),Gordon EDGAR (Ind),skipped,skipped,skipped,skipped,skipped,skipped,,9
1502,Michelle BALLANTYNE (Con),Kenneth GUNN (Ind),Gordon EDGAR (Ind),skipped,skipped,skipped,skipped,skipped,skipped,,9
1503,Michelle BALLANTYNE (Con),Kenneth GUNN (Ind),Gordon EDGAR (Ind),skipped,skipped,skipped,skipped,skipped,skipped,,9
1504,Michelle BALLANTYNE (Con),Kenneth GUNN (Ind),Gordon EDGAR (Ind),skipped,skipped,skipped,skipped,skipped,skipped,,9
1505,Michelle BALLANTYNE (Con),Kenneth GUNN (Ind),Gordon EDGAR (Ind),skipped,skipped,skipped,skipped,skipped,skipped,,9
1506,Michelle BALLANTYNE (Con),Kenneth GUNN (Ind),Gordon EDGAR (Ind),skipped,skipped,skipped,skipped,skipped,skipped,,9
1507,Michelle BALLANTYNE (Con),Kenneth GUNN (Ind),Gordon EDGAR (Ind),skipped,skipped,skipped,skipped,skipped,skipped,,9
1508,Michelle BALLANTYNE (Con),Kenneth GUNN (Ind),Gordon EDGAR (Ind),skipped,skipped,skipped,skipped,skipped,skipped,,9
1509,Michelle BALLANTYNE (Con),Kenneth GUNN (Ind),Gordon EDGAR (Ind),Elaine THORNTON-NICOL (SNP),Nancy NORMAN (LD),Scott REDPATH (Lab),David BLACK (Ind),Barbara HARVIE (Grn),skipped,,9
1510,Michelle BALLANTYNE (Con),Kenneth GUNN (Ind),Gordon EDGAR (Ind),Barbara HARVIE (Grn),Nancy NORMAN (LD),skipped,skipped,skipped,skipped,,9
1511,Michelle BALLANTYNE (Con),Kenneth GUNN (Ind),Gordon EDGAR (Ind),skipped,skipped,skipped,skipped,skipped,skipped,,9
1512,Michelle BALLANTYNE (Con),Kenneth GUNN (Ind),Gordon EDGAR (Ind),Elaine THORNTON-NICOL (SNP),Nancy NORMAN (LD),Scott REDPATH (Lab),David BLACK (Ind),Barbara HARVIE (Grn),skipped,,9
1513,Michelle BALLANTYNE (Con),Kenneth GUNN (Ind),Gordon EDGAR (Ind),David BLACK (Ind),Nancy NORMAN (LD),Barbara HARVIE (Grn),Scott REDPATH (Lab),Elaine THORNTON-NICOL (SNP),skipped,,9
1514,Michelle BALLANTYNE (Con),Kenneth GUNN (Ind),Gordon EDGAR (Ind),David BLACK (Ind),Nancy NORMAN (LD),Scott REDPATH (Lab),Barbara HARVIE (Grn),Elaine THORNTON-NICOL (SNP),skipped,,9
1515,Michelle BALLANTYNE (Con),Kenneth GUNN (Ind),Nancy NORMAN (LD),skipped,skipped,skipped,skipped,skipped,skipped,,9
1516,Michelle BALLANTYNE (Con),Kenneth GUNN (Ind),Nancy NORMAN (LD),Gordon EDGAR (Ind),skipped,skipped,skipped,skipped,skipped,,9
1517,Michelle BALLANTYNE (Con),Kenneth GUNN (Ind),Scott REDPATH (Lab),skipped,skipped,skipped,skipped,skipped,skipped,,9
1518,Michelle BALLANTYNE (Con),Kenneth GUNN (Ind),Scott REDPATH (Lab),skipped,skipped,skipped,skipped,skipped,skipped,,9
1519,Michelle BALLANTYNE (Con),Kenneth GUNN (Ind),Scott REDPATH (Lab),Barbara HARVIE (Grn),Nancy NORMAN (LD),skipped,skipped,skipped,skipped,,9
1520,Michelle BALLANTYNE (Con),Kenneth GUNN (Ind),Scott REDPATH (Lab),skipped,skipped,skipped,skipped,skipped,skipped,,9
1521,Michelle BALLANTYNE (Con),Kenneth GUNN (Ind),Scott REDPATH (Lab),Gordon EDGAR (Ind),skipped,skipped,skipped,skipped,skipped,,9
1522,Michelle BALLANTYNE (Con),Elaine THORNTON-NICOL (SNP),skipped,skipped,skipped,skipped,skipped,skipped,skipped,,9
1523,Michelle BALLANTYNE (Con),Elaine THORNTON-NICOL (SNP),skipped,skipped,skipped,skipped,skipped,skipped,skipped,,9
1524,Michelle BALLANTYNE (Con),Elaine THORNTON-NICOL (SNP),Kenneth GUNN (Ind),skipped,skipped,skipped,skipped,skipped,skipped,,9
1525,Michelle BALLANTYNE (Con),Elaine THORNTON-NICOL (SNP),Kenneth GUNN (Ind),skipped,skipped,skipped,skipped,skipped,skipped,,9
1526,Michelle BALLANTYNE (Con),Elaine THORNTON-NICOL (SNP),Barbara HARVIE (Grn),Kenneth GUNN (Ind),skipped,skipped,skipped,skipped,skipped,,9
1527,Michelle BALLANTYNE (Con),Elaine THORNTON-NICOL (SNP),skipped,skipped,skipped,skipped,skipped,skipped,skipped,,9
1528,Michelle BALLANTYNE (Con),Elaine THORNTON-NICOL (SNP),Gordon EDGAR (Ind),skipped,skipped,skipped,skipped,skipped,skipped,,9
1529,Michelle BALLANTYNE (Con),Elaine THORNTON-NICOL (SNP),Gordon EDGAR (Ind),Kenneth GUNN (Ind),Scott REDPATH (Lab),David BLACK (Ind),Barbara HARVIE (Grn),Nancy NORMAN (LD),skipped,,9
1530,Michelle BALLANTYNE (Con),Elaine THORNTON-NICOL (SNP),Nancy NORMAN (LD),skipped,skipped,skipped,skipped,skipped,skipped,,9
1531,Michelle BALLANTYNE (Con),Elaine THORNTON-NICOL (SNP),Scott REDPATH (Lab),skipped,skipped,skipped,skipped,skipped,skipped,,9
1532,Michelle BALLANTYNE (Con),Elaine THORNTON-NICOL (SNP),Scott REDPATH (Lab),Barbara HARVIE (Grn),Nancy NORMAN (LD),skipped,skipped,skipped,skipped,,9
1533,Michelle BALLANTYNE (Con),Elaine THORNTON-NICOL (SNP),Scott REDPATH (Lab),Nancy NORMAN (LD),Barbara HARVIE (Grn),Kenneth GUNN (Ind),Gordon EDGAR (Ind),David BLACK (Ind),skipped,,9
1534,Michelle BALLANTYNE (Con),Barbara HARVIE (Grn),skipped,skipped,skipped,skipped,skipped,skipped,skipped,,9
1535,Michelle BALLANTYNE (Con),Barbara HARVIE (Grn),skipped,skipped,skipped,skipped,skipped,skipped,skipped,,9
1536,Michelle BALLANTYNE (Con),Barbara HARVIE (Grn),skipped,skipped,skipped,skipped,skipped,skipped,skipped,,9
1537,Michelle BALLANTYNE (Con),Barbara HARVIE (Grn),Kenneth GUNN (Ind),Scott REDPATH (Lab),David BLACK (Ind),Gordon EDGAR (Ind),Nancy NORMAN (LD),Elaine THORNTON-NICOL (SNP),skipped,,9
1538,Michelle BALLANTYNE (Con),Barbara HARVIE (Grn),Nancy NORMAN (LD),skipped,skipped,skipped,skipped,skipped,skipped,,9
1539,Michelle BALLANTYNE (Con),Barbara HARVIE (Grn),Gordon EDGAR (Ind),Kenneth GUNN (Ind),skipped,skipped,skipped,skipped,skipped,,9
1540,Michelle BALLANTYNE (Con),Barbara HARVIE (Grn),Nancy NORMAN (LD),skipped,skipped,skipped,skipped,skipped,skipped,,9
1541,Michelle BALLANTYNE (Con),Barbara HARVIE (Grn),Nancy NORMAN (LD),David BLACK (Ind),skipped,skipped,skipped,skipped,skipped,,9
1542,Michelle BALLANTYNE (Con),Barbara HARVIE (Grn),Nancy NORMAN (LD),Scott REDPATH (Lab),David BLACK (Ind),Gordon EDGAR (Ind),Elaine THORNTON-NICOL (SNP),Kenneth GUNN (Ind),skipped,,9
1543,Michelle BALLANTYNE (Con),Barbara HARVIE (Grn),Scott REDPATH (Lab),skipped,skipped,skipped,skipped,skipped,skipped,,9
1544,Michelle BALLANTYNE (Con),Barbara HARVIE (Grn),Scott REDPATH (Lab),Gordon EDGAR (Ind),skipped,skipped,skipped,skipped,skipped,,9
1545,Michelle BALLANTYNE (Con),skipped,skipped,skipped,skipped,skipped,skipped,skipped,skipped,,9
1546,Michelle BALLANTYNE (Con),skipped,skipped,skipped,skipped,skipped,skipped,skipped,skipped,,9
1547,Michelle BALLANTYNE (Con),skipped,skipped,skipped,skipped,skipped,skipped,skipped,skipped,,9
1548,Michelle BALLANTYNE (Con),skipped,skipped,skipped,skipped,skipped,skipped,skipped,skipped,,9
1549,Michelle BALLANTYNE (Con),skipped,skipped,skipped,skipped,skipped,skipped,skipped,skipped,,9
1550,Michelle BALLANTYNE (Con),skipped,skipped,skipped,skipped,skipped,skipped,skipped,skipped,,9
1551,Michelle BALLANTYNE (Con),skipped,skipped,skipped,skipped,skipped,skipped,skipped,skipped,,9
1552,Michelle BALLANTYNE (Con),skipped,skipped,skipped,skipped,skipped,skipped,skipped,skipped,,9
1553,Michelle BALLANTYNE (Con),skipped,skipped,skipped,skipped,skipped,skipped,skipped,skipped,,9
1554,Michelle BALLANTYNE (Con),skipped,skipped,skipped,skipped,skipped,skipped,skipped,skipped,,9
1555,Michelle BALLANTYNE (Con),skipped,skipped,skipped,skipped,skipped,skipped,skipped,skipped,,9
1556,Michelle BALLANTYNE (Con),skipped,skipped,skipped,skipped,skipped,skipped,skipped,skipped,,9
1557,Michelle BALLANTYNE (Con),skipped,skipped,skipped,skipped,skipped,skipped,skipped,skipped,,9
1558,Michelle BALLANTYNE (Con),skipped,skipped,skipped,skipped,skipped,skipped,skipped,skipped,,9
1559,Michelle BALLANTYNE (Con),skipped,skipped,skipped,skipped,skipped,skipped,skipped,skipped,,9
1560,Michelle BALLANTYNE (Con),skipped,skipped,skipped,skipped,skipped,skipped,skipped,skipped,,9
1561,Michelle BALLANTYNE (Con),skipped,skipped,skipped,skipped,skipped,skipped,skipped,skipped,,9
1562,Michelle BALLANTYNE (Con),skipped,skipped,skipped,skipped,skipped,skipped,skipped,skipped,,9
1563,Michelle BALLANTYNE (Con),skipped,skipped,skipped,skipped,skipped,skipped,skipped,skipped,,9
1564,Michelle BALLANTYNE (Con),skipped,skipped,skipped,skipped,skipped,skipped,skipped,skipped,,9
1565,Michelle BALLANTYNE (Con),skipped,skipped,skipped,skipped,skipped,skipped,skipped,skipped,,9
1566,Michelle BALLANTYNE (Con),skipped,skipped,skipped,skipped,skipped,skipped,skipped,skipped,,9
1567,Michelle BALLANTYNE (Con),skipped,skipped,skipped,skipped,skipped,skipped,skipped,skipped,,9
1568,Michelle BALLANTYNE (Con),skipped,skipped,skipped,skipped,skipped,skipped,skipped,skipped,,9
1569,Michelle BALLANTYNE (Con),skipped,skipped,skipped,skipped,skipped,skipped,skipped,skipped,,9
1570,Michelle BALLANTYNE (Con),skipped,skipped,skipped,skipped,skipped,skipped,skipped,skipped,,9
1571,Michelle BALLANTYNE (Con),skipped,skipped,skipped,skipped,skipped,skipped,skipped,skipped,,9
1572,Michelle BALLANTYNE (Con),skipped,skipped,skipped,skipped,skipped,skipped,skipped,skipped,,9
1573,Michelle BALLANTYNE (Con),skipped,skipped,skipped,skipped,skipped,skipped,skipped,skipped,,9
1574,Michelle BALLANTYNE (Con),skipped,skipped,skipped,skipped,skipped,skipped,skipped,skipped,,9
1575,Michelle BALLANTYNE (Con),skipped,skipped,skipped,skipped,skipped,skipped,skipped,skipped,,9
1576,Michelle BALLANTYNE (Con),skipped,skipped,skipped,skipped,skipped,skipped,skipped,skipped,,9
1577,Michelle BALLANTYNE (Con),skipped,skipped,skipped,skipped,skipped,skipped,skipped,skipped,,9
1578,Michelle BALLANTYNE (Con),skipped,skipped,skipped,skipped,skipped,skipped,skipped,skipped,,9
1579,Michelle BALLANTYNE (Con),skipped,skipped,skipped,skipped,skipped,skipped,skipped,skipped,,9
1580,Michelle BALLANTYNE (Con),skipped,skipped,skipped,skipped,skipped,skipped,skipped,skipped,,9
1581,Michelle BALLANTYNE (Con),skipped,skipped,skipped,skipped,skipped,skipped,skipped,skipped,,9
1582,Michelle BALLANTYNE (Con),skipped,skipped,skipped,skipped,skipped,skipped,skipped,skipped,,9
1583,Michelle BALLANTYNE (Con),skipped,skipped,skipped,skipped,skipped,skipped,skipped,skipped,,9
1584,Michelle BALLANTYNE (Con),skipped,skipped,skipped,skipped,skipped,skipped,skipped,skipped,,9
1585,Michelle BALLANTYNE (Con),skipped,skipped,skipped,skipped,skipped,skipped,skipped,skipped,,9
1586,Michelle BALLANTYNE (Con),skipped,skipped,skipped,skipped,skipped,skipped,skipped,skipped,,9
1587,Michelle BALLANTYNE (Con),skipped,skipped,skipped,skipped,skipped,skipped,skipped,skipped,,9
1588,Michelle BALLANTYNE (Con),skipped,skipped,skipped,skipped,skipped,skipped,skipped,skipped,,9
1589,Michelle BALLANTYNE (Con),skipped,skipped,skipped,skipped,skipped,skipped,skipped,skipped,,9
1590,Michelle BALLANTYNE (Con),skipped,skipped,skipped,skipped,skipped,skipped,skipped,skipped,,9
1591,Michelle BALLANTYNE (Con),skipped,skipped,skipped,skipped,skipped,skipped,skipped,skipped,,9
1592,Michelle BALLANTYNE (Con),skipped,skipped,skipped,skipped,skipped,skipped,skipped,skipped,,9
1593,Michelle BALLANTYNE (Con),skipped,skipped,skipped,skipped,skipped,skipped,skipped,skipped,,9
1594,Michelle BALLANTYNE (Con),skipped,skipped,skipped,skipped,skipped,skipped,skipped,skipped,,9
1595,Michelle BALLANTYNE (Con),skipped,skipped,skipped,skipped,skipped,skipped,skipped,skipped,,9
1596,Michelle BALLANTYNE (Con),skipped,skipped,skipped,skipped,skipped,skipped,skipped,skipped,,9
1597,Michelle BALLANTYNE (Con),skipped,skipped,skipped,skipped,skipped,skipped,skipped,skipped,,9
1598,Michelle BALLANTYNE (Con),skipped,skipped,skipped,skipped,skipped,skipped,skipped,skipped,,9
1599,Michelle BALLANTYNE (Con),skipped,skipped,skipped,skipped,skipped,skipped,skipped,skipped,,9
1600,Michelle BALLANTYNE (Con),skipped,skipped,skipped,skipped,skipped,skipped,skipped,skipped,,9
1601,Michelle BALLANTYNE (Con),skipped,skipped,skipped,skipped,skipped,skipped,skipped,skipped,,9
1602,Michelle BALLANTYNE (Con),skipped,skipped,skipped,skipped,skipped,skipped,skipped,skipped,,9
1603,Michelle BALLANTYNE (Con),skipped,skipped,skipped,skipped,skipped,skipped,skipped,skipped,,9
1604,Michelle BALLANTYNE (Con),skipped,skipped,skipped,skipped,skipped,skipped,skipped,skipped,,9
1605,Michelle BALLANTYNE (Con),skipped,skipped,skipped,skipped,skipped,skipped,skipped,skipped,,9
1606,Michelle BALLANTYNE (Con),skipped,skipped,skipped,skipped,skipped,skipped,skipped,skipped,,9
1607,Michelle BALLANTYNE (Con),skipped,skipped,skipped,skipped,skipped,skipped,skipped,skipped,,9
1608,Michelle BALLANTYNE (Con),skipped,skipped,skipped,skipped,skipped,skipped,skipped,skipped,,9
1609,Michelle BALLANTYNE (Con),skipped,skipped,skipped,skipped,skipped,skipped,skipped,skipped,,9
1610,Michelle BALLANTYNE (Con),skipped,skipped,skipped,skipped,skipped,skipped,skipped,skipped,,9
1611,Michelle BALLANTYNE (Con),skipped,skipped,skipped,skipped,skipped,skipped,skipped,skipped,,9
1612,Michelle BALLANTYNE (Con),skipped,skipped,skipped,skipped,skipped,skipped,skipped,skipped,,9
1613,Michelle BALLANTYNE (Con),skipped,skipped,skipped,skipped,skipped,skipped,skipped,skipped,,9
1614,Michelle BALLANTYNE (Con),skipped,skipped,skipped,skipped,skipped,skipped,skipped,skipped,,9
1615,Michelle BALLANTYNE (Con),skipped,skipped,skipped,skipped,skipped,skipped,skipped,skipped,,9
1616,Michelle BALLANTYNE (Con),skipped,skipped,skipped,skipped,skipped,skipped,skipped,skipped,,9
1617,Michelle BALLANTYNE (Con),skipped,skipped,skipped,skipped,skipped,skipped,skipped,skipped,,9
1618,Michelle BALLANTYNE (Con),skipped,skipped,skipped,skipped,skipped,skipped,skipped,skipped,,9
1619,Michelle BALLANTYNE (Con),skipped,skipped,skipped,skipped,skipped,skipped,skipped,skipped,,9
1620,Michelle BALLANTYNE (Con),skipped,skipped,skipped,skipped,skipped,skipped,skipped,skipped,,9
1621,Michelle BALLANTYNE (Con),skipped,skipped,skipped,skipped,skipped,skipped,skipped,skipped,,9
1622,Michelle BALLANTYNE (Con),skipped,skipped,skipped,skipped,skipped,skipped,skipped,skipped,,9
1623,Michelle BALLANTYNE (Con),skipped,skipped,skipped,skipped,skipped,skipped,skipped,skipped,,9
1624,Michelle BALLANTYNE (Con),skipped,skipped,skipped,skipped,skipped,skipped,skipped,skipped,,9
1625,Michelle BALLANTYNE (Con),skipped,skipped,skipped,skipped,skipped,skipped,skipped,skipped,,9
1626,Michelle BALLANTYNE (Con),skipped,skipped,skipped,skipped,skipped,skipped,skipped,skipped,,9
1627,Michelle BALLANTYNE (Con),skipped,skipped,skipped,skipped,skipped,skipped,skipped,skipped,,9
1628,Michelle BALLANTYNE (Con),skipped,skipped,skipped,skipped,skipped,skipped,skipped,skipped,,9
1629,Michelle BALLANTYNE (Con),skipped,skipped,skipped,skipped,skipped,skipped,skipped,skipped,,9
1630,Michelle BALLANTYNE (Con),skipped,skipped,skipped,skipped,skipped,skipped,skipped,skipped,,9
1631,Michelle BALLANTYNE (Con),skipped,skipped,skipped,skipped,skipped,skipped,skipped,skipped,,9
1632,Michelle BALLANTYNE (Con),skipped,skipped,skipped,skipped,skipped,skipped,skipped,skipped,,9
1633,Michelle BALLANTYNE (Con),skipped,skipped,skipped,skipped,skipped,skipped,skipped,skipped,,9
1634,Michelle BALLANTYNE (Con),skipped,skipped,skipped,skipped,skipped,skipped,skipped,skipped,,9
1635,Michelle BALLANTYNE (Con),skipped,skipped,skipped,skipped,skipped,skipped,skipped,skipped,,9
1636,Michelle BALLANTYNE (Con),skipped,skipped,skipped,skipped,skipped,skipped,skipped,skipped,,9
1637,Michelle BALLANTYNE (Con),skipped,skipped,skipped,skipped,skipped,skipped,skipped,skipped,,9
1638,Michelle BALLANTYNE (Con),skipped,skipped,skipped,skipped,skipped,skipped,skipped,skipped,,9
1639,Michelle BALLANTYNE (Con),skipped,skipped,skipped,skipped,skipped,skipped,skipped,skipped,,9
1640,Michelle BALLANTYNE (Con),skipped,skipped,skipped,skipped,skipped,skipped,skipped,skipped,,9
1641,Michelle BALLANTYNE (Con),skipped,skipped,skipped,skipped,skipped,skipped,skipped,skipped,,9
1642,Michelle BALLANTYNE (Con),skipped,skipped,skipped,skipped,skipped,skipped,skipped,skipped,,9
1643,Michelle BALLANTYNE (Con),skipped,skipped,skipped,skipped,skipped,skipped,skipped,skipped,,9
1644,Michelle BALLANTYNE (Con),skipped,skipped,skipped,skipped,skipped,skipped,skipped,skipped,,9
1645,Michelle BALLANTYNE (Con),skipped,skipped,skipped,skipped,skipped,skipped,skipped,skipped,,9
1646,Michelle BALLANTYNE (Con),skipped,skipped,skipped,skipped,skipped,skipped,skipped,skipped,,9
1647,Michelle BALLANTYNE (Con),skipped,skipped,skipped,skipped,skipped,skipped,skipped,skipped,,9
1648,Michelle BALLANTYNE (Con),skipped,skipped,skipped,skipped,skipped,skipped,skipped,skipped,,9
1649,Michelle BALLANTYNE (Con),skipped,skipped,skipped,skipped,skipped,skipped,skipped,skipped,,9
1650,Michelle BALLANTYNE (Con),skipped,skipped,skipped,skipped,skipped,skipped,skipped,skipped,,9
1651,Michelle BALLANTYNE (Con),skipped,skipped,skipped,skipped,skipped,skipped,skipped,skipped,,9
1652,Michelle BALLANTYNE (Con),skipped,skipped,skipped,skipped,skipped,skipped,skipped,skipped,,9
1653,Michelle BALLANTYNE (Con),skipped,skipped,skipped,skipped,skipped,skipped,skipped,skipped,,9
1654,Michelle BALLANTYNE (Con),skipped,skipped,skipped,skipped,skipped,skipped,skipped,skipped,,9
1655,Michelle BALLANTYNE (Con),skipped,skipped,skipped,skipped,skipped,skipped,skipped,skipped,,9
1656,Michelle BALLANTYNE (Con),skipped,skipped,skipped,skipped,skipped,skipped,skipped,skipped,,9
1657,Michelle BALLANTYNE (Con),skipped,skipped,skipped,skipped,skipped,skipped,skipped,skipped,,9
1658,Michelle BALLANTYNE (Con),skipped,skipped,skipped,skipped,skipped,skipped,skipped,skipped,,9
1659,Michelle BALLANTYNE (Con),skipped,skipped,skipped,skipped,skipped,skipped,skipped,skipped,,9
1660,Michelle BALLANTYNE (Con),skipped,skipped,skipped,skipped,skipped,skipped,skipped,skipped,,9
1661,Michelle BALLANTYNE (Con),skipped,skipped,skipped,skipped,skipped,skipped,skipped,skipped,,9
1662,Michelle BALLANTYNE (Con),skipped,skipped,skipped,skipped,skipped,skipped,skipped,skipped,,9
1663,Michelle BALLANTYNE (Con),skipped,skipped,skipped,skipped,skipped,skipped,skipped,skipped,,9
1664,Michelle BALLANTYNE (Con),skipped,skipped,skipped,skipped,skipped,skipped,skipped,skipped,,9
1665,Michelle BALLANTYNE (Con),skipped,skipped,skipped,skipped,skipped,skipped,skipped,skipped,,9
1666,Michelle BALLANTYNE (Con),skipped,skipped,skipped,skipped,skipped,skipped,skipped,skipped,,9
1667,Michelle BALLANTYNE (Con),skipped,skipped,skipped,skipped,skipped,skipped,skipped,skipped,,9
1668,Michelle BALLANTYNE (Con),skipped,skipped,skipped,skipped,skipped,skipped,skipped,skipped,,9
1669,Michelle BALLANTYNE (Con),skipped,skipped,skipped,skipped,skipped,skipped,skipped,skipped,,9
1670,Michelle BALLANTYNE (Con),skipped,skipped,skipped,skipped,skipped,skipped,skipped,skipped,,9
1671,Michelle BALLANTYNE (Con),skipped,skipped,skipped,skipped,skipped,skipped,skipped,skipped,,9
1672,Michelle BALLANTYNE (Con),skipped,skipped,skipped,skipped,skipped,skipped,skipped,skipped,,9
1673,Michelle BALLANTYNE (Con),skipped,skipped,skipped,skipped,skipped,skipped,skipped,skipped,,9
1674,Michelle BALLANTYNE (Con),skipped,skipped,skipped,skipped,skipped,skipped,skipped,skipped,,9
1675,Michelle BALLANTYNE (Con),skipped,skipped,skipped,skipped,skipped,skipped,skipped,skipped,,9
1676,Michelle BALLANTYNE (Con),skipped,skipped,skipped,skipped,skipped,skipped,skipped,skipped,,9
1677,Michelle BALLANTYNE (Con),skipped,skipped,skipped,skipped,skipped,skipped,skipped,skipped,,9
1678,Michelle BALLANTYNE (Con),skipped,skipped,skipped,skipped,skipped,skipped,skipped,skipped,,9
1679,Michelle BALLANTYNE (Con),skipped,skipped,skipped,skipped,skipped,skipped,skipped,skipped,,9
1680,Michelle BALLANTYNE (Con),skipped,skipped,skipped,skipped,skipped,skipped,skipped,skipped,,9
1681,Michelle BALLANTYNE (Con),skipped,skipped,skipped,skipped,skipped,skipped,skipped,skipped,,9
1682,Michelle BALLANTYNE (Con),skipped,skipped,skipped,skipped,skipped,skipped,skipped,skipped,,9
1683,Michelle BALLANTYNE (Con),skipped,skipped,skipped,skipped,skipped,skipped,skipped,skipped,,9
1684,Michelle BALLANTYNE (Con),skipped,skipped,skipped,skipped,skipped,skipped,skipped,skipped,,9
1685,Michelle BALLANTYNE (Con),skipped,skipped,skipped,skipped,skipped,skipped,skipped,skipped,,9
1686,Michelle BALLANTYNE (Con),skipped,skipped,skipped,skipped,skipped,skipped,skipped,skipped,,9
1687,Michelle BALLANTYNE (Con),skipped,skipped,skipped,skipped,skipped,skipped,skipped,skipped,,9
1688,Michelle BALLANTYNE (Con),skipped,skipped,skipped,skipped,skipped,skipped,skipped,skipped,,9
1689,Michelle BALLANTYNE (Con),skipped,skipped,skipped,skipped,skipped,skipped,skipped,skipped,,9
1690,Michelle BALLANTYNE (Con),skipped,skipped,skipped,skipped,skipped,skipped,skipped,skipped,,9
1691,Michelle BALLANTYNE (Con),skipped,skipped,skipped,skipped,skipped,skipped,skipped,skipped,,9
1692,Michelle BALLANTYNE (Con),skipped,skipped,skipped,skipped,skipped,skipped,skipped,skipped,,9
1693,Michelle BALLANTYNE (Con),skipped,skipped,skipped,skipped,skipped,skipped,skipped,skipped,,9
1694,Michelle BALLANTYNE (Con),skipped,skipped,skipped,skipped,skipped,skipped,skipped,skipped,,9
1695,Michelle BALLANTYNE (Con),skipped,skipped,skipped,skipped,skipped,skipped,skipped,skipped,,9
1696,Michelle BALLANTYNE (Con),skipped,skipped,skipped,skipped,skipped,skipped,skipped,skipped,,9
1697,Michelle BALLANTYNE (Con),skipped,skipped,skipped,skipped,skipped,skipped,skipped,skipped,,9
1698,Michelle BALLANTYNE (Con),skipped,skipped,skipped,skipped,skipped,skipped,skipped,skipped,,9
1699,Michelle BALLANTYNE (Con),skipped,skipped,skipped,skipped,skipped,skipped,skipped,skipped,,9
1700,Michelle BALLANTYNE (Con),skipped,skipped,skipped,skipped,skipped,skipped,skipped,skipped,,9
1701,Michelle BALLANTYNE (Con),skipped,skipped,skipped,skipped,skipped,skipped,skipped,skipped,,9
1702,Michelle BALLANTYNE (Con),skipped,skipped,skipped,skipped,skipped,skipped,skipped,skipped,,9
1703,Michelle BALLANTYNE (Con),skipped,skipped,skipped,skipped,skipped,skipped,skipped,skipped,,9
1704,Michelle BALLANTYNE (Con),skipped,skipped,skipped,skipped,skipped,skipped,skipped,skipped,,9
1705,Michelle BALLANTYNE (Con),skipped,skipped,skipped,skipped,skipped,skipped,skipped,skipped,,9
1706,Michelle BALLANTYNE (Con),skipped,skipped,skipped,skipped,skipped,skipped,skipped,skipped,,9
1707,Michelle BALLANTYNE (Con),skipped,skipped,skipped,skipped,skipped,skipped,skipped,skipped,,9
1708,Michelle BALLANTYNE (Con),skipped,skipped,skipped,skipped,skipped,skipped,skipped,skipped,,9
1709,Michelle BALLANTYNE (Con),skipped,skipped,skipped,skipped,skipped,skipped,skipped,skipped,,9
1710,Michelle BALLANTYNE (Con),skipped,skipped,skipped,skipped,skipped,skipped,skipped,skipped,,9
1711,Michelle BALLANTYNE (Con),skipped,skipped,skipped,skipped,skipped,skipped,skipped,skipped,,9
1712,Michelle BALLANTYNE (Con),skipped,skipped,skipped,skipped,skipped,skipped,skipped,skipped,,9
1713,Michelle BALLANTYNE (Con),skipped,skipped,skipped,skipped,skipped,skipped,skipped,skipped,,9
1714,Michelle BALLANTYNE (Con),skipped,skipped,skipped,skipped,skipped,skipped,skipped,skipped,,9
1715,Michelle BALLANTYNE (Con),skipped,skipped,skipped,skipped,skipped,skipped,skipped,skipped,,9
1716,Michelle BALLANTYNE (Con),skipped,skipped,skipped,skipped,skipped,skipped,skipped,skipped,,9
1717,Michelle BALLANTYNE (Con),skipped,skipped,skipped,skipped,skipped,skipped,skipped,skipped,,9
1718,Michelle BALLANTYNE (Con),skipped,skipped,skipped,skipped,skipped,skipped,skipped,skipped,,9
1719,Michelle BALLANTYNE (Con),skipped,skipped,skipped,skipped,skipped,skipped,skipped,skipped,,9
1720,Michelle BALLANTYNE (Con),skipped,skipped,skipped,skipped,skipped,skipped,skipped,skipped,,9
1721,Michelle BALLANTYNE (Con),skipped,skipped,skipped,skipped,skipped,skipped,skipped,skipped,,9
1722,Michelle BALLANTYNE (Con),skipped,skipped,skipped,skipped,skipped,skipped,skipped,skipped,,9
1723,Michelle BALLANTYNE (Con),skipped,skipped,skipped,skipped,skipped,skipped,skipped,skipped,,9
1724,Michelle BALLANTYNE (Con),skipped,skipped,skipped,skipped,skipped,skipped,skipped,skipped,,9
1725,Michelle BALLANTYNE (Con),skipped,skipped,skipped,skipped,skipped,skipped,skipped,skipped,,9
1726,Michelle BALLANTYNE (Con),skipped,skipped,skipped,skipped,skipped,skipped,skipped,skipped,,9
1727,Michelle BALLANTYNE (Con),skipped,skipped,skipped,skipped,skipped,skipped,skipped,skipped,,9
1728,Michelle BALLANTYNE (Con),skipped,skipped,skipped,skipped,skipped,skipped,skipped,skipped,,9
1729,Michelle BALLANTYNE (Con),skipped,skipped,skipped,skipped,skipped,skipped,skipped,skipped,,9
1730,Michelle BALLANTYNE (Con),skipped,skipped,skipped,skipped,skipped,skipped,skipped,skipped,,9
1731,Michelle BALLANTYNE (Con),skipped,skipped,skipped,skipped,skipped,skipped,skipped,skipped,,9
1732,Michelle BALLANTYNE (Con),skipped,skipped,skipped,skipped,skipped,skipped,skipped,skipped,,9
1733,Michelle BALLANTYNE (Con),skipped,skipped,skipped,skipped,skipped,skipped,skipped,skipped,,9
1734,Michelle BALLANTYNE (Con),skipped,skipped,skipped,skipped,skipped,skipped,skipped,skipped,,9
1735,Michelle BALLANTYNE (Con),skipped,skipped,skipped,skipped,skipped,skipped,skipped,skipped,,9
1736,Michelle BALLANTYNE (Con),skipped,skipped,skipped,skipped,skipped,skipped,skipped,skipped,,9
1737,Michelle BALLANTYNE (Con),skipped,skipped,skipped,skipped,skipped,skipped,skipped,skipped,,9
1738,Michelle BALLANTYNE (Con),skipped,skipped,skipped,skipped,skipped,skipped,skipped,skipped,,9
1739,Michelle BALLANTYNE (Con),skipped,skipped,skipped,skipped,skipped,skipped,skipped,skipped,,9
1740,Michelle BALLANTYNE (Con),skipped,skipped,skipped,skipped,skipped,skipped,skipped,skipped,,9
1741,Michelle BALLANTYNE (Con),skipped,skipped,skipped,skipped,skipped,skipped,skipped,skipped,,9
1742,Michelle BALLANTYNE (Con),skipped,skipped,skipped,skipped,skipped,skipped,skipped,skipped,,9
1743,Michelle BALLANTYNE (Con),skipped,skipped,skipped,skipped,skipped,skipped,skipped,skipped,,9
1744,Michelle BALLANTYNE (Con),skipped,skipped,skipped,skipped,skipped,skipped,skipped,skipped,,9
1745,Michelle BALLANTYNE (Con),skipped,skipped,skipped,skipped,skipped,skipped,skipped,skipped,,9
1746,Michelle BALLANTYNE (Con),skipped,skipped,skipped,skipped,skipped,skipped,skipped,skipped,,9
1747,Michelle BALLANTYNE (Con),skipped,skipped,skipped,skipped,skipped,skipped,skipped,skipped,,9
1748,Michelle BALLANTYNE (Con),skipped,skipped,skipped,skipped,skipped,skipped,skipped,skipped,,9
1749,Michelle BALLANTYNE (Con),skipped,skipped,skipped,skipped,skipped,skipped,skipped,skipped,,9
1750,Michelle BALLANTYNE (Con),skipped,skipped,skipped,skipped,skipped,skipped,skipped,skipped,,9
1751,Michelle BALLANTYNE (Con),skipped,skipped,skipped,skipped,skipped,skipped,skipped,skipped,,9
1752,Michelle BALLANTYNE (Con),skipped,skipped,skipped,skipped,skipped,skipped,skipped,skipped,,9
1753,Michelle BALLANTYNE (Con),skipped,skipped,skipped,skipped,skipped,skipped,skipped,skipped,,9
1754,Michelle BALLANTYNE (Con),skipped,skipped,skipped,skipped,skipped,skipped,skipped,skipped,,9
1755,Michelle BALLANTYNE (Con),skipped,skipped,skipped,skipped,skipped,skipped,skipped,skipped,,9
1756,Michelle BALLANTYNE (Con),skipped,skipped,skipped,skipped,skipped,skipped,skipped,skipped,,9
1757,Michelle BALLANTYNE (Con),skipped,skipped,skipped,skipped,skipped,skipped,skipped,skipped,,9
1758,Michelle BALLANTYNE (Con),skipped,skipped,skipped,skipped,skipped,skipped,skipped,skipped,,9
1759,Michelle BALLANTYNE (Con),skipped,skipped,skipped,skipped,skipped,skipped,skipped,skipped,,9
1760,Michelle BALLANTYNE (Con),skipped,skipped,skipped,skipped,skipped,skipped,skipped,skipped,,9
1761,Michelle BALLANTYNE (Con),skipped,skipped,skipped,skipped,skipped,skipped,skipped,skipped,,9
1762,Michelle BALLANTYNE (Con),skipped,skipped,skipped,skipped,skipped,skipped,skipped,skipped,,9
1763,Michelle BALLANTYNE (Con),skipped,skipped,skipped,skipped,skipped,skipped,skipped,skipped,,9
1764,Michelle BALLANTYNE (Con),skipped,skipped,skipped,skipped,skipped,skipped,skipped,skipped,,9
1765,Michelle BALLANTYNE (Con),skipped,skipped,skipped,skipped,skipped,skipped,skipped,skipped,,9
1766,Michelle BALLANTYNE (Con),skipped,skipped,skipped,skipped,skipped,skipped,skipped,skipped,,9
1767,Michelle BALLANTYNE (Con),skipped,skipped,skipped,skipped,skipped,skipped,skipped,skipped,,9
1768,Michelle BALLANTYNE (Con),skipped,skipped,skipped,skipped,skipped,skipped,skipped,skipped,,9
1769,Michelle BALLANTYNE (Con),skipped,skipped,skipped,skipped,skipped,skipped,skipped,skipped,,9
1770,Michelle BALLANTYNE (Con),skipped,skipped,skipped,skipped,skipped,skipped,skipped,skipped,,9
1771,Michelle BALLANTYNE (Con),skipped,skipped,skipped,skipped,skipped,skipped,skipped,skipped,,9
1772,Michelle BALLANTYNE (Con),skipped,skipped,skipped,skipped,skipped,skipped,skipped,skipped,,9
1773,Michelle BALLANTYNE (Con),skipped,skipped,skipped,skipped,skipped,skipped,skipped,skipped,,9
1774,Michelle BALLANTYNE (Con),skipped,skipped,skipped,skipped,skipped,skipped,skipped,skipped,,9
1775,Michelle BALLANTYNE (Con),skipped,skipped,skipped,skipped,skipped,skipped,skipped,skipped,,9
1776,Michelle BALLANTYNE (Con),skipped,skipped,skipped,skipped,skipped,skipped,skipped,skipped,,9
1777,Michelle BALLANTYNE (Con),skipped,skipped,skipped,skipped,skipped,skipped,skipped,skipped,,9
1778,Michelle BALLANTYNE (Con),skipped,skipped,skipped,skipped,skipped,skipped,skipped,skipped,,9
1779,Michelle BALLANTYNE (Con),skipped,skipped,skipped,skipped,skipped,skipped,skipped,skipped,,9
1780,Michelle BALLANTYNE (Con),skipped,skipped,skipped,skipped,skipped,skipped,skipped,skipped,,9
1781,Michelle BALLANTYNE (Con),skipped,skipped,skipped,skipped,skipped,skipped,skipped,skipped,,9
1782,Michelle BALLANTYNE (Con),skipped,skipped,skipped,skipped,skipped,skipped,skipped,skipped,,9
1783,Michelle BALLANTYNE (Con),skipped,skipped,skipped,skipped,skipped,skipped,skipped,skipped,,9
1784,Michelle BALLANTYNE (Con),skipped,skipped,skipped,skipped,skipped,skipped,skipped,skipped,,9
1785,Michelle BALLANTYNE (Con),skipped,skipped,skipped,skipped,skipped,skipped,skipped,skipped,,9
1786,Michelle BALLANTYNE (Con),skipped,skipped,skipped,skipped,skipped,skipped,skipped,skipped,,9
1787,Michelle BALLANTYNE (Con),skipped,skipped,skipped,skipped,skipped,skipped,skipped,skipped,,9
1788,Michelle BALLANTYNE (Con),skipped,skipped,skipped,skipped,skipped,skipped,skipped,skipped,,9
1789,Michelle BALLANTYNE (Con),skipped,skipped,skipped,skipped,skipped,skipped,skipped,skipped,,9
1790,Michelle BALLANTYNE (Con),skipped,skipped,skipped,skipped,skipped,skipped,skipped,skipped,,9
1791,Michelle BALLANTYNE (Con),skipped,skipped,skipped,skipped,skipped,skipped,skipped,skipped,,9
1792,Michelle BALLANTYNE (Con),skipped,skipped,skipped,skipped,skipped,skipped,skipped,skipped,,9
1793,Michelle BALLANTYNE (Con),skipped,skipped,skipped,skipped,skipped,skipped,skipped,skipped,,9
1794,Michelle BALLANTYNE (Con),skipped,skipped,skipped,skipped,skipped,skipped,skipped,skipped,,9
1795,Michelle BALLANTYNE (Con),skipped,skipped,skipped,skipped,skipped,skipped,skipped,skipped,,9
1796,Michelle BALLANTYNE (Con),skipped,skipped,skipped,skipped,skipped,skipped,skipped,skipped,,9
1797,Michelle BALLANTYNE (Con),skipped,skipped,skipped,skipped,skipped,skipped,skipped,skipped,,9
1798,Michelle BALLANTYNE (Con),skipped,skipped,skipped,skipped,skipped,skipped,skipped,skipped,,9
1799,Michelle BALLANTYNE (Con),skipped,skipped,skipped,skipped,skipped,skipped,skipped,skipped,,9
1800,Michelle BALLANTYNE (Con),skipped,skipped,skipped,skipped,skipped,skipped,skipped,skipped,,9
1801,Michelle BALLANTYNE (Con),skipped,skipped,skipped,skipped,skipped,skipped,skipped,skipped,,9
1802,Michelle BALLANTYNE (Con),skipped,skipped,skipped,skipped,skipped,skipped,skipped,skipped,,9
1803,Michelle BALLANTYNE (Con),skipped,skipped,skipped,skipped,skipped,skipped,skipped,skipped,,9
1804,Michelle BALLANTYNE (Con),skipped,skipped,skipped,skipped,skipped,skipped,skipped,skipped,,9
1805,Michelle BALLANTYNE (Con),skipped,skipped,skipped,skipped,skipped,skipped,skipped,skipped,,9
1806,Michelle BALLANTYNE (Con),skipped,skipped,skipped,skipped,skipped,skipped,skipped,skipped,,9
1807,Michelle BALLANTYNE (Con),skipped,skipped,skipped,skipped,skipped,skipped,skipped,skipped,,9
1808,Michelle BALLANTYNE (Con),skipped,skipped,skipped,skipped,skipped,skipped,skipped,skipped,,9
1809,Michelle BALLANTYNE (Con),skipped,skipped,skipped,skipped,skipped,skipped,skipped,skipped,,9
1810,Michelle BALLANTYNE (Con),skipped,skipped,skipped,skipped,skipped,skipped,skipped,skipped,,9
1811,Michelle BALLANTYNE (Con),skipped,skipped,skipped,skipped,skipped,skipped,skipped,skipped,,9
1812,Michelle BALLANTYNE (Con),skipped,skipped,skipped,skipped,skipped,skipped,skipped,skipped,,9
1813,Michelle BALLANTYNE (Con),skipped,skipped,skipped,skipped,skipped,skipped,skipped,skipped,,9
1814,Michelle BALLANTYNE (Con),skipped,skipped,skipped,skipped,skipped,skipped,skipped,skipped,,9
1815,Michelle BALLANTYNE (Con),skipped,skipped,skipped,skipped,skipped,skipped,skipped,skipped,,9
1816,Michelle BALLANTYNE (Con),skipped,skipped,skipped,skipped,skipped,skipped,skipped,skipped,,9
1817,Michelle BALLANTYNE (Con),skipped,skipped,skipped,skipped,skipped,skipped,skipped,skipped,,9
1818,Michelle BALLANTYNE (Con),skipped,skipped,skipped,skipped,skipped,skipped,skipped,skipped,,9
1819,Michelle BALLANTYNE (Con),skipped,skipped,skipped,skipped,skipped,skipped,skipped,skipped,,9
1820,Michelle BALLANTYNE (Con),skipped,skipped,skipped,skipped,skipped,skipped,skipped,skipped,,9
1821,Michelle BALLANTYNE (Con),skipped,skipped,skipped,skipped,skipped,skipped,skipped,skipped,,9
1822,Michelle BALLANTYNE (Con),skipped,skipped,skipped,skipped,skipped,skipped,skipped,skipped,,9
1823,Michelle BALLANTYNE (Con),skipped,skipped,skipped,skipped,skipped,skipped,skipped,skipped,,9
1824,Michelle BALLANTYNE (Con),skipped,skipped,skipped,skipped,skipped,skipped,skipped,skipped,,9
1825,Michelle BALLANTYNE (Con),skipped,skipped,skipped,skipped,skipped,skipped,skipped,skipped,,9
1826,Michelle BALLANTYNE (Con),skipped,skipped,skipped,skipped,skipped,skipped,skipped,skipped,,9
1827,Michelle BALLANTYNE (Con),skipped,skipped,skipped,skipped,skipped,skipped,skipped,skipped,,9
1828,Michelle BALLANTYNE (Con),skipped,skipped,skipped,skipped,skipped,skipped,skipped,skipped,,9
1829,Michelle BALLANTYNE (Con),skipped,skipped,skipped,skipped,skipped,skipped,skipped,skipped,,9
1830,Michelle BALLANTYNE (Con),skipped,skipped,skipped,skipped,skipped,skipped,skipped,skipped,,9
1831,Michelle BALLANTYNE (Con),skipped,skipped,skipped,skipped,skipped,skipped,skipped,skipped,,9
1832,Michelle BALLANTYNE (Con),skipped,skipped,skipped,skipped,skipped,skipped,skipped,skipped,,9
1833,Michelle BALLANTYNE (Con),skipped,skipped,skipped,skipped,skipped,skipped,skipped,skipped,,9
1834,Michelle BALLANTYNE (Con),skipped,skipped,skipped,skipped,skipped,skipped,skipped,skipped,,9
1835,Michelle BALLANTYNE (Con),skipped,skipped,skipped,skipped,skipped,skipped,skipped,skipped,,9
1836,Michelle BALLANTYNE (Con),skipped,skipped,skipped,skipped,skipped,skipped,skipped,skipped,,9
1837,Michelle BALLANTYNE (Con),skipped,skipped,skipped,skipped,skipped,skipped,skipped,skipped,,9
1838,Michelle BALLANTYNE (Con),skipped,skipped,skipped,skipped,skipped,skipped,skipped,skipped,,9
1839,Michelle BALLANTYNE (Con),skipped,skipped,skipped,skipped,skipped,skipped,skipped,skipped,,9
1840,Michelle BALLANTYNE (Con),skipped,skipped,skipped,skipped,skipped,skipped,skipped,skipped,,9
1841,Michelle BALLANTYNE (Con),skipped,skipped,skipped,skipped,skipped,skipped,skipped,skipped,,9
1842,Michelle BALLANTYNE (Con),skipped,skipped,skipped,skipped,skipped,skipped,skipped,skipped,,9
1843,Michelle BALLANTYNE (Con),skipped,skipped,skipped,skipped,skipped,skipped,skipped,skipped,,9
1844,Michelle BALLANTYNE (Con),skipped,skipped,skipped,skipped,skipped,skipped,skipped,skipped,,9
1845,Michelle BALLANTYNE (Con),skipped,skipped,skipped,skipped,skipped,skipped,skipped,skipped,,9
1846,Michelle BALLANTYNE (Con),skipped,skipped,skipped,skipped,skipped,skipped,skipped,skipped,,9
1847,Michelle BALLANTYNE (Con),skipped,skipped,skipped,skipped,skipped,skipped,skipped,skipped,,9
1848,Michelle BALLANTYNE (Con),skipped,skipped,skipped,skipped,skipped,skipped,skipped,skipped,,9
1849,Michelle BALLANTYNE (Con),skipped,skipped,skipped,skipped,skipped,skipped,skipped,skipped,,9
1850,Michelle BALLANTYNE (Con),skipped,skipped,skipped,skipped,skipped,skipped,skipped,skipped,,9
1851,Michelle BALLANTYNE (Con),skipped,skipped,skipped,skipped,skipped,skipped,skipped,skipped,,9
1852,Michelle BALLANTYNE (Con),skipped,skipped,skipped,skipped,skipped,skipped,skipped,skipped,,9
1853,Michelle BALLANTYNE (Con),skipped,skipped,skipped,skipped,skipped,skipped,skipped,skipped,,9
1854,Michelle BALLANTYNE (Con),skipped,skipped,skipped,skipped,skipped,skipped,skipped,skipped,,9
1855,Michelle BALLANTYNE (Con),skipped,skipped,skipped,skipped,skipped,skipped,skipped,skipped,,9
1856,Michelle BALLANTYNE (Con),skipped,skipped,skipped,skipped,skipped,skipped,skipped,skipped,,9
1857,Michelle BALLANTYNE (Con),skipped,skipped,skipped,skipped,skipped,skipped,skipped,skipped,,9
1858,Michelle BALLANTYNE (Con),skipped,skipped,skipped,skipped,skipped,skipped,skipped,skipped,,9
1859,Michelle BALLANTYNE (Con),skipped,skipped,skipped,skipped,skipped,skipped,skipped,skipped,,9
1860,Michelle BALLANTYNE (Con),skipped,skipped,skipped,skipped,skipped,skipped,skipped,skipped,,9
1861,Michelle BALLANTYNE (Con),skipped,skipped,skipped,skipped,skipped,skipped,skipped,skipped,,9
1862,Michelle BALLANTYNE (Con),skipped,skipped,skipped,skipped,skipped,skipped,skipped,skipped,,9
1863,Michelle BALLANTYNE (Con),skipped,skipped,skipped,skipped,skipped,skipped,skipped,skipped,,9
1864,Michelle BALLANTYNE (Con),skipped,skipped,skipped,skipped,skipped,skipped,skipped,skipped,,9
1865,Michelle BALLANTYNE (Con),skipped,skipped,skipped,skipped,skipped,skipped,skipped,skipped,,9
1866,Michelle BALLANTYNE (Con),skipped,skipped,skipped,skipped,skipped,skipped,skipped,skipped,,9
1867,Michelle BALLANTYNE (Con),skipped,skipped,skipped,skipped,skipped,skipped,skipped,skipped,,9
1868,Michelle BALLANTYNE (Con),skipped,skipped,skipped,skipped,skipped,skipped,skipped,skipped,,9
1869,Michelle BALLANTYNE (Con),skipped,skipped,skipped,skipped,skipped,skipped,skipped,skipped,,9
1870,Michelle BALLANTYNE (Con),skipped,skipped,skipped,skipped,skipped,skipped,skipped,skipped,,9
1871,Michelle BALLANTYNE (Con),skipped,skipped,skipped,skipped,skipped,skipped,skipped,skipped,,9
1872,Michelle BALLANTYNE (Con),skipped,skipped,skipped,skipped,skipped,skipped,skipped,skipped,,9
1873,Michelle BALLANTYNE (Con),Kenneth GUNN (Ind),skipped,skipped,skipped,skipped,skipped,skipped,skipped,,9
1874,Michelle BALLANTYNE (Con),Kenneth GUNN (Ind),skipped,skipped,skipped,skipped,skipped,skipped,skipped,,9
1875,Michelle BALLANTYNE (Con),Kenneth GUNN (Ind),skipped,skipped,skipped,skipped,skipped,skipped,skipped,,9
1876,Michelle BALLANTYNE (Con),Kenneth GUNN (Ind),skipped,skipped,skipped,skipped,skipped,skipped,skipped,,9
1877,Michelle BALLANTYNE (Con),Kenneth GUNN (Ind),skipped,skipped,skipped,skipped,skipped,skipped,skipped,,9
1878,Michelle BALLANTYNE (Con),Kenneth GUNN (Ind),skipped,skipped,skipped,skipped,skipped,skipped,skipped,,9
1879,Michelle BALLANTYNE (Con),Kenneth GUNN (Ind),skipped,skipped,skipped,skipped,skipped,skipped,skipped,,9
1880,Michelle BALLANTYNE (Con),Kenneth GUNN (Ind),skipped,skipped,skipped,skipped,skipped,skipped,skipped,,9
1881,Michelle BALLANTYNE (Con),Kenneth GUNN (Ind),skipped,skipped,skipped,skipped,skipped,skipped,skipped,,9
1882,Michelle BALLANTYNE (Con),Kenneth GUNN (Ind),skipped,skipped,skipped,skipped,skipped,skipped,skipped,,9
1883,Michelle BALLANTYNE (Con),Kenneth GUNN (Ind),skipped,skipped,skipped,skipped,skipped,skipped,skipped,,9
1884,Michelle BALLANTYNE (Con),Kenneth GUNN (Ind),skipped,skipped,skipped,skipped,skipped,skipped,skipped,,9
1885,Michelle BALLANTYNE (Con),Kenneth GUNN (Ind),skipped,skipped,skipped,skipped,skipped,skipped,skipped,,9
1886,Michelle BALLANTYNE (Con),Kenneth GUNN (Ind),skipped,skipped,skipped,skipped,skipped,skipped,skipped,,9
1887,Michelle BALLANTYNE (Con),Kenneth GUNN (Ind),skipped,skipped,skipped,skipped,skipped,skipped,skipped,,9
1888,Michelle BALLANTYNE (Con),Kenneth GUNN (Ind),skipped,skipped,skipped,skipped,skipped,skipped,skipped,,9
1889,Michelle BALLANTYNE (Con),Kenneth GUNN (Ind),skipped,skipped,skipped,skipped,skipped,skipped,skipped,,9
1890,Michelle BALLANTYNE (Con),Kenneth GUNN (Ind),skipped,skipped,skipped,skipped,skipped,skipped,skipped,,9
1891,Michelle BALLANTYNE (Con),Kenneth GUNN (Ind),skipped,skipped,skipped,skipped,skipped,skipped,skipped,,9
1892,Michelle BALLANTYNE (Con),Kenneth GUNN (Ind),skipped,skipped,skipped,skipped,skipped,skipped,skipped,,9
1893,Michelle BALLANTYNE (Con),Kenneth GUNN (Ind),skipped,skipped,skipped,skipped,skipped,skipped,skipped,,9
1894,Michelle BALLANTYNE (Con),Kenneth GUNN (Ind),skipped,skipped,skipped,skipped,skipped,skipped,skipped,,9
1895,Michelle BALLANTYNE (Con),Kenneth GUNN (Ind),skipped,skipped,skipped,skipped,skipped,skipped,skipped,,9
1896,Michelle BALLANTYNE (Con),Kenneth GUNN (Ind),skipped,skipped,skipped,skipped,skipped,skipped,skipped,,9
1897,Michelle BALLANTYNE (Con),Kenneth GUNN (Ind),skipped,skipped,skipped,skipped,skipped,skipped,skipped,,9
1898,Michelle BALLANTYNE (Con),Kenneth GUNN (Ind),skipped,skipped,skipped,skipped,skipped,skipped,skipped,,9
1899,Michelle BALLANTYNE (Con),Kenneth GUNN (Ind),skipped,skipped,skipped,skipped,skipped,skipped,skipped,,9
1900,Michelle BALLANTYNE (Con),Kenneth GUNN (Ind),skipped,skipped,skipped,skipped,skipped,skipped,skipped,,9
1901,Michelle BALLANTYNE (Con),Kenneth GUNN (Ind),skipped,skipped,skipped,skipped,skipped,skipped,skipped,,9
1902,Michelle BALLANTYNE (Con),Kenneth GUNN (Ind),skipped,skipped,skipped,skipped,skipped,skipped,skipped,,9
1903,Michelle BALLANTYNE (Con),Kenneth GUNN (Ind),skipped,skipped,skipped,skipped,skipped,skipped,skipped,,9
1904,Michelle BALLANTYNE (Con),Kenneth GUNN (Ind),skipped,skipped,skipped,skipped,skipped,skipped,skipped,,9
1905,Michelle BALLANTYNE (Con),Kenneth GUNN (Ind),skipped,skipped,skipped,skipped,skipped,skipped,skipped,,9
1906,Michelle BALLANTYNE (Con),Kenneth GUNN (Ind),skipped,skipped,skipped,skipped,skipped,skipped,skipped,,9
1907,Michelle BALLANTYNE (Con),Kenneth GUNN (Ind),skipped,skipped,skipped,skipped,skipped,skipped,skipped,,9
1908,Michelle BALLANTYNE (Con),Kenneth GUNN (Ind),skipped,skipped,skipped,skipped,skipped,skipped,skipped,,9
1909,Michelle BALLANTYNE (Con),Kenneth GUNN (Ind),skipped,skipped,skipped,skipped,skipped,skipped,skipped,,9
1910,Michelle BALLANTYNE (Con),Kenneth GUNN (Ind),skipped,skipped,skipped,skipped,skipped,skipped,skipped,,9
1911,Michelle BALLANTYNE (Con),Kenneth GUNN (Ind),skipped,skipped,skipped,skipped,skipped,skipped,skipped,,9
1912,Michelle BALLANTYNE (Con),Kenneth GUNN (Ind),skipped,skipped,skipped,skipped,skipped,skipped,skipped,,9
1913,Michelle BALLANTYNE (Con),Kenneth GUNN (Ind),skipped,skipped,skipped,skipped,skipped,skipped,skipped,,9
1914,Michelle BALLANTYNE (Con),Kenneth GUNN (Ind),skipped,skipped,skipped,skipped,skipped,skipped,skipped,,9
1915,Michelle BALLANTYNE (Con),Kenneth GUNN (Ind),skipped,skipped,skipped,skipped,skipped,skipped,skipped,,9
1916,Michelle BALLANTYNE (Con),Kenneth GUNN (Ind),skipped,skipped,skipped,skipped,skipped,skipped,skipped,,9
1917,Michelle BALLANTYNE (Con),Kenneth GUNN (Ind),David BLACK (Ind),skipped,skipped,skipped,skipped,skipped,skipped,,9
1918,Michelle BALLANTYNE (Con),Kenneth GUNN (Ind),David BLACK (Ind),skipped,skipped,skipped,skipped,skipped,skipped,,9
1919,Michelle BALLANTYNE (Con),Kenneth GUNN (Ind),David BLACK (Ind),skipped,skipped,skipped,skipped,skipped,skipped,,9
1920,Michelle BALLANTYNE (Con),Kenneth GUNN (Ind),David BLACK (Ind),skipped,skipped,skipped,skipped,skipped,skipped,,9
1921,Michelle BALLANTYNE (Con),Kenneth GUNN (Ind),David BLACK (Ind),skipped,skipped,skipped,skipped,skipped,skipped,,9
1922,Michelle BALLANTYNE (Con),Kenneth GUNN (Ind),David BLACK (Ind),Barbara HARVIE (Grn),Nancy NORMAN (LD),Scott REDPATH (Lab),Elaine THORNTON-NICOL (SNP),Gordon EDGAR (Ind),skipped,,9
1923,Michelle BALLANTYNE (Con),Kenneth GUNN (Ind),David BLACK (Ind),Gordon EDGAR (Ind),skipped,skipped,skipped,skipped,skipped,,9
1924,Michelle BALLANTYNE (Con),Kenneth GUNN (Ind),David BLACK (Ind),Gordon EDGAR (Ind),skipped,skipped,skipped,skipped,skipped,,9
1925,Michelle BALLANTYNE (Con),Kenneth GUNN (Ind),David BLACK (Ind),Gordon EDGAR (Ind),Scott REDPATH (Lab),Nancy NORMAN (LD),Barbara HARVIE (Grn),Elaine THORNTON-NICOL (SNP),skipped,,9
1926,Michelle BALLANTYNE (Con),Kenneth GUNN (Ind),Gordon EDGAR (Ind),skipped,skipped,skipped,skipped,skipped,skipped,,9
1927,Michelle BALLANTYNE (Con),Kenneth GUNN (Ind),Gordon EDGAR (Ind),skipped,skipped,skipped,skipped,skipped,skipped,,9
1928,Michelle BALLANTYNE (Con),Kenneth GUNN (Ind),Gordon EDGAR (Ind),skipped,skipped,skipped,skipped,skipped,skipped,,9
1929,Michelle BALLANTYNE (Con),Kenneth GUNN (Ind),Gordon EDGAR (Ind),skipped,skipped,skipped,skipped,skipped,skipped,,9
1930,Michelle BALLANTYNE (Con),Kenneth GUNN (Ind),Gordon EDGAR (Ind),skipped,skipped,skipped,skipped,skipped,skipped,,9
1931,Michelle BALLANTYNE (Con),Kenneth GUNN (Ind),Gordon EDGAR (Ind),skipped,skipped,skipped,skipped,skipped,skipped,,9
1932,Michelle BALLANTYNE (Con),Kenneth GUNN (Ind),Gordon EDGAR (Ind),skipped,skipped,skipped,skipped,skipped,skipped,,9
1933,Michelle BALLANTYNE (Con),Kenneth GUNN (Ind),Gordon EDGAR (Ind),skipped,skipped,skipped,skipped,skipped,skipped,,9
1934,Michelle BALLANTYNE (Con),Kenneth GUNN (Ind),Gordon EDGAR (Ind),skipped,skipped,skipped,skipped,skipped,skipped,,9
1935,Michelle BALLANTYNE (Con),Kenneth GUNN (Ind),Gordon EDGAR (Ind),skipped,skipped,skipped,skipped,skipped,skipped,,9
1936,Michelle BALLANTYNE (Con),Kenneth GUNN (Ind),Gordon EDGAR (Ind),skipped,skipped,skipped,skipped,skipped,skipped,,9
1937,Michelle BALLANTYNE (Con),Kenneth GUNN (Ind),Gordon EDGAR (Ind),skipped,skipped,skipped,skipped,skipped,skipped,,9
1938,Michelle BALLANTYNE (Con),Kenneth GUNN (Ind),Gordon EDGAR (Ind),skipped,skipped,skipped,skipped,skipped,skipped,,9
1939,Michelle BALLANTYNE (Con),Kenneth GUNN (Ind),Gordon EDGAR (Ind),skipped,skipped,skipped,skipped,skipped,skipped,,9
1940,Michelle BALLANTYNE (Con),Kenneth GUNN (Ind),Gordon EDGAR (Ind),David BLACK (Ind),Nancy NORMAN (LD),Barbara HARVIE (Grn),skipped,skipped,skipped,,9
1941,Michelle BALLANTYNE (Con),Kenneth GUNN (Ind),Gordon EDGAR (Ind),David BLACK (Ind),Nancy NORMAN (LD),Barbara HARVIE (Grn),skipped,skipped,skipped,,9
1942,Michelle BALLANTYNE (Con),Kenneth GUNN (Ind),Gordon EDGAR (Ind),David BLACK (Ind),Nancy NORMAN (LD),Scott REDPATH (Lab),Barbara HARVIE (Grn),Elaine THORNTON-NICOL (SNP),skipped,,9
1943,Michelle BALLANTYNE (Con),Kenneth GUNN (Ind),Gordon EDGAR (Ind),David BLACK (Ind),Nancy NORMAN (LD),Scott REDPATH (Lab),Barbara HARVIE (Grn),Elaine THORNTON-NICOL (SNP),skipped,,9
1944,Michelle BALLANTYNE (Con),Kenneth GUNN (Ind),Gordon EDGAR (Ind),David BLACK (Ind),Nancy NORMAN (LD),Scott REDPATH (Lab),Barbara HARVIE (Grn),Elaine THORNTON-NICOL (SNP),skipped,,9
1945,Michelle BALLANTYNE (Con),Kenneth GUNN (Ind),Gordon EDGAR (Ind),Nancy NORMAN (LD),Scott REDPATH (Lab),Barbara HARVIE (Grn),skipped,skipped,skipped,,9
1946,Michelle BALLANTYNE (Con),Kenneth GUNN (Ind),Gordon EDGAR (Ind),Scott REDPATH (Lab),David BLACK (Ind),skipped,skipped,skipped,skipped,,9
1947,Michelle BALLANTYNE (Con),Kenneth GUNN (Ind),Nancy NORMAN (LD),skipped,skipped,skipped,skipped,skipped,skipped,,9
1948,Michelle BALLANTYNE (Con),Kenneth GUNN (Ind),Nancy NORMAN (LD),skipped,skipped,skipped,skipped,skipped,skipped,,9
1949,Michelle BALLANTYNE (Con),Kenneth GUNN (Ind),Nancy NORMAN (LD),skipped,skipped,skipped,skipped,skipped,skipped,,9
1950,Michelle BALLANTYNE (Con),Kenneth GUNN (Ind),Nancy NORMAN (LD),David BLACK (Ind),skipped,skipped,skipped,skipped,skipped,,9
1951,Michelle BALLANTYNE (Con),Elaine THORNTON-NICOL (SNP),skipped,skipped,skipped,skipped,skipped,skipped,skipped,,9
1952,Michelle BALLANTYNE (Con),Elaine THORNTON-NICOL (SNP),skipped,skipped,skipped,skipped,skipped,skipped,skipped,,9
1953,Michelle BALLANTYNE (Con),Elaine THORNTON-NICOL (SNP),skipped,skipped,skipped,skipped,skipped,skipped,skipped,,9
1954,Michelle BALLANTYNE (Con),Elaine THORNTON-NICOL (SNP),skipped,skipped,skipped,skipped,skipped,skipped,skipped,,9
1955,Michelle BALLANTYNE (Con),Elaine THORNTON-NICOL (SNP),Barbara HARVIE (Grn),David BLACK (Ind),Gordon EDGAR (Ind),Kenneth GUNN (Ind),Nancy NORMAN (LD),Scott REDPATH (Lab),skipped,,9
1956,Michelle BALLANTYNE (Con),Elaine THORNTON-NICOL (SNP),Gordon EDGAR (Ind),skipped,skipped,skipped,skipped,skipped,skipped,,9
1957,Michelle BALLANTYNE (Con),Barbara HARVIE (Grn),skipped,skipped,skipped,skipped,skipped,skipped,skipped,,9
1958,Michelle BALLANTYNE (Con),Barbara HARVIE (Grn),skipped,skipped,skipped,skipped,skipped,skipped,skipped,,9
1959,Michelle BALLANTYNE (Con),Barbara HARVIE (Grn),skipped,skipped,skipped,skipped,skipped,skipped,skipped,,9
1960,Michelle BALLANTYNE (Con),Barbara HARVIE (Grn),skipped,skipped,skipped,skipped,skipped,skipped,skipped,,9
1961,Michelle BALLANTYNE (Con),Barbara HARVIE (Grn),skipped,skipped,skipped,skipped,skipped,skipped,skipped,,9
1962,Michelle BALLANTYNE (Con),Barbara HARVIE (Grn),skipped,skipped,skipped,skipped,skipped,skipped,skipped,,9
1963,Michelle BALLANTYNE (Con),Barbara HARVIE (Grn),skipped,skipped,skipped,skipped,skipped,skipped,skipped,,9
1964,Michelle BALLANTYNE (Con),Barbara HARVIE (Grn),skipped,skipped,skipped,skipped,skipped,skipped,skipped,,9
1965,Michelle BALLANTYNE (Con),Barbara HARVIE (Grn),skipped,skipped,skipped,skipped,skipped,skipped,skipped,,9
1966,Michelle BALLANTYNE (Con),Barbara HARVIE (Grn),skipped,skipped,skipped,skipped,skipped,skipped,skipped,,9
1967,Michelle BALLANTYNE (Con),Barbara HARVIE (Grn),skipped,skipped,skipped,skipped,skipped,skipped,skipped,,9
1968,Michelle BALLANTYNE (Con),Barbara HARVIE (Grn),Kenneth GUNN (Ind),Gordon EDGAR (Ind),skipped,skipped,skipped,skipped,skipped,,9
1969,Michelle BALLANTYNE (Con),Barbara HARVIE (Grn),David BLACK (Ind),Gordon EDGAR (Ind),skipped,skipped,skipped,skipped,skipped,,9
1970,Michelle BALLANTYNE (Con),Barbara HARVIE (Grn),David BLACK (Ind),Nancy NORMAN (LD),Kenneth GUNN (Ind),Scott REDPATH (Lab),Elaine THORNTON-NICOL (SNP),Gordon EDGAR (Ind),skipped,,9
1971,Michelle BALLANTYNE (Con),Barbara HARVIE (Grn),David BLACK (Ind),Nancy NORMAN (LD),Scott REDPATH (Lab),Elaine THORNTON-NICOL (SNP),Gordon EDGAR (Ind),Kenneth GUNN (Ind),skipped,,9
1972,Michelle BALLANTYNE (Con),Barbara HARVIE (Grn),Nancy NORMAN (LD),skipped,skipped,skipped,skipped,skipped,skipped,,9
1973,Michelle BALLANTYNE (Con),Barbara HARVIE (Grn),Nancy NORMAN (LD),Elaine THORNTON-NICOL (SNP),skipped,skipped,skipped,skipped,skipped,,9
1974,Michelle BALLANTYNE (Con),Barbara HARVIE (Grn),Nancy NORMAN (LD),David BLACK (Ind),Gordon EDGAR (Ind),Kenneth GUNN (Ind),Scott REDPATH (Lab),Elaine THORNTON-NICOL (SNP),skipped,,9
1975,Michelle BALLANTYNE (Con),Barbara HARVIE (Grn),Nancy NORMAN (LD),David BLACK (Ind),Gordon EDGAR (Ind),Scott REDPATH (Lab),Kenneth GUNN (Ind),Elaine THORNTON-NICOL (SNP),skipped,,9
1976,Michelle BALLANTYNE (Con),Barbara HARVIE (Grn),Nancy NORMAN (LD),Scott REDPATH (Lab),David BLACK (Ind),Gordon EDGAR (Ind),Kenneth GUNN (Ind),Elaine THORNTON-NICOL (SNP),skipped,,9
1977,Michelle BALLANTYNE (Con),David BLACK (Ind),skipped,skipped,skipped,skipped,skipped,skipped,skipped,,9
1978,Michelle BALLANTYNE (Con),David BLACK (Ind),skipped,skipped,skipped,skipped,skipped,skipped,skipped,,9
1979,Michelle BALLANTYNE (Con),David BLACK (Ind),skipped,skipped,skipped,skipped,skipped,skipped,skipped,,9
1980,Michelle BALLANTYNE (Con),David BLACK (Ind),skipped,skipped,skipped,skipped,skipped,skipped,skipped,,9
1981,Michelle BALLANTYNE (Con),David BLACK (Ind),skipped,skipped,skipped,skipped,skipped,skipped,skipped,,9
1982,Michelle BALLANTYNE (Con),David BLACK (Ind),skipped,skipped,skipped,skipped,skipped,skipped,skipped,,9
1983,Michelle BALLANTYNE (Con),David BLACK (Ind),skipped,skipped,skipped,skipped,skipped,skipped,skipped,,9
1984,Michelle BALLANTYNE (Con),David BLACK (Ind),skipped,skipped,skipped,skipped,skipped,skipped,skipped,,9
1985,Michelle BALLANTYNE (Con),David BLACK (Ind),skipped,skipped,skipped,skipped,skipped,skipped,skipped,,9
1986,Michelle BALLANTYNE (Con),David BLACK (Ind),skipped,skipped,skipped,skipped,skipped,skipped,skipped,,9
1987,Michelle BALLANTYNE (Con),David BLACK (Ind),skipped,skipped,skipped,skipped,skipped,skipped,skipped,,9
1988,Michelle BALLANTYNE (Con),David BLACK (Ind),skipped,skipped,skipped,skipped,skipped,skipped,skipped,,9
1989,Michelle BALLANTYNE (Con),David BLACK (Ind),skipped,skipped,skipped,skipped,skipped,skipped,skipped,,9
1990,Michelle BALLANTYNE (Con),David BLACK (Ind),skipped,skipped,skipped,skipped,skipped,skipped,skipped,,9
1991,Michelle BALLANTYNE (Con),David BLACK (Ind),skipped,skipped,skipped,skipped,skipped,skipped,skipped,,9
1992,Michelle BALLANTYNE (Con),David BLACK (Ind),skipped,skipped,skipped,skipped,skipped,skipped,skipped,,9
1993,Michelle BALLANTYNE (Con),David BLACK (Ind),skipped,skipped,skipped,skipped,skipped,skipped,skipped,,9
1994,Michelle BALLANTYNE (Con),David BLACK (Ind),skipped,skipped,skipped,skipped,skipped,skipped,skipped,,9
1995,Michelle BALLANTYNE (Con),David BLACK (Ind),skipped,skipped,skipped,skipped,skipped,skipped,skipped,,9
1996,Michelle BALLANTYNE (Con),David BLACK (Ind),skipped,skipped,skipped,skipped,skipped,skipped,skipped,,9
1997,Michelle BALLANTYNE (Con),David BLACK (Ind),skipped,skipped,skipped,skipped,skipped,skipped,skipped,,9
1998,Michelle BALLANTYNE (Con),David BLACK (Ind),skipped,skipped,skipped,skipped,skipped,skipped,skipped,,9
1999,Michelle BALLANTYNE (Con),David BLACK (Ind),skipped,skipped,skipped,skipped,skipped,skipped,skipped,,9
2000,Michelle BALLANTYNE (Con),David BLACK (Ind),skipped,skipped,skipped,skipped,skipped,skipped,skipped,,9
2001,Michelle BALLANTYNE (Con),David BLACK (Ind),skipped,skipped,skipped,skipped,skipped,skipped,skipped,,9
2002,Michelle BALLANTYNE (Con),David BLACK (Ind),skipped,skipped,skipped,skipped,skipped,skipped,skipped,,9
2003,Michelle BALLANTYNE (Con),David BLACK (Ind),skipped,skipped,skipped,skipped,skipped,skipped,skipped,,9
2004,Michelle BALLANTYNE (Con),David BLACK (Ind),skipped,skipped,skipped,skipped,skipped,skipped,skipped,,9
2005,Michelle BALLANTYNE (Con),David BLACK (Ind),skipped,skipped,skipped,skipped,skipped,skipped,skipped,,9
2006,Michelle BALLANTYNE (Con),David BLACK (Ind),skipped,skipped,skipped,skipped,skipped,skipped,skipped,,9
2007,Michelle BALLANTYNE (Con),David BLACK (Ind),skipped,skipped,skipped,skipped,skipped,skipped,skipped,,9
2008,Michelle BALLANTYNE (Con),David BLACK (Ind),Kenneth GUNN (Ind),Gordon EDGAR (Ind),skipped,skipped,skipped,skipped,skipped,,9
2009,Michelle BALLANTYNE (Con),David BLACK (Ind),Barbara HARVIE (Grn),Nancy NORMAN (LD),Kenneth GUNN (Ind),Gordon EDGAR (Ind),skipped,skipped,skipped,,9
2010,Michelle BALLANTYNE (Con),David BLACK (Ind),Gordon EDGAR (Ind),skipped,skipped,skipped,skipped,skipped,skipped,,9
2011,Michelle BALLANTYNE (Con),David BLACK (Ind),Gordon EDGAR (Ind),skipped,skipped,skipped,skipped,skipped,skipped,,9
2012,Michelle BALLANTYNE (Con),David BLACK (Ind),Gordon EDGAR (Ind),skipped,skipped,skipped,skipped,skipped,skipped,,9
2013,Michelle BALLANTYNE (Con),David BLACK (Ind),Gordon EDGAR (Ind),Kenneth GUNN (Ind),Barbara HARVIE (Grn),Nancy NORMAN (LD),Scott REDPATH (Lab),skipped,skipped,,9
2014,Michelle BALLANTYNE (Con),David BLACK (Ind),Gordon EDGAR (Ind),Kenneth GUNN (Ind),Barbara HARVIE (Grn),Nancy NORMAN (LD),Scott REDPATH (Lab),Elaine THORNTON-NICOL (SNP),skipped,,9
2015,Michelle BALLANTYNE (Con),David BLACK (Ind),Gordon EDGAR (Ind),Kenneth GUNN (Ind),Barbara HARVIE (Grn),Scott REDPATH (Lab),Nancy NORMAN (LD),Elaine THORNTON-NICOL (SNP),skipped,,9
2016,Michelle BALLANTYNE (Con),David BLACK (Ind),Gordon EDGAR (Ind),Kenneth GUNN (Ind),Nancy NORMAN (LD),Barbara HARVIE (Grn),Scott REDPATH (Lab),skipped,skipped,,9
2017,Michelle BALLANTYNE (Con),David BLACK (Ind),Gordon EDGAR (Ind),Kenneth GUNN (Ind),Nancy NORMAN (LD),Barbara HARVIE (Grn),Scott REDPATH (Lab),Elaine THORNTON-NICOL (SNP),skipped,,9
2018,Michelle BALLANTYNE (Con),David BLACK (Ind),Gordon EDGAR (Ind),Kenneth GUNN (Ind),Nancy NORMAN (LD),Scott REDPATH (Lab),Barbara HARVIE (Grn),Elaine THORNTON-NICOL (SNP),skipped,,9
2019,Michelle BALLANTYNE (Con),David BLACK (Ind),Gordon EDGAR (Ind),Kenneth GUNN (Ind),Nancy NORMAN (LD),Scott REDPATH (Lab),Barbara HARVIE (Grn),Elaine THORNTON-NICOL (SNP),skipped,,9
2020,Michelle BALLANTYNE (Con),David BLACK (Ind),Gordon EDGAR (Ind),Nancy NORMAN (LD),skipped,skipped,skipped,skipped,skipped,,9
2021,Michelle BALLANTYNE (Con),David BLACK (Ind),Nancy NORMAN (LD),skipped,skipped,skipped,skipped,skipped,skipped,,9
2022,Michelle BALLANTYNE (Con),David BLACK (Ind),Nancy NORMAN (LD),Barbara HARVIE (Grn),Gordon EDGAR (Ind),skipped,skipped,skipped,skipped,,9
2023,Michelle BALLANTYNE (Con),David BLACK (Ind),Nancy NORMAN (LD),Gordon EDGAR (Ind),Kenneth GUNN (Ind),Scott REDPATH (Lab),Barbara HARVIE (Grn),Elaine THORNTON-NICOL (SNP),skipped,,9
2024,Michelle BALLANTYNE (Con),David BLACK (Ind),Nancy NORMAN (LD),Scott REDPATH (Lab),skipped,skipped,skipped,skipped,skipped,,9
2025,Michelle BALLANTYNE (Con),David BLACK (Ind),Scott REDPATH (Lab),Kenneth GUNN (Ind),skipped,skipped,skipped,skipped,skipped,,9
2026,Michelle BALLANTYNE (Con),Gordon EDGAR (Ind),skipped,skipped,skipped,skipped,skipped,skipped,skipped,,9
2027,Michelle BALLANTYNE (Con),Gordon EDGAR (Ind),skipped,skipped,skipped,skipped,skipped,skipped,skipped,,9
2028,Michelle BALLANTYNE (Con),Gordon EDGAR (Ind),skipped,skipped,skipped,skipped,skipped,skipped,skipped,,9
2029,Michelle BALLANTYNE (Con),Gordon EDGAR (Ind),skipped,skipped,skipped,skipped,skipped,skipped,skipped,,9
2030,Michelle BALLANTYNE (Con),Gordon EDGAR (Ind),skipped,skipped,skipped,skipped,skipped,skipped,skipped,,9
2031,Michelle BALLANTYNE (Con),Gordon EDGAR (Ind),skipped,skipped,skipped,skipped,skipped,skipped,skipped,,9
2032,Michelle BALLANTYNE (Con),Gordon EDGAR (Ind),skipped,skipped,skipped,skipped,skipped,skipped,skipped,,9
2033,Michelle BALLANTYNE (Con),Gordon EDGAR (Ind),skipped,skipped,skipped,skipped,skipped,skipped,skipped,,9
2034,Michelle BALLANTYNE (Con),Gordon EDGAR (Ind),skipped,skipped,skipped,skipped,skipped,skipped,skipped,,9
2035,Michelle BALLANTYNE (Con),Gordon EDGAR (Ind),skipped,skipped,skipped,skipped,skipped,skipped,skipped,,9
2036,Michelle BALLANTYNE (Con),Gordon EDGAR (Ind),skipped,skipped,skipped,skipped,skipped,skipped,skipped,,9
2037,Michelle BALLANTYNE (Con),Gordon EDGAR (Ind),skipped,skipped,skipped,skipped,skipped,skipped,skipped,,9
2038,Michelle BALLANTYNE (Con),Gordon EDGAR (Ind),skipped,skipped,skipped,skipped,skipped,skipped,skipped,,9
2039,Michelle BALLANTYNE (Con),Gordon EDGAR (Ind),skipped,skipped,skipped,skipped,skipped,skipped,skipped,,9
2040,Michelle BALLANTYNE (Con),Gordon EDGAR (Ind),skipped,skipped,skipped,skipped,skipped,skipped,skipped,,9
2041,Michelle BALLANTYNE (Con),Gordon EDGAR (Ind),skipped,skipped,skipped,skipped,skipped,skipped,skipped,,9
2042,Michelle BALLANTYNE (Con),Gordon EDGAR (Ind),skipped,skipped,skipped,skipped,skipped,skipped,skipped,,9
2043,Michelle BALLANTYNE (Con),Gordon EDGAR (Ind),skipped,skipped,skipped,skipped,skipped,skipped,skipped,,9
2044,Michelle BALLANTYNE (Con),Gordon EDGAR (Ind),skipped,skipped,skipped,skipped,skipped,skipped,skipped,,9
2045,Michelle BALLANTYNE (Con),Gordon EDGAR (Ind),skipped,skipped,skipped,skipped,skipped,skipped,skipped,,9
2046,Michelle BALLANTYNE (Con),Gordon EDGAR (Ind),skipped,skipped,skipped,skipped,skipped,skipped,skipped,,9
2047,Michelle BALLANTYNE (Con),Gordon EDGAR (Ind),skipped,skipped,skipped,skipped,skipped,skipped,skipped,,9
2048,Michelle BALLANTYNE (Con),Gordon EDGAR (Ind),skipped,skipped,skipped,skipped,skipped,skipped,skipped,,9
2049,Michelle BALLANTYNE (Con),Gordon EDGAR (Ind),skipped,skipped,skipped,skipped,skipped,skipped,skipped,,9
2050,Michelle BALLANTYNE (Con),Gordon EDGAR (Ind),skipped,skipped,skipped,skipped,skipped,skipped,skipped,,9
2051,Michelle BALLANTYNE (Con),Gordon EDGAR (Ind),skipped,skipped,skipped,skipped,skipped,skipped,skipped,,9
2052,Michelle BALLANTYNE (Con),Gordon EDGAR (Ind),skipped,skipped,skipped,skipped,skipped,skipped,skipped,,9
2053,Michelle BALLANTYNE (Con),Gordon EDGAR (Ind),skipped,skipped,skipped,skipped,skipped,skipped,skipped,,9
2054,Michelle BALLANTYNE (Con),Gordon EDGAR (Ind),skipped,skipped,skipped,skipped,skipped,skipped,skipped,,9
2055,Michelle BALLANTYNE (Con),Gordon EDGAR (Ind),skipped,skipped,skipped,skipped,skipped,skipped,skipped,,9
2056,Michelle BALLANTYNE (Con),Gordon EDGAR (Ind),skipped,skipped,skipped,skipped,skipped,skipped,skipped,,9
2057,Michelle BALLANTYNE (Con),Gordon EDGAR (Ind),skipped,skipped,skipped,skipped,skipped,skipped,skipped,,9
2058,Michelle BALLANTYNE (Con),Gordon EDGAR (Ind),skipped,skipped,skipped,skipped,skipped,skipped,skipped,,9
2059,Michelle BALLANTYNE (Con),Gordon EDGAR (Ind),skipped,skipped,skipped,skipped,skipped,skipped,skipped,,9
2060,Michelle BALLANTYNE (Con),Gordon EDGAR (Ind),skipped,skipped,skipped,skipped,skipped,skipped,skipped,,9
2061,Michelle BALLANTYNE (Con),Gordon EDGAR (Ind),skipped,skipped,skipped,skipped,skipped,skipped,skipped,,9
2062,Michelle BALLANTYNE (Con),Gordon EDGAR (Ind),skipped,skipped,skipped,skipped,skipped,skipped,skipped,,9
2063,Michelle BALLANTYNE (Con),Gordon EDGAR (Ind),skipped,skipped,skipped,skipped,skipped,skipped,skipped,,9
2064,Michelle BALLANTYNE (Con),Gordon EDGAR (Ind),skipped,skipped,skipped,skipped,skipped,skipped,skipped,,9
2065,Michelle BALLANTYNE (Con),Gordon EDGAR (Ind),skipped,skipped,skipped,skipped,skipped,skipped,skipped,,9
2066,Michelle BALLANTYNE (Con),Gordon EDGAR (Ind),skipped,skipped,skipped,skipped,skipped,skipped,skipped,,9
2067,Michelle BALLANTYNE (Con),Gordon EDGAR (Ind),skipped,skipped,skipped,skipped,skipped,skipped,skipped,,9
2068,Michelle BALLANTYNE (Con),Gordon EDGAR (Ind),skipped,skipped,skipped,skipped,skipped,skipped,skipped,,9
2069,Michelle BALLANTYNE (Con),Gordon EDGAR (Ind),skipped,skipped,skipped,skipped,skipped,skipped,skipped,,9
2070,Michelle BALLANTYNE (Con),Gordon EDGAR (Ind),skipped,skipped,skipped,skipped,skipped,skipped,skipped,,9
2071,Michelle BALLANTYNE (Con),Gordon EDGAR (Ind),skipped,skipped,skipped,skipped,skipped,skipped,skipped,,9
2072,Michelle BALLANTYNE (Con),Gordon EDGAR (Ind),skipped,skipped,skipped,skipped,skipped,skipped,skipped,,9
2073,Michelle BALLANTYNE (Con),Gordon EDGAR (Ind),skipped,skipped,skipped,skipped,skipped,skipped,skipped,,9
2074,Michelle BALLANTYNE (Con),Gordon EDGAR (Ind),skipped,skipped,skipped,skipped,skipped,skipped,skipped,,9
2075,Michelle BALLANTYNE (Con),Gordon EDGAR (Ind),skipped,skipped,skipped,skipped,skipped,skipped,skipped,,9
2076,Michelle BALLANTYNE (Con),Gordon EDGAR (Ind),skipped,skipped,skipped,skipped,skipped,skipped,skipped,,9
2077,Michelle BALLANTYNE (Con),Gordon EDGAR (Ind),skipped,skipped,skipped,skipped,skipped,skipped,skipped,,9
2078,Michelle BALLANTYNE (Con),Gordon EDGAR (Ind),skipped,skipped,skipped,skipped,skipped,skipped,skipped,,9
2079,Michelle BALLANTYNE (Con),Gordon EDGAR (Ind),skipped,skipped,skipped,skipped,skipped,skipped,skipped,,9
2080,Michelle BALLANTYNE (Con),Gordon EDGAR (Ind),skipped,skipped,skipped,skipped,skipped,skipped,skipped,,9
2081,Michelle BALLANTYNE (Con),Gordon EDGAR (Ind),skipped,skipped,skipped,skipped,skipped,skipped,skipped,,9
2082,Michelle BALLANTYNE (Con),Gordon EDGAR (Ind),skipped,skipped,skipped,skipped,skipped,skipped,skipped,,9
2083,Michelle BALLANTYNE (Con),Gordon EDGAR (Ind),skipped,skipped,skipped,skipped,skipped,skipped,skipped,,9
2084,Michelle BALLANTYNE (Con),Gordon EDGAR (Ind),skipped,skipped,skipped,skipped,skipped,skipped,skipped,,9
2085,Michelle BALLANTYNE (Con),Gordon EDGAR (Ind),skipped,skipped,skipped,skipped,skipped,skipped,skipped,,9
2086,Michelle BALLANTYNE (Con),Gordon EDGAR (Ind),skipped,skipped,skipped,skipped,skipped,skipped,skipped,,9
2087,Michelle BALLANTYNE (Con),Gordon EDGAR (Ind),skipped,skipped,skipped,skipped,skipped,skipped,skipped,,9
2088,Michelle BALLANTYNE (Con),Gordon EDGAR (Ind),skipped,skipped,skipped,skipped,skipped,skipped,skipped,,9
2089,Michelle BALLANTYNE (Con),Gordon EDGAR (Ind),skipped,skipped,skipped,skipped,skipped,skipped,skipped,,9
2090,Michelle BALLANTYNE (Con),Gordon EDGAR (Ind),skipped,skipped,skipped,skipped,skipped,skipped,skipped,,9
2091,Michelle BALLANTYNE (Con),Gordon EDGAR (Ind),skipped,skipped,skipped,skipped,skipped,skipped,skipped,,9
2092,Michelle BALLANTYNE (Con),Gordon EDGAR (Ind),skipped,skipped,skipped,skipped,skipped,skipped,skipped,,9
2093,Michelle BALLANTYNE (Con),Gordon EDGAR (Ind),skipped,skipped,skipped,skipped,skipped,skipped,skipped,,9
2094,Michelle BALLANTYNE (Con),Gordon EDGAR (Ind),skipped,skipped,skipped,skipped,skipped,skipped,skipped,,9
2095,Michelle BALLANTYNE (Con),Gordon EDGAR (Ind),skipped,skipped,skipped,skipped,skipped,skipped,skipped,,9
2096,Michelle BALLANTYNE (Con),Gordon EDGAR (Ind),skipped,skipped,skipped,skipped,skipped,skipped,skipped,,9
2097,Michelle BALLANTYNE (Con),Gordon EDGAR (Ind),skipped,skipped,skipped,skipped,skipped,skipped,skipped,,9
2098,Michelle BALLANTYNE (Con),Gordon EDGAR (Ind),skipped,skipped,skipped,skipped,skipped,skipped,skipped,,9
2099,Michelle BALLANTYNE (Con),Gordon EDGAR (Ind),skipped,skipped,skipped,skipped,skipped,skipped,skipped,,9
2100,Michelle BALLANTYNE (Con),Gordon EDGAR (Ind),skipped,skipped,skipped,skipped,skipped,skipped,skipped,,9
2101,Michelle BALLANTYNE (Con),Gordon EDGAR (Ind),skipped,skipped,skipped,skipped,skipped,skipped,skipped,,9
2102,Michelle BALLANTYNE (Con),Gordon EDGAR (Ind),skipped,skipped,skipped,skipped,skipped,skipped,skipped,,9
2103,Michelle BALLANTYNE (Con),Gordon EDGAR (Ind),skipped,skipped,skipped,skipped,skipped,skipped,skipped,,9
2104,Michelle BALLANTYNE (Con),Gordon EDGAR (Ind),skipped,skipped,skipped,skipped,skipped,skipped,skipped,,9
2105,Michelle BALLANTYNE (Con),Gordon EDGAR (Ind),skipped,skipped,skipped,skipped,skipped,skipped,skipped,,9
2106,Michelle BALLANTYNE (Con),Gordon EDGAR (Ind),skipped,skipped,skipped,skipped,skipped,skipped,skipped,,9
2107,Michelle BALLANTYNE (Con),Gordon EDGAR (Ind),skipped,skipped,skipped,skipped,skipped,skipped,skipped,,9
2108,Michelle BALLANTYNE (Con),Gordon EDGAR (Ind),skipped,skipped,skipped,skipped,skipped,skipped,skipped,,9
2109,Michelle BALLANTYNE (Con),Gordon EDGAR (Ind),skipped,skipped,skipped,skipped,skipped,skipped,skipped,,9
2110,Michelle BALLANTYNE (Con),Gordon EDGAR (Ind),skipped,skipped,skipped,skipped,skipped,skipped,skipped,,9
2111,Michelle BALLANTYNE (Con),Gordon EDGAR (Ind),skipped,skipped,skipped,skipped,skipped,skipped,skipped,,9
2112,Michelle BALLANTYNE (Con),Gordon EDGAR (Ind),skipped,skipped,skipped,skipped,skipped,skipped,skipped,,9
2113,Michelle BALLANTYNE (Con),Gordon EDGAR (Ind),skipped,skipped,skipped,skipped,skipped,skipped,skipped,,9
2114,Michelle BALLANTYNE (Con),Gordon EDGAR (Ind),skipped,skipped,skipped,skipped,skipped,skipped,skipped,,9
2115,Michelle BALLANTYNE (Con),Gordon EDGAR (Ind),skipped,skipped,skipped,skipped,skipped,skipped,skipped,,9
2116,Michelle BALLANTYNE (Con),Gordon EDGAR (Ind),skipped,skipped,skipped,skipped,skipped,skipped,skipped,,9
2117,Michelle BALLANTYNE (Con),Gordon EDGAR (Ind),skipped,skipped,skipped,skipped,skipped,skipped,skipped,,9
2118,Michelle BALLANTYNE (Con),Gordon EDGAR (Ind),skipped,skipped,skipped,skipped,skipped,skipped,skipped,,9
2119,Michelle BALLANTYNE (Con),Gordon EDGAR (Ind),skipped,skipped,skipped,skipped,skipped,skipped,skipped,,9
2120,Michelle BALLANTYNE (Con),Gordon EDGAR (Ind),skipped,skipped,skipped,skipped,skipped,skipped,skipped,,9
2121,Michelle BALLANTYNE (Con),Gordon EDGAR (Ind),skipped,skipped,skipped,skipped,skipped,skipped,skipped,,9
2122,Michelle BALLANTYNE (Con),Gordon EDGAR (Ind),skipped,skipped,skipped,skipped,skipped,skipped,skipped,,9
2123,Michelle BALLANTYNE (Con),Gordon EDGAR (Ind),skipped,skipped,skipped,skipped,skipped,skipped,skipped,,9
2124,Michelle BALLANTYNE (Con),Gordon EDGAR (Ind),skipped,skipped,skipped,skipped,skipped,skipped,skipped,,9
2125,Michelle BALLANTYNE (Con),Gordon EDGAR (Ind),skipped,skipped,skipped,skipped,skipped,skipped,skipped,,9
2126,Michelle BALLANTYNE (Con),Gordon EDGAR (Ind),skipped,skipped,skipped,skipped,skipped,skipped,skipped,,9
2127,Michelle BALLANTYNE (Con),Gordon EDGAR (Ind),skipped,skipped,skipped,skipped,skipped,skipped,skipped,,9
2128,Michelle BALLANTYNE (Con),Gordon EDGAR (Ind),skipped,skipped,skipped,skipped,skipped,skipped,skipped,,9
2129,Michelle BALLANTYNE (Con),Gordon EDGAR (Ind),skipped,skipped,skipped,skipped,skipped,skipped,skipped,,9
2130,Michelle BALLANTYNE (Con),Gordon EDGAR (Ind),skipped,skipped,skipped,skipped,skipped,skipped,skipped,,9
2131,Michelle BALLANTYNE (Con),Gordon EDGAR (Ind),skipped,skipped,skipped,skipped,skipped,skipped,skipped,,9
2132,Michelle BALLANTYNE (Con),Gordon EDGAR (Ind),skipped,skipped,skipped,skipped,skipped,skipped,skipped,,9
2133,Michelle BALLANTYNE (Con),Gordon EDGAR (Ind),skipped,skipped,skipped,skipped,skipped,skipped,skipped,,9
2134,Michelle BALLANTYNE (Con),Gordon EDGAR (Ind),skipped,skipped,skipped,skipped,skipped,skipped,skipped,,9
2135,Michelle BALLANTYNE (Con),Gordon EDGAR (Ind),Kenneth GUNN (Ind),skipped,skipped,skipped,skipped,skipped,skipped,,9
2136,Michelle BALLANTYNE (Con),Gordon EDGAR (Ind),Kenneth GUNN (Ind),skipped,skipped,skipped,skipped,skipped,skipped,,9
2137,Michelle BALLANTYNE (Con),Gordon EDGAR (Ind),Kenneth GUNN (Ind),skipped,skipped,skipped,skipped,skipped,skipped,,9
2138,Michelle BALLANTYNE (Con),Gordon EDGAR (Ind),Kenneth GUNN (Ind),skipped,skipped,skipped,skipped,skipped,skipped,,9
2139,Michelle BALLANTYNE (Con),Gordon EDGAR (Ind),Kenneth GUNN (Ind),skipped,skipped,skipped,skipped,skipped,skipped,,9
2140,Michelle BALLANTYNE (Con),Gordon EDGAR (Ind),Kenneth GUNN (Ind),skipped,skipped,skipped,skipped,skipped,skipped,,9
2141,Michelle BALLANTYNE (Con),Gordon EDGAR (Ind),Kenneth GUNN (Ind),skipped,skipped,skipped,skipped,skipped,skipped,,9
2142,Michelle BALLANTYNE (Con),Gordon EDGAR (Ind),Kenneth GUNN (Ind),skipped,skipped,skipped,skipped,skipped,skipped,,9
2143,Michelle BALLANTYNE (Con),Gordon EDGAR (Ind),Kenneth GUNN (Ind),skipped,skipped,skipped,skipped,skipped,skipped,,9
2144,Michelle BALLANTYNE (Con),Gordon EDGAR (Ind),Kenneth GUNN (Ind),skipped,skipped,skipped,skipped,skipped,skipped,,9
2145,Michelle BALLANTYNE (Con),Gordon EDGAR (Ind),Kenneth GUNN (Ind),skipped,skipped,skipped,skipped,skipped,skipped,,9
2146,Michelle BALLANTYNE (Con),Gordon EDGAR (Ind),Kenneth GUNN (Ind),skipped,skipped,skipped,skipped,skipped,skipped,,9
2147,Michelle BALLANTYNE (Con),Gordon EDGAR (Ind),Kenneth GUNN (Ind),skipped,skipped,skipped,skipped,skipped,skipped,,9
2148,Michelle BALLANTYNE (Con),Gordon EDGAR (Ind),Kenneth GUNN (Ind),skipped,skipped,skipped,skipped,skipped,skipped,,9
2149,Michelle BALLANTYNE (Con),Gordon EDGAR (Ind),Kenneth GUNN (Ind),skipped,skipped,skipped,skipped,skipped,skipped,,9
2150,Michelle BALLANTYNE (Con),Gordon EDGAR (Ind),Kenneth GUNN (Ind),skipped,skipped,skipped,skipped,skipped,skipped,,9
2151,Michelle BALLANTYNE (Con),Gordon EDGAR (Ind),Kenneth GUNN (Ind),skipped,skipped,skipped,skipped,skipped,skipped,,9
2152,Michelle BALLANTYNE (Con),Gordon EDGAR (Ind),Kenneth GUNN (Ind),skipped,skipped,skipped,skipped,skipped,skipped,,9
2153,Michelle BALLANTYNE (Con),Gordon EDGAR (Ind),Kenneth GUNN (Ind),skipped,skipped,skipped,skipped,skipped,skipped,,9
2154,Michelle BALLANTYNE (Con),Gordon EDGAR (Ind),Kenneth GUNN (Ind),skipped,skipped,skipped,skipped,skipped,skipped,,9
2155,Michelle BALLANTYNE (Con),Gordon EDGAR (Ind),Kenneth GUNN (Ind),skipped,skipped,skipped,skipped,skipped,skipped,,9
2156,Michelle BALLANTYNE (Con),Gordon EDGAR (Ind),Kenneth GUNN (Ind),skipped,skipped,skipped,skipped,skipped,skipped,,9
2157,Michelle BALLANTYNE (Con),Gordon EDGAR (Ind),Kenneth GUNN (Ind),skipped,skipped,skipped,skipped,skipped,skipped,,9
2158,Michelle BALLANTYNE (Con),Gordon EDGAR (Ind),Kenneth GUNN (Ind),skipped,skipped,skipped,skipped,skipped,skipped,,9
2159,Michelle BALLANTYNE (Con),Gordon EDGAR (Ind),Kenneth GUNN (Ind),skipped,skipped,skipped,skipped,skipped,skipped,,9
2160,Michelle BALLANTYNE (Con),Gordon EDGAR (Ind),Kenneth GUNN (Ind),Barbara HARVIE (Grn),Nancy NORMAN (LD),Scott REDPATH (Lab),David BLACK (Ind),Elaine THORNTON-NICOL (SNP),skipped,,9
2161,Michelle BALLANTYNE (Con),Gordon EDGAR (Ind),Kenneth GUNN (Ind),David BLACK (Ind),skipped,skipped,skipped,skipped,skipped,,9
2162,Michelle BALLANTYNE (Con),Gordon EDGAR (Ind),Kenneth GUNN (Ind),David BLACK (Ind),skipped,skipped,skipped,skipped,skipped,,9
2163,Michelle BALLANTYNE (Con),Gordon EDGAR (Ind),Kenneth GUNN (Ind),David BLACK (Ind),skipped,skipped,skipped,skipped,skipped,,9
2164,Michelle BALLANTYNE (Con),Gordon EDGAR (Ind),Kenneth GUNN (Ind),David BLACK (Ind),Barbara HARVIE (Grn),Scott REDPATH (Lab),Nancy NORMAN (LD),Elaine THORNTON-NICOL (SNP),skipped,,9
2165,Michelle BALLANTYNE (Con),Gordon EDGAR (Ind),Kenneth GUNN (Ind),David BLACK (Ind),Nancy NORMAN (LD),Scott REDPATH (Lab),skipped,skipped,skipped,,9
2166,Michelle BALLANTYNE (Con),Gordon EDGAR (Ind),Kenneth GUNN (Ind),David BLACK (Ind),Nancy NORMAN (LD),Scott REDPATH (Lab),Barbara HARVIE (Grn),Elaine THORNTON-NICOL (SNP),skipped,,9
2167,Michelle BALLANTYNE (Con),Gordon EDGAR (Ind),Kenneth GUNN (Ind),David BLACK (Ind),Scott REDPATH (Lab),Nancy NORMAN (LD),Barbara HARVIE (Grn),Elaine THORNTON-NICOL (SNP),skipped,,9
2168,Michelle BALLANTYNE (Con),Gordon EDGAR (Ind),Kenneth GUNN (Ind),Nancy NORMAN (LD),skipped,skipped,skipped,skipped,skipped,,9
2169,Michelle BALLANTYNE (Con),Gordon EDGAR (Ind),Kenneth GUNN (Ind),Nancy NORMAN (LD),David BLACK (Ind),Barbara HARVIE (Grn),Elaine THORNTON-NICOL (SNP),Scott REDPATH (Lab),skipped,,9
2170,Michelle BALLANTYNE (Con),Gordon EDGAR (Ind),Kenneth GUNN (Ind),Nancy NORMAN (LD),David BLACK (Ind),Barbara HARVIE (Grn),Scott REDPATH (Lab),Elaine THORNTON-NICOL (SNP),skipped,,9
2171,Michelle BALLANTYNE (Con),Gordon EDGAR (Ind),Kenneth GUNN (Ind),Nancy NORMAN (LD),David BLACK (Ind),Scott REDPATH (Lab),Barbara HARVIE (Grn),Elaine THORNTON-NICOL (SNP),skipped,,9
2172,Michelle BALLANTYNE (Con),Gordon EDGAR (Ind),Kenneth GUNN (Ind),Nancy NORMAN (LD),Scott REDPATH (Lab),skipped,skipped,skipped,skipped,,9
2173,Michelle BALLANTYNE (Con),Gordon EDGAR (Ind),Kenneth GUNN (Ind),Nancy NORMAN (LD),Scott REDPATH (Lab),David BLACK (Ind),Barbara HARVIE (Grn),Elaine THORNTON-NICOL (SNP),skipped,,9
2174,Michelle BALLANTYNE (Con),Gordon EDGAR (Ind),Barbara HARVIE (Grn),skipped,skipped,skipped,skipped,skipped,skipped,,9
2175,Michelle BALLANTYNE (Con),Gordon EDGAR (Ind),Barbara HARVIE (Grn),skipped,skipped,skipped,skipped,skipped,skipped,,9
2176,Michelle BALLANTYNE (Con),Gordon EDGAR (Ind),Barbara HARVIE (Grn),skipped,skipped,skipped,skipped,skipped,skipped,,9
2177,Michelle BALLANTYNE (Con),Gordon EDGAR (Ind),Barbara HARVIE (Grn),skipped,skipped,skipped,skipped,skipped,skipped,,9
2178,Michelle BALLANTYNE (Con),Gordon EDGAR (Ind),David BLACK (Ind),skipped,skipped,skipped,skipped,skipped,skipped,,9
2179,Michelle BALLANTYNE (Con),Gordon EDGAR (Ind),David BLACK (Ind),skipped,skipped,skipped,skipped,skipped,skipped,,9
2180,Michelle BALLANTYNE (Con),Gordon EDGAR (Ind),David BLACK (Ind),skipped,skipped,skipped,skipped,skipped,skipped,,9
2181,Michelle BALLANTYNE (Con),Gordon EDGAR (Ind),David BLACK (Ind),skipped,skipped,skipped,skipped,skipped,skipped,,9
2182,Michelle BALLANTYNE (Con),Gordon EDGAR (Ind),David BLACK (Ind),skipped,skipped,skipped,skipped,skipped,skipped,,9
2183,Michelle BALLANTYNE (Con),Gordon EDGAR (Ind),David BLACK (Ind),skipped,skipped,skipped,skipped,skipped,skipped,,9
2184,Michelle BALLANTYNE (Con),Gordon EDGAR (Ind),David BLACK (Ind),Kenneth GUNN (Ind),skipped,skipped,skipped,skipped,skipped,,9
2185,Michelle BALLANTYNE (Con),Gordon EDGAR (Ind),David BLACK (Ind),Kenneth GUNN (Ind),Barbara HARVIE (Grn),Nancy NORMAN (LD),Scott REDPATH (Lab),Elaine THORNTON-NICOL (SNP),skipped,,9
2186,Michelle BALLANTYNE (Con),Gordon EDGAR (Ind),David BLACK (Ind),Kenneth GUNN (Ind),Nancy NORMAN (LD),skipped,skipped,skipped,skipped,,9
2187,Michelle BALLANTYNE (Con),Gordon EDGAR (Ind),David BLACK (Ind),Kenneth GUNN (Ind),Nancy NORMAN (LD),Barbara HARVIE (Grn),Scott REDPATH (Lab),Elaine THORNTON-NICOL (SNP),skipped,,9
2188,Michelle BALLANTYNE (Con),Gordon EDGAR (Ind),David BLACK (Ind),Kenneth GUNN (Ind),Scott REDPATH (Lab),skipped,skipped,skipped,skipped,,9
2189,Michelle BALLANTYNE (Con),Gordon EDGAR (Ind),David BLACK (Ind),Elaine THORNTON-NICOL (SNP),Scott REDPATH (Lab),Nancy NORMAN (LD),Barbara HARVIE (Grn),Kenneth GUNN (Ind),skipped,,9
2190,Michelle BALLANTYNE (Con),Gordon EDGAR (Ind),David BLACK (Ind),Nancy NORMAN (LD),Kenneth GUNN (Ind),Barbara HARVIE (Grn),Scott REDPATH (Lab),Elaine THORNTON-NICOL (SNP),skipped,,9
2191,Michelle BALLANTYNE (Con),Gordon EDGAR (Ind),David BLACK (Ind),Nancy NORMAN (LD),Barbara HARVIE (Grn),Kenneth GUNN (Ind),Scott REDPATH (Lab),Elaine THORNTON-NICOL (SNP),skipped,,9
2192,Michelle BALLANTYNE (Con),Gordon EDGAR (Ind),Nancy NORMAN (LD),skipped,skipped,skipped,skipped,skipped,skipped,,9
2193,Michelle BALLANTYNE (Con),Gordon EDGAR (Ind),Nancy NORMAN (LD),skipped,skipped,skipped,skipped,skipped,skipped,,9
2194,Michelle BALLANTYNE (Con),Gordon EDGAR (Ind),Nancy NORMAN (LD),skipped,skipped,skipped,skipped,skipped,skipped,,9
2195,Michelle BALLANTYNE (Con),Gordon EDGAR (Ind),Nancy NORMAN (LD),skipped,skipped,skipped,skipped,skipped,skipped,,9
2196,Michelle BALLANTYNE (Con),Gordon EDGAR (Ind),Nancy NORMAN (LD),skipped,skipped,skipped,skipped,skipped,skipped,,9
2197,Michelle BALLANTYNE (Con),Gordon EDGAR (Ind),Nancy NORMAN (LD),skipped,skipped,skipped,skipped,skipped,skipped,,9
2198,Michelle BALLANTYNE (Con),Gordon EDGAR (Ind),Nancy NORMAN (LD),skipped,skipped,skipped,skipped,skipped,skipped,,9
2199,Michelle BALLANTYNE (Con),Gordon EDGAR (Ind),Nancy NORMAN (LD),skipped,skipped,skipped,skipped,skipped,skipped,,9
2200,Michelle BALLANTYNE (Con),Gordon EDGAR (Ind),Nancy NORMAN (LD),skipped,skipped,skipped,skipped,skipped,skipped,,9
2201,Michelle BALLANTYNE (Con),Gordon EDGAR (Ind),Nancy NORMAN (LD),skipped,skipped,skipped,skipped,skipped,skipped,,9
2202,Michelle BALLANTYNE (Con),Gordon EDGAR (Ind),Nancy NORMAN (LD),skipped,skipped,skipped,skipped,skipped,skipped,,9
2203,Michelle BALLANTYNE (Con),Gordon EDGAR (Ind),Nancy NORMAN (LD),Barbara HARVIE (Grn),skipped,skipped,skipped,skipped,skipped,,9
2204,Michelle BALLANTYNE (Con),Gordon EDGAR (Ind),Nancy NORMAN (LD),David BLACK (Ind),Barbara HARVIE (Grn),Scott REDPATH (Lab),Kenneth GUNN (Ind),Elaine THORNTON-NICOL (SNP),skipped,,9
2205,Michelle BALLANTYNE (Con),Gordon EDGAR (Ind),Nancy NORMAN (LD),Scott REDPATH (Lab),Barbara HARVIE (Grn),Kenneth GUNN (Ind),David BLACK (Ind),Elaine THORNTON-NICOL (SNP),skipped,,9
2206,Michelle BALLANTYNE (Con),Gordon EDGAR (Ind),Scott REDPATH (Lab),Elaine THORNTON-NICOL (SNP),Nancy NORMAN (LD),Barbara HARVIE (Grn),David BLACK (Ind),Kenneth GUNN (Ind),skipped,,9
2207,Michelle BALLANTYNE (Con),Gordon EDGAR (Ind),Scott REDPATH (Lab),Barbara HARVIE (Grn),David BLACK (Ind),Elaine THORNTON-NICOL (SNP),Nancy NORMAN (LD),Kenneth GUNN (Ind),skipped,,9
2208,Michelle BALLANTYNE (Con),Nancy NORMAN (LD),skipped,skipped,skipped,skipped,skipped,skipped,skipped,,9
2209,Michelle BALLANTYNE (Con),Nancy NORMAN (LD),skipped,skipped,skipped,skipped,skipped,skipped,skipped,,9
2210,Michelle BALLANTYNE (Con),Nancy NORMAN (LD),skipped,skipped,skipped,skipped,skipped,skipped,skipped,,9
2211,Michelle BALLANTYNE (Con),Nancy NORMAN (LD),skipped,skipped,skipped,skipped,skipped,skipped,skipped,,9
2212,Michelle BALLANTYNE (Con),Nancy NORMAN (LD),skipped,skipped,skipped,skipped,skipped,skipped,skipped,,9
2213,Michelle BALLANTYNE (Con),Nancy NORMAN (LD),skipped,skipped,skipped,skipped,skipped,skipped,skipped,,9
2214,Michelle BALLANTYNE (Con),Nancy NORMAN (LD),skipped,skipped,skipped,skipped,skipped,skipped,skipped,,9
2215,Michelle BALLANTYNE (Con),Nancy NORMAN (LD),skipped,skipped,skipped,skipped,skipped,skipped,skipped,,9
2216,Michelle BALLANTYNE (Con),Nancy NORMAN (LD),skipped,skipped,skipped,skipped,skipped,skipped,skipped,,9
2217,Michelle BALLANTYNE (Con),Nancy NORMAN (LD),skipped,skipped,skipped,skipped,skipped,skipped,skipped,,9
2218,Michelle BALLANTYNE (Con),Nancy NORMAN (LD),skipped,skipped,skipped,skipped,skipped,skipped,skipped,,9
2219,Michelle BALLANTYNE (Con),Nancy NORMAN (LD),skipped,skipped,skipped,skipped,skipped,skipped,skipped,,9
2220,Michelle BALLANTYNE (Con),Nancy NORMAN (LD),skipped,skipped,skipped,skipped,skipped,skipped,skipped,,9
2221,Michelle BALLANTYNE (Con),Nancy NORMAN (LD),skipped,skipped,skipped,skipped,skipped,skipped,skipped,,9
2222,Michelle BALLANTYNE (Con),Nancy NORMAN (LD),skipped,skipped,skipped,skipped,skipped,skipped,skipped,,9
2223,Michelle BALLANTYNE (Con),Nancy NORMAN (LD),skipped,skipped,skipped,skipped,skipped,skipped,skipped,,9
2224,Michelle BALLANTYNE (Con),Nancy NORMAN (LD),skipped,skipped,skipped,skipped,skipped,skipped,skipped,,9
2225,Michelle BALLANTYNE (Con),Nancy NORMAN (LD),skipped,skipped,skipped,skipped,skipped,skipped,skipped,,9
2226,Michelle BALLANTYNE (Con),Nancy NORMAN (LD),skipped,skipped,skipped,skipped,skipped,skipped,skipped,,9
2227,Michelle BALLANTYNE (Con),Nancy NORMAN (LD),skipped,skipped,skipped,skipped,skipped,skipped,skipped,,9
2228,Michelle BALLANTYNE (Con),Nancy NORMAN (LD),skipped,skipped,skipped,skipped,skipped,skipped,skipped,,9
2229,Michelle BALLANTYNE (Con),Nancy NORMAN (LD),skipped,skipped,skipped,skipped,skipped,skipped,skipped,,9
2230,Michelle BALLANTYNE (Con),Nancy NORMAN (LD),skipped,skipped,skipped,skipped,skipped,skipped,skipped,,9
2231,Michelle BALLANTYNE (Con),Nancy NORMAN (LD),skipped,skipped,skipped,skipped,skipped,skipped,skipped,,9
2232,Michelle BALLANTYNE (Con),Nancy NORMAN (LD),skipped,skipped,skipped,skipped,skipped,skipped,skipped,,9
2233,Michelle BALLANTYNE (Con),Nancy NORMAN (LD),skipped,skipped,skipped,skipped,skipped,skipped,skipped,,9
2234,Michelle BALLANTYNE (Con),Nancy NORMAN (LD),skipped,skipped,skipped,skipped,skipped,skipped,skipped,,9
2235,Michelle BALLANTYNE (Con),Nancy NORMAN (LD),skipped,skipped,skipped,skipped,skipped,skipped,skipped,,9
2236,Michelle BALLANTYNE (Con),Nancy NORMAN (LD),skipped,skipped,skipped,skipped,skipped,skipped,skipped,,9
2237,Michelle BALLANTYNE (Con),Nancy NORMAN (LD),skipped,skipped,skipped,skipped,skipped,skipped,skipped,,9
2238,Michelle BALLANTYNE (Con),Nancy NORMAN (LD),skipped,skipped,skipped,skipped,skipped,skipped,skipped,,9
2239,Michelle BALLANTYNE (Con),Nancy NORMAN (LD),skipped,skipped,skipped,skipped,skipped,skipped,skipped,,9
2240,Michelle BALLANTYNE (Con),Nancy NORMAN (LD),skipped,skipped,skipped,skipped,skipped,skipped,skipped,,9
2241,Michelle BALLANTYNE (Con),Nancy NORMAN (LD),skipped,skipped,skipped,skipped,skipped,skipped,skipped,,9
2242,Michelle BALLANTYNE (Con),Nancy NORMAN (LD),skipped,skipped,skipped,skipped,skipped,skipped,skipped,,9
2243,Michelle BALLANTYNE (Con),Nancy NORMAN (LD),skipped,skipped,skipped,skipped,skipped,skipped,skipped,,9
2244,Michelle BALLANTYNE (Con),Nancy NORMAN (LD),skipped,skipped,skipped,skipped,skipped,skipped,skipped,,9
2245,Michelle BALLANTYNE (Con),Nancy NORMAN (LD),skipped,skipped,skipped,skipped,skipped,skipped,skipped,,9
2246,Michelle BALLANTYNE (Con),Nancy NORMAN (LD),Kenneth GUNN (Ind),skipped,skipped,skipped,skipped,skipped,skipped,,9
2247,Michelle BALLANTYNE (Con),Nancy NORMAN (LD),Kenneth GUNN (Ind),Gordon EDGAR (Ind),skipped,skipped,skipped,skipped,skipped,,9
2248,Michelle BALLANTYNE (Con),Nancy NORMAN (LD),Kenneth GUNN (Ind),Gordon EDGAR (Ind),David BLACK (Ind),Scott REDPATH (Lab),Barbara HARVIE (Grn),Elaine THORNTON-NICOL (SNP),skipped,,9
2249,Michelle BALLANTYNE (Con),Nancy NORMAN (LD),Elaine THORNTON-NICOL (SNP),skipped,skipped,skipped,skipped,skipped,skipped,,9
2250,Michelle BALLANTYNE (Con),Nancy NORMAN (LD),Barbara HARVIE (Grn),skipped,skipped,skipped,skipped,skipped,skipped,,9
2251,Michelle BALLANTYNE (Con),Nancy NORMAN (LD),Barbara HARVIE (Grn),Kenneth GUNN (Ind),Gordon EDGAR (Ind),David BLACK (Ind),Scott REDPATH (Lab),Elaine THORNTON-NICOL (SNP),skipped,,9
2252,Michelle BALLANTYNE (Con),Nancy NORMAN (LD),Barbara HARVIE (Grn),David BLACK (Ind),Gordon EDGAR (Ind),Kenneth GUNN (Ind),Scott REDPATH (Lab),Elaine THORNTON-NICOL (SNP),skipped,,9
2253,Michelle BALLANTYNE (Con),Nancy NORMAN (LD),Barbara HARVIE (Grn),Scott REDPATH (Lab),skipped,skipped,skipped,skipped,skipped,,9
2254,Michelle BALLANTYNE (Con),Nancy NORMAN (LD),David BLACK (Ind),Gordon EDGAR (Ind),Kenneth GUNN (Ind),skipped,skipped,skipped,skipped,,9
2255,Michelle BALLANTYNE (Con),Nancy NORMAN (LD),David BLACK (Ind),Gordon EDGAR (Ind),Kenneth GUNN (Ind),Scott REDPATH (Lab),Elaine THORNTON-NICOL (SNP),Barbara HARVIE (Grn),skipped,,9
2256,Michelle BALLANTYNE (Con),Nancy NORMAN (LD),Gordon EDGAR (Ind),Kenneth GUNN (Ind),skipped,skipped,skipped,skipped,skipped,,9
2257,Michelle BALLANTYNE (Con),Nancy NORMAN (LD),Gordon EDGAR (Ind),David BLACK (Ind),Elaine THORNTON-NICOL (SNP),Scott REDPATH (Lab),skipped,skipped,skipped,,9
2258,Michelle BALLANTYNE (Con),Nancy NORMAN (LD),Gordon EDGAR (Ind),Scott REDPATH (Lab),Kenneth GUNN (Ind),skipped,skipped,skipped,skipped,,9
2259,Michelle BALLANTYNE (Con),Nancy NORMAN (LD),Scott REDPATH (Lab),skipped,skipped,skipped,skipped,skipped,skipped,,9
2260,Michelle BALLANTYNE (Con),Nancy NORMAN (LD),Scott REDPATH (Lab),skipped,skipped,skipped,skipped,skipped,skipped,,9
2261,Michelle BALLANTYNE (Con),Nancy NORMAN (LD),Scott REDPATH (Lab),skipped,skipped,skipped,skipped,skipped,skipped,,9
2262,Michelle BALLANTYNE (Con),Nancy NORMAN (LD),Scott REDPATH (Lab),skipped,skipped,skipped,skipped,skipped,skipped,,9
2263,Michelle BALLANTYNE (Con),Nancy NORMAN (LD),Scott REDPATH (Lab),skipped,skipped,skipped,skipped,skipped,skipped,,9
2264,Michelle BALLANTYNE (Con),Nancy NORMAN (LD),Scott REDPATH (Lab),skipped,skipped,skipped,skipped,skipped,skipped,,9
2265,Michelle BALLANTYNE (Con),Nancy NORMAN (LD),Scott REDPATH (Lab),skipped,skipped,skipped,skipped,skipped,skipped,,9
2266,Michelle BALLANTYNE (Con),Nancy NORMAN (LD),Scott REDPATH (Lab),Elaine THORNTON-NICOL (SNP),skipped,skipped,skipped,skipped,skipped,,9
2267,Michelle BALLANTYNE (Con),Nancy NORMAN (LD),Scott REDPATH (Lab),Barbara HARVIE (Grn),David BLACK (Ind),Gordon EDGAR (Ind),Kenneth GUNN (Ind),Elaine THORNTON-NICOL (SNP),skipped,,9
2268,Michelle BALLANTYNE (Con),Nancy NORMAN (LD),Scott REDPATH (Lab),Gordon EDGAR (Ind),David BLACK (Ind),Kenneth GUNN (Ind),skipped,skipped,skipped,,9
2269,Michelle BALLANTYNE (Con),Scott REDPATH (Lab),skipped,skipped,skipped,skipped,skipped,skipped,skipped,,9
2270,Michelle BALLANTYNE (Con),Scott REDPATH (Lab),skipped,skipped,skipped,skipped,skipped,skipped,skipped,,9
2271,Michelle BALLANTYNE (Con),Scott REDPATH (Lab),skipped,skipped,skipped,skipped,skipped,skipped,skipped,,9
2272,Michelle BALLANTYNE (Con),Scott REDPATH (Lab),skipped,skipped,skipped,skipped,skipped,skipped,skipped,,9
2273,Michelle BALLANTYNE (Con),Scott REDPATH (Lab),skipped,skipped,skipped,skipped,skipped,skipped,skipped,,9
2274,Michelle BALLANTYNE (Con),Scott REDPATH (Lab),skipped,skipped,skipped,skipped,skipped,skipped,skipped,,9
2275,Michelle BALLANTYNE (Con),Scott REDPATH (Lab),skipped,skipped,skipped,skipped,skipped,skipped,skipped,,9
2276,Michelle BALLANTYNE (Con),Scott REDPATH (Lab),skipped,skipped,skipped,skipped,skipped,skipped,skipped,,9
2277,Michelle BALLANTYNE (Con),Scott REDPATH (Lab),skipped,skipped,skipped,skipped,skipped,skipped,skipped,,9
2278,Michelle BALLANTYNE (Con),Scott REDPATH (Lab),skipped,skipped,skipped,skipped,skipped,skipped,skipped,,9
2279,Michelle BALLANTYNE (Con),Scott REDPATH (Lab),skipped,skipped,skipped,skipped,skipped,skipped,skipped,,9
2280,Michelle BALLANTYNE (Con),Scott REDPATH (Lab),skipped,skipped,skipped,skipped,skipped,skipped,skipped,,9
2281,Michelle BALLANTYNE (Con),Scott REDPATH (Lab),skipped,skipped,skipped,skipped,skipped,skipped,skipped,,9
2282,Michelle BALLANTYNE (Con),Scott REDPATH (Lab),skipped,skipped,skipped,skipped,skipped,skipped,skipped,,9
2283,Michelle BALLANTYNE (Con),Scott REDPATH (Lab),skipped,skipped,skipped,skipped,skipped,skipped,skipped,,9
2284,Michelle BALLANTYNE (Con),Scott REDPATH (Lab),skipped,skipped,skipped,skipped,skipped,skipped,skipped,,9
2285,Michelle BALLANTYNE (Con),Scott REDPATH (Lab),Kenneth GUNN (Ind),skipped,skipped,skipped,skipped,skipped,skipped,,9
2286,Michelle BALLANTYNE (Con),Scott REDPATH (Lab),Kenneth GUNN (Ind),skipped,skipped,skipped,skipped,skipped,skipped,,9
2287,Michelle BALLANTYNE (Con),Scott REDPATH (Lab),Elaine THORNTON-NICOL (SNP),Nancy NORMAN (LD),Barbara HARVIE (Grn),Kenneth GUNN (Ind),David BLACK (Ind),Gordon EDGAR (Ind),skipped,,9
2288,Michelle BALLANTYNE (Con),Scott REDPATH (Lab),David BLACK (Ind),Gordon EDGAR (Ind),Kenneth GUNN (Ind),skipped,skipped,skipped,skipped,,9
2289,Michelle BALLANTYNE (Con),Scott REDPATH (Lab),Gordon EDGAR (Ind),Kenneth GUNN (Ind),skipped,skipped,skipped,skipped,skipped,,9
2290,Michelle BALLANTYNE (Con),Scott REDPATH (Lab),Gordon EDGAR (Ind),David BLACK (Ind),Nancy NORMAN (LD),skipped,skipped,skipped,skipped,,9
2291,Michelle BALLANTYNE (Con),Scott REDPATH (Lab),Nancy NORMAN (LD),Barbara HARVIE (Grn),David BLACK (Ind),Gordon EDGAR (Ind),Kenneth GUNN (Ind),Elaine THORNTON-NICOL (SNP),skipped,,9
2292,Michelle BALLANTYNE (Con),David BLACK (Ind),skipped,skipped,skipped,skipped,skipped,skipped,skipped,,9
2293,Michelle BALLANTYNE (Con),David BLACK (Ind),skipped,skipped,skipped,skipped,skipped,skipped,skipped,,9
2294,Michelle BALLANTYNE (Con),David BLACK (Ind),skipped,skipped,skipped,skipped,skipped,skipped,skipped,,9
2295,Michelle BALLANTYNE (Con),David BLACK (Ind),skipped,skipped,skipped,skipped,skipped,skipped,skipped,,9
2296,Michelle BALLANTYNE (Con),David BLACK (Ind),skipped,skipped,skipped,skipped,skipped,skipped,skipped,,9
2297,Michelle BALLANTYNE (Con),David BLACK (Ind),Kenneth GUNN (Ind),skipped,skipped,skipped,skipped,skipped,skipped,,9
2298,Michelle BALLANTYNE (Con),David BLACK (Ind),Kenneth GUNN (Ind),Nancy NORMAN (LD),Barbara HARVIE (Grn),Gordon EDGAR (Ind),Scott REDPATH (Lab),Elaine THORNTON-NICOL (SNP),skipped,,9
2299,Michelle BALLANTYNE (Con),David BLACK (Ind),Elaine THORNTON-NICOL (SNP),skipped,skipped,skipped,skipped,skipped,skipped,,9
2300,Michelle BALLANTYNE (Con),David BLACK (Ind),Elaine THORNTON-NICOL (SNP),Scott REDPATH (Lab),Nancy NORMAN (LD),Barbara HARVIE (Grn),Kenneth GUNN (Ind),Gordon EDGAR (Ind),skipped,,9
2301,Michelle BALLANTYNE (Con),David BLACK (Ind),skipped,skipped,skipped,skipped,skipped,skipped,skipped,,9
2302,Michelle BALLANTYNE (Con),David BLACK (Ind),Gordon EDGAR (Ind),Kenneth GUNN (Ind),Nancy NORMAN (LD),Elaine THORNTON-NICOL (SNP),Barbara HARVIE (Grn),Scott REDPATH (Lab),skipped,,9
2303,Michelle BALLANTYNE (Con),David BLACK (Ind),Gordon EDGAR (Ind),skipped,skipped,skipped,skipped,skipped,skipped,,9
2304,Michelle BALLANTYNE (Con),David BLACK (Ind),Gordon EDGAR (Ind),skipped,skipped,skipped,skipped,skipped,skipped,,9
2305,Michelle BALLANTYNE (Con),David BLACK (Ind),Gordon EDGAR (Ind),Kenneth GUNN (Ind),Barbara HARVIE (Grn),skipped,skipped,skipped,skipped,,9
2306,Michelle BALLANTYNE (Con),Gordon EDGAR (Ind),skipped,skipped,skipped,skipped,skipped,skipped,skipped,,9
2307,Michelle BALLANTYNE (Con),Gordon EDGAR (Ind),skipped,skipped,skipped,skipped,skipped,skipped,skipped,,9
2308,Michelle BALLANTYNE (Con),Gordon EDGAR (Ind),skipped,skipped,skipped,skipped,skipped,skipped,skipped,,9
2309,Michelle BALLANTYNE (Con),Gordon EDGAR (Ind),skipped,skipped,skipped,skipped,skipped,skipped,skipped,,9
2310,Michelle BALLANTYNE (Con),Gordon EDGAR (Ind),skipped,skipped,skipped,skipped,skipped,skipped,skipped,,9
2311,Michelle BALLANTYNE (Con),Gordon EDGAR (Ind),skipped,skipped,skipped,skipped,skipped,skipped,skipped,,9
2312,Michelle BALLANTYNE (Con),Gordon EDGAR (Ind),skipped,skipped,skipped,skipped,skipped,skipped,skipped,,9
2313,Michelle BALLANTYNE (Con),Gordon EDGAR (Ind),skipped,skipped,skipped,skipped,skipped,skipped,skipped,,9
2314,Michelle BALLANTYNE (Con),Gordon EDGAR (Ind),skipped,skipped,skipped,skipped,skipped,skipped,skipped,,9
2315,Michelle BALLANTYNE (Con),Gordon EDGAR (Ind),skipped,skipped,skipped,skipped,skipped,skipped,skipped,,9
2316,Michelle BALLANTYNE (Con),Gordon EDGAR (Ind),skipped,skipped,skipped,skipped,skipped,skipped,skipped,,9
2317,Michelle BALLANTYNE (Con),Gordon EDGAR (Ind),skipped,skipped,skipped,skipped,skipped,skipped,skipped,,9
2318,Michelle BALLANTYNE (Con),Gordon EDGAR (Ind),skipped,skipped,skipped,skipped,skipped,skipped,skipped,,9
2319,Michelle BALLANTYNE (Con),Gordon EDGAR (Ind),skipped,skipped,skipped,skipped,skipped,skipped,skipped,,9
2320,Michelle BALLANTYNE (Con),Gordon EDGAR (Ind),skipped,skipped,skipped,skipped,skipped,skipped,skipped,,9
2321,Michelle BALLANTYNE (Con),Gordon EDGAR (Ind),skipped,skipped,skipped,skipped,skipped,skipped,skipped,,9
2322,Michelle BALLANTYNE (Con),Gordon EDGAR (Ind),skipped,skipped,skipped,skipped,skipped,skipped,skipped,,9
2323,Michelle BALLANTYNE (Con),Gordon EDGAR (Ind),skipped,skipped,skipped,skipped,skipped,skipped,skipped,,9
2324,Michelle BALLANTYNE (Con),Gordon EDGAR (Ind),skipped,skipped,skipped,skipped,skipped,skipped,skipped,,9
2325,Michelle BALLANTYNE (Con),Gordon EDGAR (Ind),skipped,skipped,skipped,skipped,skipped,skipped,skipped,,9
2326,Michelle BALLANTYNE (Con),Gordon EDGAR (Ind),skipped,skipped,skipped,skipped,skipped,skipped,skipped,,9
2327,Michelle BALLANTYNE (Con),Gordon EDGAR (Ind),skipped,skipped,skipped,skipped,skipped,skipped,skipped,,9
2328,Michelle BALLANTYNE (Con),Gordon EDGAR (Ind),skipped,skipped,skipped,skipped,skipped,skipped,skipped,,9
2329,Michelle BALLANTYNE (Con),Gordon EDGAR (Ind),skipped,skipped,skipped,skipped,skipped,skipped,skipped,,9
2330,Michelle BALLANTYNE (Con),Gordon EDGAR (Ind),skipped,skipped,skipped,skipped,skipped,skipped,skipped,,9
2331,Michelle BALLANTYNE (Con),Gordon EDGAR (Ind),skipped,skipped,skipped,skipped,skipped,skipped,skipped,,9
2332,Michelle BALLANTYNE (Con),Gordon EDGAR (Ind),skipped,skipped,skipped,skipped,skipped,skipped,skipped,,9
2333,Michelle BALLANTYNE (Con),Gordon EDGAR (Ind),Kenneth GUNN (Ind),skipped,skipped,skipped,skipped,skipped,skipped,,9
2334,Michelle BALLANTYNE (Con),Gordon EDGAR (Ind),Kenneth GUNN (Ind),skipped,skipped,skipped,skipped,skipped,skipped,,9
2335,Michelle BALLANTYNE (Con),Gordon EDGAR (Ind),Kenneth GUNN (Ind),skipped,skipped,skipped,skipped,skipped,skipped,,9
2336,Michelle BALLANTYNE (Con),Gordon EDGAR (Ind),Kenneth GUNN (Ind),skipped,skipped,skipped,skipped,skipped,skipped,,9
2337,Michelle BALLANTYNE (Con),Gordon EDGAR (Ind),Kenneth GUNN (Ind),skipped,skipped,skipped,skipped,skipped,skipped,,9
2338,Michelle BALLANTYNE (Con),Gordon EDGAR (Ind),Kenneth GUNN (Ind),skipped,skipped,skipped,skipped,skipped,skipped,,9
2339,Michelle BALLANTYNE (Con),Gordon EDGAR (Ind),Kenneth GUNN (Ind),skipped,skipped,skipped,skipped,skipped,skipped,,9
2340,Michelle BALLANTYNE (Con),Gordon EDGAR (Ind),Kenneth GUNN (Ind),skipped,skipped,skipped,skipped,skipped,skipped,,9
2341,Michelle BALLANTYNE (Con),Gordon EDGAR (Ind),Kenneth GUNN (Ind),skipped,skipped,skipped,skipped,skipped,skipped,,9
2342,Michelle BALLANTYNE (Con),Gordon EDGAR (Ind),Kenneth GUNN (Ind),skipped,skipped,skipped,skipped,skipped,skipped,,9
2343,Michelle BALLANTYNE (Con),Gordon EDGAR (Ind),Kenneth GUNN (Ind),skipped,skipped,skipped,skipped,skipped,skipped,,9
2344,Michelle BALLANTYNE (Con),Gordon EDGAR (Ind),Kenneth GUNN (Ind),skipped,skipped,skipped,skipped,skipped,skipped,,9
2345,Michelle BALLANTYNE (Con),Gordon EDGAR (Ind),Kenneth GUNN (Ind),skipped,skipped,skipped,skipped,skipped,skipped,,9
2346,Michelle BALLANTYNE (Con),Gordon EDGAR (Ind),Kenneth GUNN (Ind),skipped,skipped,skipped,skipped,skipped,skipped,,9
2347,Michelle BALLANTYNE (Con),Gordon EDGAR (Ind),Kenneth GUNN (Ind),skipped,skipped,skipped,skipped,skipped,skipped,,9
2348,Michelle BALLANTYNE (Con),Gordon EDGAR (Ind),Kenneth GUNN (Ind),skipped,skipped,skipped,skipped,skipped,skipped,,9
2349,Michelle BALLANTYNE (Con),Gordon EDGAR (Ind),Kenneth GUNN (Ind),skipped,skipped,skipped,skipped,skipped,skipped,,9
2350,Michelle BALLANTYNE (Con),Gordon EDGAR (Ind),Kenneth GUNN (Ind),skipped,skipped,skipped,skipped,skipped,skipped,,9
2351,Michelle BALLANTYNE (Con),Gordon EDGAR (Ind),Kenneth GUNN (Ind),skipped,skipped,skipped,skipped,skipped,skipped,,9
2352,Michelle BALLANTYNE (Con),Gordon EDGAR (Ind),Kenneth GUNN (Ind),skipped,skipped,skipped,skipped,skipped,skipped,,9
2353,Michelle BALLANTYNE (Con),Gordon EDGAR (Ind),Kenneth GUNN (Ind),skipped,skipped,skipped,skipped,skipped,skipped,,9
2354,Michelle BALLANTYNE (Con),Gordon EDGAR (Ind),Kenneth GUNN (Ind),skipped,skipped,skipped,skipped,skipped,skipped,,9
2355,Michelle BALLANTYNE (Con),Gordon EDGAR (Ind),Kenneth GUNN (Ind),skipped,skipped,skipped,skipped,skipped,skipped,,9
2356,Michelle BALLANTYNE (Con),Gordon EDGAR (Ind),Kenneth GUNN (Ind),skipped,skipped,skipped,skipped,skipped,skipped,,9
2357,Michelle BALLANTYNE (Con),Gordon EDGAR (Ind),Kenneth GUNN (Ind),skipped,skipped,skipped,skipped,skipped,skipped,,9
2358,Michelle BALLANTYNE (Con),Gordon EDGAR (Ind),Kenneth GUNN (Ind),skipped,skipped,skipped,skipped,skipped,skipped,,9
2359,Michelle BALLANTYNE (Con),Gordon EDGAR (Ind),Kenneth GUNN (Ind),Elaine THORNTON-NICOL (SNP),skipped,skipped,skipped,skipped,skipped,,9
2360,Michelle BALLANTYNE (Con),Gordon EDGAR (Ind),Kenneth GUNN (Ind),skipped,skipped,skipped,skipped,skipped,skipped,,9
2361,Michelle BALLANTYNE (Con),Gordon EDGAR (Ind),Kenneth GUNN (Ind),skipped,skipped,skipped,skipped,skipped,skipped,,9
2362,Michelle BALLANTYNE (Con),Gordon EDGAR (Ind),Kenneth GUNN (Ind),skipped,skipped,skipped,skipped,skipped,skipped,,9
2363,Michelle BALLANTYNE (Con),Gordon EDGAR (Ind),Kenneth GUNN (Ind),skipped,skipped,skipped,skipped,skipped,skipped,,9
2364,Michelle BALLANTYNE (Con),Gordon EDGAR (Ind),Kenneth GUNN (Ind),skipped,skipped,skipped,skipped,skipped,skipped,,9
2365,Michelle BALLANTYNE (Con),Gordon EDGAR (Ind),Kenneth GUNN (Ind),skipped,skipped,skipped,skipped,skipped,skipped,,9
2366,Michelle BALLANTYNE (Con),Gordon EDGAR (Ind),Kenneth GUNN (Ind),David BLACK (Ind),Nancy NORMAN (LD),Scott REDPATH (Lab),Barbara HARVIE (Grn),Elaine THORNTON-NICOL (SNP),skipped,,9
2367,Michelle BALLANTYNE (Con),Gordon EDGAR (Ind),Kenneth GUNN (Ind),David BLACK (Ind),Scott REDPATH (Lab),skipped,skipped,skipped,skipped,,9
2368,Michelle BALLANTYNE (Con),Gordon EDGAR (Ind),Kenneth GUNN (Ind),Nancy NORMAN (LD),David BLACK (Ind),Barbara HARVIE (Grn),Elaine THORNTON-NICOL (SNP),Scott REDPATH (Lab),skipped,,9
2369,Michelle BALLANTYNE (Con),Gordon EDGAR (Ind),Kenneth GUNN (Ind),David BLACK (Ind),skipped,skipped,skipped,skipped,skipped,,9
2370,Michelle BALLANTYNE (Con),Gordon EDGAR (Ind),Kenneth GUNN (Ind),David BLACK (Ind),Barbara HARVIE (Grn),Nancy NORMAN (LD),Scott REDPATH (Lab),Elaine THORNTON-NICOL (SNP),skipped,,9
2371,Michelle BALLANTYNE (Con),Gordon EDGAR (Ind),Kenneth GUNN (Ind),David BLACK (Ind),Nancy NORMAN (LD),Barbara HARVIE (Grn),Scott REDPATH (Lab),Elaine THORNTON-NICOL (SNP),skipped,,9
2372,Michelle BALLANTYNE (Con),Gordon EDGAR (Ind),Kenneth GUNN (Ind),David BLACK (Ind),Nancy NORMAN (LD),Scott REDPATH (Lab),Elaine THORNTON-NICOL (SNP),Barbara HARVIE (Grn),skipped,,9
2373,Michelle BALLANTYNE (Con),Gordon EDGAR (Ind),Kenneth GUNN (Ind),David BLACK (Ind),Nancy NORMAN (LD),Scott REDPATH (Lab),Barbara HARVIE (Grn),Elaine THORNTON-NICOL (SNP),skipped,,9
2374,Michelle BALLANTYNE (Con),Gordon EDGAR (Ind),Kenneth GUNN (Ind),David BLACK (Ind),Scott REDPATH (Lab),skipped,skipped,skipped,skipped,,9
2375,Michelle BALLANTYNE (Con),Gordon EDGAR (Ind),Kenneth GUNN (Ind),Nancy NORMAN (LD),Barbara HARVIE (Grn),David BLACK (Ind),Scott REDPATH (Lab),skipped,skipped,,9
2376,Michelle BALLANTYNE (Con),Gordon EDGAR (Ind),Kenneth GUNN (Ind),Nancy NORMAN (LD),David BLACK (Ind),Barbara HARVIE (Grn),Scott REDPATH (Lab),Elaine THORNTON-NICOL (SNP),skipped,,9
2377,Michelle BALLANTYNE (Con),Gordon EDGAR (Ind),Kenneth GUNN (Ind),Scott REDPATH (Lab),skipped,skipped,skipped,skipped,skipped,,9
2378,Michelle BALLANTYNE (Con),Gordon EDGAR (Ind),Kenneth GUNN (Ind),Scott REDPATH (Lab),skipped,skipped,skipped,skipped,skipped,,9
2379,Michelle BALLANTYNE (Con),Gordon EDGAR (Ind),Kenneth GUNN (Ind),Scott REDPATH (Lab),Elaine THORNTON-NICOL (SNP),Barbara HARVIE (Grn),Nancy NORMAN (LD),David BLACK (Ind),skipped,,9
2380,Michelle BALLANTYNE (Con),Gordon EDGAR (Ind),Kenneth GUNN (Ind),Scott REDPATH (Lab),Barbara HARVIE (Grn),Nancy NORMAN (LD),David BLACK (Ind),Elaine THORNTON-NICOL (SNP),skipped,,9
2381,Michelle BALLANTYNE (Con),Gordon EDGAR (Ind),Kenneth GUNN (Ind),Scott REDPATH (Lab),skipped,skipped,skipped,skipped,skipped,,9
2382,Michelle BALLANTYNE (Con),Gordon EDGAR (Ind),Elaine THORNTON-NICOL (SNP),skipped,skipped,skipped,skipped,skipped,skipped,,9
2383,Michelle BALLANTYNE (Con),Gordon EDGAR (Ind),Elaine THORNTON-NICOL (SNP),skipped,skipped,skipped,skipped,skipped,skipped,,9
2384,Michelle BALLANTYNE (Con),Gordon EDGAR (Ind),Elaine THORNTON-NICOL (SNP),skipped,skipped,skipped,skipped,skipped,skipped,,9
2385,Michelle BALLANTYNE (Con),Gordon EDGAR (Ind),Elaine THORNTON-NICOL (SNP),skipped,skipped,skipped,skipped,skipped,skipped,,9
2386,Michelle BALLANTYNE (Con),Gordon EDGAR (Ind),Elaine THORNTON-NICOL (SNP),skipped,skipped,skipped,skipped,skipped,skipped,,9
2387,Michelle BALLANTYNE (Con),Gordon EDGAR (Ind),Elaine THORNTON-NICOL (SNP),Barbara HARVIE (Grn),Nancy NORMAN (LD),David BLACK (Ind),Kenneth GUNN (Ind),Scott REDPATH (Lab),skipped,,9
2388,Michelle BALLANTYNE (Con),Gordon EDGAR (Ind),Barbara HARVIE (Grn),skipped,skipped,skipped,skipped,skipped,skipped,,9
2389,Michelle BALLANTYNE (Con),Gordon EDGAR (Ind),Barbara HARVIE (Grn),skipped,skipped,skipped,skipped,skipped,skipped,,9
2390,Michelle BALLANTYNE (Con),Gordon EDGAR (Ind),Barbara HARVIE (Grn),skipped,skipped,skipped,skipped,skipped,skipped,,9
2391,Michelle BALLANTYNE (Con),Gordon EDGAR (Ind),Barbara HARVIE (Grn),Kenneth GUNN (Ind),Scott REDPATH (Lab),skipped,skipped,skipped,skipped,,9
2392,Michelle BALLANTYNE (Con),Gordon EDGAR (Ind),skipped,skipped,skipped,skipped,skipped,skipped,skipped,,9
2393,Michelle BALLANTYNE (Con),Gordon EDGAR (Ind),skipped,skipped,skipped,skipped,skipped,skipped,skipped,,9
2394,Michelle BALLANTYNE (Con),Gordon EDGAR (Ind),skipped,skipped,skipped,skipped,skipped,skipped,skipped,,9
2395,Michelle BALLANTYNE (Con),Gordon EDGAR (Ind),skipped,skipped,skipped,skipped,skipped,skipped,skipped,,9
2396,Michelle BALLANTYNE (Con),Gordon EDGAR (Ind),skipped,skipped,skipped,skipped,skipped,skipped,skipped,,9
2397,Michelle BALLANTYNE (Con),Gordon EDGAR (Ind),skipped,skipped,skipped,skipped,skipped,skipped,skipped,,9
2398,Michelle BALLANTYNE (Con),Gordon EDGAR (Ind),skipped,skipped,skipped,skipped,skipped,skipped,skipped,,9
2399,Michelle BALLANTYNE (Con),Gordon EDGAR (Ind),skipped,skipped,skipped,skipped,skipped,skipped,skipped,,9
2400,Michelle BALLANTYNE (Con),Gordon EDGAR (Ind),skipped,skipped,skipped,skipped,skipped,skipped,skipped,,9
2401,Michelle BALLANTYNE (Con),Gordon EDGAR (Ind),skipped,skipped,skipped,skipped,skipped,skipped,skipped,,9
2402,Michelle BALLANTYNE (Con),Gordon EDGAR (Ind),skipped,skipped,skipped,skipped,skipped,skipped,skipped,,9
2403,Michelle BALLANTYNE (Con),Gordon EDGAR (Ind),skipped,skipped,skipped,skipped,skipped,skipped,skipped,,9
2404,Michelle BALLANTYNE (Con),Gordon EDGAR (Ind),skipped,skipped,skipped,skipped,skipped,skipped,skipped,,9
2405,Michelle BALLANTYNE (Con),Gordon EDGAR (Ind),skipped,skipped,skipped,skipped,skipped,skipped,skipped,,9
2406,Michelle BALLANTYNE (Con),Gordon EDGAR (Ind),skipped,skipped,skipped,skipped,skipped,skipped,skipped,,9
2407,Michelle BALLANTYNE (Con),Gordon EDGAR (Ind),skipped,skipped,skipped,skipped,skipped,skipped,skipped,,9
2408,Michelle BALLANTYNE (Con),Gordon EDGAR (Ind),skipped,skipped,skipped,skipped,skipped,skipped,skipped,,9
2409,Michelle BALLANTYNE (Con),Gordon EDGAR (Ind),skipped,skipped,skipped,skipped,skipped,skipped,skipped,,9
2410,Michelle BALLANTYNE (Con),Gordon EDGAR (Ind),skipped,skipped,skipped,skipped,skipped,skipped,skipped,,9
2411,Michelle BALLANTYNE (Con),Gordon EDGAR (Ind),skipped,skipped,skipped,skipped,skipped,skipped,skipped,,9
2412,Michelle BALLANTYNE (Con),Gordon EDGAR (Ind),skipped,skipped,skipped,skipped,skipped,skipped,skipped,,9
2413,Michelle BALLANTYNE (Con),Gordon EDGAR (Ind),skipped,skipped,skipped,skipped,skipped,skipped,skipped,,9
2414,Michelle BALLANTYNE (Con),Gordon EDGAR (Ind),skipped,skipped,skipped,skipped,skipped,skipped,skipped,,9
2415,Michelle BALLANTYNE (Con),Gordon EDGAR (Ind),Kenneth GUNN (Ind),skipped,skipped,skipped,skipped,skipped,skipped,,9
2416,Michelle BALLANTYNE (Con),Gordon EDGAR (Ind),Kenneth GUNN (Ind),skipped,skipped,skipped,skipped,skipped,skipped,,9
2417,Michelle BALLANTYNE (Con),Gordon EDGAR (Ind),Kenneth GUNN (Ind),skipped,skipped,skipped,skipped,skipped,skipped,,9
2418,Michelle BALLANTYNE (Con),Gordon EDGAR (Ind),Kenneth GUNN (Ind),skipped,skipped,skipped,skipped,skipped,skipped,,9
2419,Michelle BALLANTYNE (Con),Gordon EDGAR (Ind),Elaine THORNTON-NICOL (SNP),skipped,skipped,skipped,skipped,skipped,skipped,,9
2420,Michelle BALLANTYNE (Con),Gordon EDGAR (Ind),David BLACK (Ind),skipped,skipped,skipped,skipped,skipped,skipped,,9
2421,Michelle BALLANTYNE (Con),Gordon EDGAR (Ind),David BLACK (Ind),skipped,skipped,skipped,skipped,skipped,skipped,,9
2422,Michelle BALLANTYNE (Con),Gordon EDGAR (Ind),Nancy NORMAN (LD),skipped,skipped,skipped,skipped,skipped,skipped,,9
2423,Michelle BALLANTYNE (Con),Gordon EDGAR (Ind),Nancy NORMAN (LD),skipped,skipped,skipped,skipped,skipped,skipped,,9
2424,Michelle BALLANTYNE (Con),Gordon EDGAR (Ind),David BLACK (Ind),skipped,skipped,skipped,skipped,skipped,skipped,,9
2425,Michelle BALLANTYNE (Con),Gordon EDGAR (Ind),David BLACK (Ind),skipped,skipped,skipped,skipped,skipped,skipped,,9
2426,Michelle BALLANTYNE (Con),Gordon EDGAR (Ind),David BLACK (Ind),skipped,skipped,skipped,skipped,skipped,skipped,,9
2427,Michelle BALLANTYNE (Con),Gordon EDGAR (Ind),David BLACK (Ind),skipped,skipped,skipped,skipped,skipped,skipped,,9
2428,Michelle BALLANTYNE (Con),Gordon EDGAR (Ind),David BLACK (Ind),skipped,skipped,skipped,skipped,skipped,skipped,,9
2429,Michelle BALLANTYNE (Con),Gordon EDGAR (Ind),David BLACK (Ind),Kenneth GUNN (Ind),skipped,skipped,skipped,skipped,skipped,,9
2430,Michelle BALLANTYNE (Con),Gordon EDGAR (Ind),Nancy NORMAN (LD),skipped,skipped,skipped,skipped,skipped,skipped,,9
2431,Michelle BALLANTYNE (Con),Gordon EDGAR (Ind),Nancy NORMAN (LD),skipped,skipped,skipped,skipped,skipped,skipped,,9
2432,Michelle BALLANTYNE (Con),Gordon EDGAR (Ind),Nancy NORMAN (LD),Elaine THORNTON-NICOL (SNP),Barbara HARVIE (Grn),Scott REDPATH (Lab),David BLACK (Ind),Kenneth GUNN (Ind),skipped,,9
2433,Michelle BALLANTYNE (Con),Gordon EDGAR (Ind),Nancy NORMAN (LD),Barbara HARVIE (Grn),skipped,skipped,skipped,skipped,skipped,,9
2434,Michelle BALLANTYNE (Con),Gordon EDGAR (Ind),Nancy NORMAN (LD),Kenneth GUNN (Ind),David BLACK (Ind),Scott REDPATH (Lab),Barbara HARVIE (Grn),Elaine THORNTON-NICOL (SNP),skipped,,9
2435,Michelle BALLANTYNE (Con),Gordon EDGAR (Ind),Nancy NORMAN (LD),David BLACK (Ind),skipped,skipped,skipped,skipped,skipped,,9
2436,Michelle BALLANTYNE (Con),Gordon EDGAR (Ind),Nancy NORMAN (LD),David BLACK (Ind),Kenneth GUNN (Ind),Barbara HARVIE (Grn),skipped,skipped,skipped,,9
2437,Michelle BALLANTYNE (Con),Gordon EDGAR (Ind),Nancy NORMAN (LD),David BLACK (Ind),Scott REDPATH (Lab),Barbara HARVIE (Grn),Kenneth GUNN (Ind),Elaine THORNTON-NICOL (SNP),skipped,,9
2438,Michelle BALLANTYNE (Con),Gordon EDGAR (Ind),Nancy NORMAN (LD),Scott REDPATH (Lab),David BLACK (Ind),Barbara HARVIE (Grn),Kenneth GUNN (Ind),Elaine THORNTON-NICOL (SNP),skipped,,9
2439,Michelle BALLANTYNE (Con),Gordon EDGAR (Ind),Scott REDPATH (Lab),skipped,skipped,skipped,skipped,skipped,skipped,,9
2440,Michelle BALLANTYNE (Con),Gordon EDGAR (Ind),Scott REDPATH (Lab),Kenneth GUNN (Ind),skipped,skipped,skipped,skipped,skipped,,9
2441,Michelle BALLANTYNE (Con),Gordon EDGAR (Ind),Scott REDPATH (Lab),Kenneth GUNN (Ind),skipped,skipped,skipped,skipped,skipped,,9
2442,Michelle BALLANTYNE (Con),Gordon EDGAR (Ind),Scott REDPATH (Lab),Kenneth GUNN (Ind),Barbara HARVIE (Grn),Nancy NORMAN (LD),David BLACK (Ind),Elaine THORNTON-NICOL (SNP),skipped,,9
2443,Michelle BALLANTYNE (Con),Gordon EDGAR (Ind),Scott REDPATH (Lab),Barbara HARVIE (Grn),Kenneth GUNN (Ind),skipped,skipped,skipped,skipped,,9
2444,Michelle BALLANTYNE (Con),Gordon EDGAR (Ind),Scott REDPATH (Lab),Nancy NORMAN (LD),Barbara HARVIE (Grn),David BLACK (Ind),Kenneth GUNN (Ind),Elaine THORNTON-NICOL (SNP),skipped,,9
2445,Michelle BALLANTYNE (Con),Gordon EDGAR (Ind),Scott REDPATH (Lab),Nancy NORMAN (LD),David BLACK (Ind),skipped,skipped,skipped,skipped,,9
2446,Michelle BALLANTYNE (Con),Nancy NORMAN (LD),skipped,skipped,skipped,skipped,skipped,skipped,skipped,,9
2447,Michelle BALLANTYNE (Con),Nancy NORMAN (LD),skipped,skipped,skipped,skipped,skipped,skipped,skipped,,9
2448,Michelle BALLANTYNE (Con),Nancy NORMAN (LD),skipped,skipped,skipped,skipped,skipped,skipped,skipped,,9
2449,Michelle BALLANTYNE (Con),Nancy NORMAN (LD),skipped,skipped,skipped,skipped,skipped,skipped,skipped,,9
2450,Michelle BALLANTYNE (Con),Nancy NORMAN (LD),Kenneth GUNN (Ind),skipped,skipped,skipped,skipped,skipped,skipped,,9
2451,Michelle BALLANTYNE (Con),Nancy NORMAN (LD),Kenneth GUNN (Ind),skipped,skipped,skipped,skipped,skipped,skipped,,9
2452,Michelle BALLANTYNE (Con),Nancy NORMAN (LD),Kenneth GUNN (Ind),skipped,skipped,skipped,skipped,skipped,skipped,,9
2453,Michelle BALLANTYNE (Con),Nancy NORMAN (LD),Kenneth GUNN (Ind),Gordon EDGAR (Ind),skipped,skipped,skipped,skipped,skipped,,9
2454,Michelle BALLANTYNE (Con),Nancy NORMAN (LD),Barbara HARVIE (Grn),skipped,skipped,skipped,skipped,skipped,skipped,,9
2455,Michelle BALLANTYNE (Con),Nancy NORMAN (LD),Barbara HARVIE (Grn),skipped,skipped,skipped,skipped,skipped,skipped,,9
2456,Michelle BALLANTYNE (Con),Nancy NORMAN (LD),Barbara HARVIE (Grn),Gordon EDGAR (Ind),David BLACK (Ind),Scott REDPATH (Lab),Elaine THORNTON-NICOL (SNP),Kenneth GUNN (Ind),skipped,,9
2457,Michelle BALLANTYNE (Con),Nancy NORMAN (LD),skipped,skipped,skipped,skipped,skipped,skipped,skipped,,9
2458,Michelle BALLANTYNE (Con),Nancy NORMAN (LD),David BLACK (Ind),Gordon EDGAR (Ind),skipped,skipped,skipped,skipped,skipped,,9
2459,Michelle BALLANTYNE (Con),Nancy NORMAN (LD),David BLACK (Ind),skipped,skipped,skipped,skipped,skipped,skipped,,9
2460,Michelle BALLANTYNE (Con),Nancy NORMAN (LD),David BLACK (Ind),Gordon EDGAR (Ind),Kenneth GUNN (Ind),skipped,skipped,skipped,skipped,,9
2461,Michelle BALLANTYNE (Con),Nancy NORMAN (LD),David BLACK (Ind),Gordon EDGAR (Ind),Kenneth GUNN (Ind),skipped,skipped,skipped,skipped,,9
2462,Michelle BALLANTYNE (Con),Nancy NORMAN (LD),Gordon EDGAR (Ind),skipped,skipped,skipped,skipped,skipped,skipped,,9
2463,Michelle BALLANTYNE (Con),Nancy NORMAN (LD),Gordon EDGAR (Ind),skipped,skipped,skipped,skipped,skipped,skipped,,9
2464,Michelle BALLANTYNE (Con),Nancy NORMAN (LD),Gordon EDGAR (Ind),Kenneth GUNN (Ind),skipped,skipped,skipped,skipped,skipped,,9
2465,Michelle BALLANTYNE (Con),Nancy NORMAN (LD),Gordon EDGAR (Ind),David BLACK (Ind),Kenneth GUNN (Ind),Scott REDPATH (Lab),Barbara HARVIE (Grn),Elaine THORNTON-NICOL (SNP),skipped,,9
2466,Michelle BALLANTYNE (Con),Nancy NORMAN (LD),Gordon EDGAR (Ind),Scott REDPATH (Lab),Elaine THORNTON-NICOL (SNP),skipped,skipped,skipped,skipped,,9
2467,Michelle BALLANTYNE (Con),Nancy NORMAN (LD),Scott REDPATH (Lab),David BLACK (Ind),Barbara HARVIE (Grn),skipped,skipped,skipped,skipped,,9
2468,Michelle BALLANTYNE (Con),Scott REDPATH (Lab),skipped,skipped,skipped,skipped,skipped,skipped,skipped,,9
2469,Michelle BALLANTYNE (Con),Scott REDPATH (Lab),skipped,skipped,skipped,skipped,skipped,skipped,skipped,,9
2470,Michelle BALLANTYNE (Con),Scott REDPATH (Lab),skipped,skipped,skipped,skipped,skipped,skipped,skipped,,9
2471,Michelle BALLANTYNE (Con),Scott REDPATH (Lab),Kenneth GUNN (Ind),skipped,skipped,skipped,skipped,skipped,skipped,,9
2472,Michelle BALLANTYNE (Con),Scott REDPATH (Lab),Kenneth GUNN (Ind),Barbara HARVIE (Grn),David BLACK (Ind),Nancy NORMAN (LD),Elaine THORNTON-NICOL (SNP),Gordon EDGAR (Ind),skipped,,9
2473,Michelle BALLANTYNE (Con),Scott REDPATH (Lab),Barbara HARVIE (Grn),skipped,skipped,skipped,skipped,skipped,skipped,,9
2474,Michelle BALLANTYNE (Con),Scott REDPATH (Lab),skipped,skipped,skipped,skipped,skipped,skipped,skipped,,9
2475,Michelle BALLANTYNE (Con),Scott REDPATH (Lab),skipped,skipped,skipped,skipped,skipped,skipped,skipped,,9
2476,Michelle BALLANTYNE (Con),Scott REDPATH (Lab),David BLACK (Ind),Gordon EDGAR (Ind),Kenneth GUNN (Ind),Nancy NORMAN (LD),skipped,skipped,skipped,,9
2477,Michelle BALLANTYNE (Con),Scott REDPATH (Lab),Gordon EDGAR (Ind),skipped,skipped,skipped,skipped,skipped,skipped,,9
2478,Michelle BALLANTYNE (Con),Scott REDPATH (Lab),Gordon EDGAR (Ind),skipped,skipped,skipped,skipped,skipped,skipped,,9
2479,Michelle BALLANTYNE (Con),Scott REDPATH (Lab),Gordon EDGAR (Ind),skipped,skipped,skipped,skipped,skipped,skipped,,9
2480,Michelle BALLANTYNE (Con),Scott REDPATH (Lab),Gordon EDGAR (Ind),Barbara HARVIE (Grn),Kenneth GUNN (Ind),skipped,skipped,skipped,skipped,,9
2481,Michelle BALLANTYNE (Con),Scott REDPATH (Lab),Gordon EDGAR (Ind),David BLACK (Ind),Kenneth GUNN (Ind),Barbara HARVIE (Grn),Nancy NORMAN (LD),Elaine THORNTON-NICOL (SNP),skipped,,9
2482,Michelle BALLANTYNE (Con),Scott REDPATH (Lab),Nancy NORMAN (LD),skipped,skipped,skipped,skipped,skipped,skipped,,9
2483,skipped,skipped,skipped,skipped,skipped,skipped,skipped,skipped,skipped,,9
2484,skipped,skipped,skipped,skipped,skipped,skipped,skipped,skipped,skipped,,9
2485,skipped,skipped,skipped,skipped,skipped,skipped,skipped,skipped,skipped,,9
2486,skipped,skipped,skipped,skipped,skipped,skipped,skipped,skipped,skipped,,9
2487,skipped,skipped,skipped,skipped,skipped,skipped,skipped,skipped,skipped,,9
2488,skipped,skipped,skipped,skipped,skipped,skipped,skipped,skipped,skipped,,9
2489,skipped,skipped,skipped,skipped,skipped,skipped,skipped,skipped,skipped,,9
2490,skipped,skipped,skipped,skipped,skipped,skipped,skipped,skipped,skipped,,9
2491,skipped,skipped,skipped,skipped,skipped,skipped,skipped,skipped,skipped,,9
2492,skipped,skipped,skipped,skipped,skipped,skipped,skipped,skipped,skipped,,9
2493,skipped,skipped,skipped,skipped,skipped,skipped,skipped,skipped,skipped,,9
2494,skipped,skipped,skipped,skipped,skipped,skipped,skipped,skipped,skipped,,9
2495,skipped,skipped,skipped,skipped,skipped,skipped,skipped,skipped,skipped,,9
2496,skipped,skipped,skipped,skipped,skipped,skipped,skipped,skipped,skipped,,9
2497,skipped,skipped,skipped,skipped,skipped,skipped,skipped,skipped,skipped,,9
2498,skipped,skipped,skipped,skipped,skipped,skipped,skipped,skipped,skipped,,9
2499,skipped,skipped,skipped,skipped,skipped,skipped,skipped,skipped,skipped,,9
2500,skipped,skipped,skipped,skipped,skipped,skipped,skipped,skipped,skipped,,9
2501,skipped,skipped,skipped,skipped,skipped,skipped,skipped,skipped,skipped,,9
2502,skipped,skipped,skipped,skipped,skipped,skipped,skipped,skipped,skipped,,9
2503,skipped,skipped,skipped,skipped,skipped,skipped,skipped,skipped,skipped,,9
2504,skipped,skipped,skipped,skipped,skipped,skipped,skipped,skipped,skipped,,9
2505,skipped,skipped,skipped,skipped,skipped,skipped,skipped,skipped,skipped,,9
2506,skipped,skipped,skipped,skipped,skipped,skipped,skipped,skipped,skipped,,9
2507,skipped,skipped,skipped,skipped,skipped,skipped,skipped,skipped,skipped,,9
2508,skipped,skipped,skipped,skipped,skipped,skipped,skipped,skipped,skipped,,9
2509,skipped,skipped,skipped,skipped,skipped,skipped,skipped,skipped,skipped,,9
2510,skipped,skipped,skipped,skipped,skipped,skipped,skipped,skipped,skipped,,9
2511,Kenneth GUNN (Ind),Barbara HARVIE (Grn),skipped,skipped,skipped,skipped,skipped,skipped,skipped,,9
2512,Kenneth GUNN (Ind),Michelle BALLANTYNE (Con),skipped,skipped,skipped,skipped,skipped,skipped,skipped,,9
2513,Kenneth GUNN (Ind),David BLACK (Ind),skipped,skipped,skipped,skipped,skipped,skipped,skipped,,9
2514,Kenneth GUNN (Ind),Gordon EDGAR (Ind),skipped,skipped,skipped,skipped,skipped,skipped,skipped,,9
2515,Kenneth GUNN (Ind),Nancy NORMAN (LD),skipped,skipped,skipped,skipped,skipped,skipped,skipped,,9
2516,Kenneth GUNN (Ind),Nancy NORMAN (LD),skipped,skipped,skipped,skipped,skipped,skipped,skipped,,9
2517,Elaine THORNTON-NICOL (SNP),skipped,skipped,skipped,skipped,skipped,skipped,skipped,skipped,,9
2518,Elaine THORNTON-NICOL (SNP),Gordon EDGAR (Ind),skipped,skipped,skipped,skipped,skipped,skipped,skipped,,9
2519,Elaine THORNTON-NICOL (SNP),Gordon EDGAR (Ind),skipped,skipped,skipped,skipped,skipped,skipped,skipped,,9
2520,Elaine THORNTON-NICOL (SNP),Scott REDPATH (Lab),David BLACK (Ind),skipped,skipped,skipped,skipped,skipped,skipped,,9
2521,Barbara HARVIE (Grn),skipped,skipped,skipped,skipped,skipped,skipped,skipped,skipped,,9
2522,Barbara HARVIE (Grn),Elaine THORNTON-NICOL (SNP),skipped,skipped,skipped,skipped,skipped,skipped,skipped,,9
2523,Barbara HARVIE (Grn),Michelle BALLANTYNE (Con),skipped,skipped,skipped,skipped,skipped,skipped,skipped,,9
2524,Barbara HARVIE (Grn),Michelle BALLANTYNE (Con),David BLACK (Ind),skipped,skipped,skipped,skipped,skipped,skipped,,9
2525,Barbara HARVIE (Grn),Nancy NORMAN (LD),David BLACK (Ind),Gordon EDGAR (Ind),Kenneth GUNN (Ind),Michelle BALLANTYNE (Con),Scott REDPATH (Lab),Elaine THORNTON-NICOL (SNP),skipped,,9
2526,Michelle BALLANTYNE (Con),skipped,skipped,skipped,skipped,skipped,skipped,skipped,skipped,,9
2527,Michelle BALLANTYNE (Con),skipped,skipped,skipped,skipped,skipped,skipped,skipped,skipped,,9
2528,Michelle BALLANTYNE (Con),skipped,skipped,skipped,skipped,skipped,skipped,skipped,skipped,,9
2529,Michelle BALLANTYNE (Con),skipped,skipped,skipped,skipped,skipped,skipped,skipped,skipped,,9
2530,Michelle BALLANTYNE (Con),skipped,skipped,skipped,skipped,skipped,skipped,skipped,skipped,,9
2531,Michelle BALLANTYNE (Con),skipped,skipped,skipped,skipped,skipped,skipped,skipped,skipped,,9
2532,Michelle BALLANTYNE (Con),skipped,skipped,skipped,skipped,skipped,skipped,skipped,skipped,,9
2533,Michelle BALLANTYNE (Con),skipped,skipped,skipped,skipped,skipped,skipped,skipped,skipped,,9
2534,Michelle BALLANTYNE (Con),skipped,skipped,skipped,skipped,skipped,skipped,skipped,skipped,,9
2535,Michelle BALLANTYNE (Con),skipped,skipped,skipped,skipped,skipped,skipped,skipped,skipped,,9
2536,Michelle BALLANTYNE (Con),skipped,skipped,skipped,skipped,skipped,skipped,skipped,skipped,,9
2537,Michelle BALLANTYNE (Con),skipped,skipped,skipped,skipped,skipped,skipped,skipped,skipped,,9
2538,Michelle BALLANTYNE (Con),skipped,skipped,skipped,skipped,skipped,skipped,skipped,skipped,,9
2539,Michelle BALLANTYNE (Con),skipped,skipped,skipped,skipped,skipped,skipped,skipped,skipped,,9
2540,Michelle BALLANTYNE (Con),skipped,skipped,skipped,skipped,skipped,skipped,skipped,skipped,,9
2541,Michelle BALLANTYNE (Con),skipped,skipped,skipped,skipped,skipped,skipped,skipped,skipped,,9
2542,Michelle BALLANTYNE (Con),skipped,skipped,skipped,skipped,skipped,skipped,skipped,skipped,,9
2543,Michelle BALLANTYNE (Con),skipped,skipped,skipped,skipped,skipped,skipped,skipped,skipped,,9
2544,Michelle BALLANTYNE (Con),skipped,skipped,skipped,skipped,skipped,skipped,skipped,skipped,,9
2545,Michelle BALLANTYNE (Con),skipped,skipped,skipped,skipped,skipped,skipped,skipped,skipped,,9
2546,Michelle BALLANTYNE (Con),skipped,skipped,skipped,skipped,skipped,skipped,skipped,skipped,,9
2547,Michelle BALLANTYNE (Con),skipped,skipped,skipped,skipped,skipped,skipped,skipped,skipped,,9
2548,Michelle BALLANTYNE (Con),skipped,skipped,skipped,skipped,skipped,skipped,skipped,skipped,,9
2549,Michelle BALLANTYNE (Con),skipped,skipped,skipped,skipped,skipped,skipped,skipped,skipped,,9
2550,Michelle BALLANTYNE (Con),skipped,skipped,skipped,skipped,skipped,skipped,skipped,skipped,,9
2551,Michelle BALLANTYNE (Con),skipped,skipped,skipped,skipped,skipped,skipped,skipped,skipped,,9
2552,Michelle BALLANTYNE (Con),skipped,skipped,skipped,skipped,skipped,skipped,skipped,skipped,,9
2553,Michelle BALLANTYNE (Con),skipped,skipped,skipped,skipped,skipped,skipped,skipped,skipped,,9
2554,Michelle BALLANTYNE (Con),skipped,skipped,skipped,skipped,skipped,skipped,skipped,skipped,,9
2555,Michelle BALLANTYNE (Con),skipped,skipped,skipped,skipped,skipped,skipped,skipped,skipped,,9
2556,Michelle BALLANTYNE (Con),skipped,skipped,skipped,skipped,skipped,skipped,skipped,skipped,,9
2557,Michelle BALLANTYNE (Con),skipped,skipped,skipped,skipped,skipped,skipped,skipped,skipped,,9
2558,Michelle BALLANTYNE (Con),skipped,skipped,skipped,skipped,skipped,skipped,skipped,skipped,,9
2559,Michelle BALLANTYNE (Con),skipped,skipped,skipped,skipped,skipped,skipped,skipped,skipped,,9
2560,Michelle BALLANTYNE (Con),skipped,skipped,skipped,skipped,skipped,skipped,skipped,skipped,,9
2561,Michelle BALLANTYNE (Con),skipped,skipped,skipped,skipped,skipped,skipped,skipped,skipped,,9
2562,Michelle BALLANTYNE (Con),skipped,skipped,skipped,skipped,skipped,skipped,skipped,skipped,,9
2563,Michelle BALLANTYNE (Con),skipped,skipped,skipped,skipped,skipped,skipped,skipped,skipped,,9
2564,Michelle BALLANTYNE (Con),skipped,skipped,skipped,skipped,skipped,skipped,skipped,skipped,,9
2565,Michelle BALLANTYNE (Con),skipped,skipped,skipped,skipped,skipped,skipped,skipped,skipped,,9
2566,Michelle BALLANTYNE (Con),skipped,skipped,skipped,skipped,skipped,skipped,skipped,skipped,,9
2567,Michelle BALLANTYNE (Con),skipped,skipped,skipped,skipped,skipped,skipped,skipped,skipped,,9
2568,Michelle BALLANTYNE (Con),skipped,skipped,skipped,skipped,skipped,skipped,skipped,skipped,,9
2569,Michelle BALLANTYNE (Con),skipped,skipped,skipped,skipped,skipped,skipped,skipped,skipped,,9
2570,Michelle BALLANTYNE (Con),skipped,skipped,skipped,skipped,skipped,skipped,skipped,skipped,,9
2571,Michelle BALLANTYNE (Con),skipped,skipped,skipped,skipped,skipped,skipped,skipped,skipped,,9
2572,Michelle BALLANTYNE (Con),skipped,skipped,skipped,skipped,skipped,skipped,skipped,skipped,,9
2573,Michelle BALLANTYNE (Con),skipped,skipped,skipped,skipped,skipped,skipped,skipped,skipped,,9
2574,Michelle BALLANTYNE (Con),skipped,skipped,skipped,skipped,skipped,skipped,skipped,skipped,,9
2575,Michelle BALLANTYNE (Con),skipped,skipped,skipped,skipped,skipped,skipped,skipped,skipped,,9
2576,Michelle BALLANTYNE (Con),skipped,skipped,skipped,skipped,skipped,skipped,skipped,skipped,,9
2577,Michelle BALLANTYNE (Con),skipped,skipped,skipped,skipped,skipped,skipped,skipped,skipped,,9
2578,Michelle BALLANTYNE (Con),skipped,skipped,skipped,skipped,skipped,skipped,skipped,skipped,,9
2579,Michelle BALLANTYNE (Con),skipped,skipped,skipped,skipped,skipped,skipped,skipped,skipped,,9
2580,Michelle BALLANTYNE (Con),skipped,skipped,skipped,skipped,skipped,skipped,skipped,skipped,,9
2581,Michelle BALLANTYNE (Con),skipped,skipped,skipped,skipped,skipped,skipped,skipped,skipped,,9
2582,Michelle BALLANTYNE (Con),skipped,skipped,skipped,skipped,skipped,skipped,skipped,skipped,,9
2583,Michelle BALLANTYNE (Con),skipped,skipped,skipped,skipped,skipped,skipped,skipped,skipped,,9
2584,Michelle BALLANTYNE (Con),skipped,skipped,skipped,skipped,skipped,skipped,skipped,skipped,,9
2585,Michelle BALLANTYNE (Con),skipped,skipped,skipped,skipped,skipped,skipped,skipped,skipped,,9
2586,Michelle BALLANTYNE (Con),skipped,skipped,skipped,skipped,skipped,skipped,skipped,skipped,,9
2587,Michelle BALLANTYNE (Con),skipped,skipped,skipped,skipped,skipped,skipped,skipped,skipped,,9
2588,Michelle BALLANTYNE (Con),skipped,skipped,skipped,skipped,skipped,skipped,skipped,skipped,,9
2589,Michelle BALLANTYNE (Con),skipped,skipped,skipped,skipped,skipped,skipped,skipped,skipped,,9
2590,Michelle BALLANTYNE (Con),skipped,skipped,skipped,skipped,skipped,skipped,skipped,skipped,,9
2591,Michelle BALLANTYNE (Con),skipped,skipped,skipped,skipped,skipped,skipped,skipped,skipped,,9
2592,Michelle BALLANTYNE (Con),skipped,skipped,skipped,skipped,skipped,skipped,skipped,skipped,,9
2593,Michelle BALLANTYNE (Con),skipped,skipped,skipped,skipped,skipped,skipped,skipped,skipped,,9
2594,Michelle BALLANTYNE (Con),skipped,skipped,skipped,skipped,skipped,skipped,skipped,skipped,,9
2595,Michelle BALLANTYNE (Con),skipped,skipped,skipped,skipped,skipped,skipped,skipped,skipped,,9
2596,Michelle BALLANTYNE (Con),skipped,skipped,skipped,skipped,skipped,skipped,skipped,skipped,,9
2597,Michelle BALLANTYNE (Con),skipped,skipped,skipped,skipped,skipped,skipped,skipped,skipped,,9
2598,Michelle BALLANTYNE (Con),skipped,skipped,skipped,skipped,skipped,skipped,skipped,skipped,,9
2599,Michelle BALLANTYNE (Con),skipped,skipped,skipped,skipped,skipped,skipped,skipped,skipped,,9
2600,Michelle BALLANTYNE (Con),skipped,skipped,skipped,skipped,skipped,skipped,skipped,skipped,,9
2601,Michelle BALLANTYNE (Con),skipped,skipped,skipped,skipped,skipped,skipped,skipped,skipped,,9
2602,Michelle BALLANTYNE (Con),skipped,skipped,skipped,skipped,skipped,skipped,skipped,skipped,,9
2603,Michelle BALLANTYNE (Con),skipped,skipped,skipped,skipped,skipped,skipped,skipped,skipped,,9
2604,Michelle BALLANTYNE (Con),skipped,skipped,skipped,skipped,skipped,skipped,skipped,skipped,,9
2605,Michelle BALLANTYNE (Con),skipped,skipped,skipped,skipped,skipped,skipped,skipped,skipped,,9
2606,Michelle BALLANTYNE (Con),skipped,skipped,skipped,skipped,skipped,skipped,skipped,skipped,,9
2607,Michelle BALLANTYNE (Con),skipped,skipped,skipped,skipped,skipped,skipped,skipped,skipped,,9
2608,Michelle BALLANTYNE (Con),skipped,skipped,skipped,skipped,skipped,skipped,skipped,skipped,,9
2609,Michelle BALLANTYNE (Con),skipped,skipped,skipped,skipped,skipped,skipped,skipped,skipped,,9
2610,Michelle BALLANTYNE (Con),skipped,skipped,skipped,skipped,skipped,skipped,skipped,skipped,,9
2611,Michelle BALLANTYNE (Con),skipped,skipped,skipped,skipped,skipped,skipped,skipped,skipped,,9
2612,Michelle BALLANTYNE (Con),skipped,skipped,skipped,skipped,skipped,skipped,skipped,skipped,,9
2613,Michelle BALLANTYNE (Con),skipped,skipped,skipped,skipped,skipped,skipped,skipped,skipped,,9
2614,Michelle BALLANTYNE (Con),skipped,skipped,skipped,skipped,skipped,skipped,skipped,skipped,,9
2615,Michelle BALLANTYNE (Con),skipped,skipped,skipped,skipped,skipped,skipped,skipped,skipped,,9
2616,Michelle BALLANTYNE (Con),skipped,skipped,skipped,skipped,skipped,skipped,skipped,skipped,,9
2617,Michelle BALLANTYNE (Con),skipped,skipped,skipped,skipped,skipped,skipped,skipped,skipped,,9
2618,Michelle BALLANTYNE (Con),skipped,skipped,skipped,skipped,skipped,skipped,skipped,skipped,,9
2619,Michelle BALLANTYNE (Con),skipped,skipped,skipped,skipped,skipped,skipped,skipped,skipped,,9
2620,Michelle BALLANTYNE (Con),skipped,skipped,skipped,skipped,skipped,skipped,skipped,skipped,,9
2621,Michelle BALLANTYNE (Con),skipped,skipped,skipped,skipped,skipped,skipped,skipped,skipped,,9
2622,Michelle BALLANTYNE (Con),skipped,skipped,skipped,skipped,skipped,skipped,skipped,skipped,,9
2623,Michelle BALLANTYNE (Con),skipped,skipped,skipped,skipped,skipped,skipped,skipped,skipped,,9
2624,Michelle BALLANTYNE (Con),skipped,skipped,skipped,skipped,skipped,skipped,skipped,skipped,,9
2625,Michelle BALLANTYNE (Con),skipped,skipped,skipped,skipped,skipped,skipped,skipped,skipped,,9
2626,Michelle BALLANTYNE (Con),skipped,skipped,skipped,skipped,skipped,skipped,skipped,skipped,,9
2627,Michelle BALLANTYNE (Con),skipped,skipped,skipped,skipped,skipped,skipped,skipped,skipped,,9
2628,Michelle BALLANTYNE (Con),skipped,skipped,skipped,skipped,skipped,skipped,skipped,skipped,,9
2629,Michelle BALLANTYNE (Con),skipped,skipped,skipped,skipped,skipped,skipped,skipped,skipped,,9
2630,Michelle BALLANTYNE (Con),skipped,skipped,skipped,skipped,skipped,skipped,skipped,skipped,,9
2631,Michelle BALLANTYNE (Con),skipped,skipped,skipped,skipped,skipped,skipped,skipped,skipped,,9
2632,Michelle BALLANTYNE (Con),skipped,skipped,skipped,skipped,skipped,skipped,skipped,skipped,,9
2633,Michelle BALLANTYNE (Con),skipped,skipped,skipped,skipped,skipped,skipped,skipped,skipped,,9
2634,Michelle BALLANTYNE (Con),skipped,skipped,skipped,skipped,skipped,skipped,skipped,skipped,,9
2635,Michelle BALLANTYNE (Con),skipped,skipped,skipped,skipped,skipped,skipped,skipped,skipped,,9
2636,Michelle BALLANTYNE (Con),skipped,skipped,skipped,skipped,skipped,skipped,skipped,skipped,,9
2637,Michelle BALLANTYNE (Con),skipped,skipped,skipped,skipped,skipped,skipped,skipped,skipped,,9
2638,Michelle BALLANTYNE (Con),skipped,skipped,skipped,skipped,skipped,skipped,skipped,skipped,,9
2639,Michelle BALLANTYNE (Con),skipped,skipped,skipped,skipped,skipped,skipped,skipped,skipped,,9
2640,Michelle BALLANTYNE (Con),skipped,skipped,skipped,skipped,skipped,skipped,skipped,skipped,,9
2641,Michelle BALLANTYNE (Con),skipped,skipped,skipped,skipped,skipped,skipped,skipped,skipped,,9
2642,Michelle BALLANTYNE (Con),skipped,skipped,skipped,skipped,skipped,skipped,skipped,skipped,,9
2643,Michelle BALLANTYNE (Con),skipped,skipped,skipped,skipped,skipped,skipped,skipped,skipped,,9
2644,Michelle BALLANTYNE (Con),skipped,skipped,skipped,skipped,skipped,skipped,skipped,skipped,,9
2645,Michelle BALLANTYNE (Con),skipped,skipped,skipped,skipped,skipped,skipped,skipped,skipped,,9
2646,Michelle BALLANTYNE (Con),skipped,skipped,skipped,skipped,skipped,skipped,skipped,skipped,,9
2647,Michelle BALLANTYNE (Con),skipped,skipped,skipped,skipped,skipped,skipped,skipped,skipped,,9
2648,Michelle BALLANTYNE (Con),skipped,skipped,skipped,skipped,skipped,skipped,skipped,skipped,,9
2649,Michelle BALLANTYNE (Con),skipped,skipped,skipped,skipped,skipped,skipped,skipped,skipped,,9
2650,Michelle BALLANTYNE (Con),skipped,skipped,skipped,skipped,skipped,skipped,skipped,skipped,,9
2651,Michelle BALLANTYNE (Con),skipped,skipped,skipped,skipped,skipped,skipped,skipped,skipped,,9
2652,Michelle BALLANTYNE (Con),skipped,skipped,skipped,skipped,skipped,skipped,skipped,skipped,,9
2653,Michelle BALLANTYNE (Con),skipped,skipped,skipped,skipped,skipped,skipped,skipped,skipped,,9
2654,Michelle BALLANTYNE (Con),skipped,skipped,skipped,skipped,skipped,skipped,skipped,skipped,,9
2655,Michelle BALLANTYNE (Con),skipped,skipped,skipped,skipped,skipped,skipped,skipped,skipped,,9
2656,Michelle BALLANTYNE (Con),skipped,skipped,skipped,skipped,skipped,skipped,skipped,skipped,,9
2657,Michelle BALLANTYNE (Con),skipped,skipped,skipped,skipped,skipped,skipped,skipped,skipped,,9
2658,Michelle BALLANTYNE (Con),skipped,skipped,skipped,skipped,skipped,skipped,skipped,skipped,,9
2659,Michelle BALLANTYNE (Con),skipped,skipped,skipped,skipped,skipped,skipped,skipped,skipped,,9
2660,Michelle BALLANTYNE (Con),skipped,skipped,skipped,skipped,skipped,skipped,skipped,skipped,,9
2661,Michelle BALLANTYNE (Con),skipped,skipped,skipped,skipped,skipped,skipped,skipped,skipped,,9
2662,Michelle BALLANTYNE (Con),skipped,skipped,skipped,skipped,skipped,skipped,skipped,skipped,,9
2663,Michelle BALLANTYNE (Con),skipped,skipped,skipped,skipped,skipped,skipped,skipped,skipped,,9
2664,Michelle BALLANTYNE (Con),skipped,skipped,skipped,skipped,skipped,skipped,skipped,skipped,,9
2665,Michelle BALLANTYNE (Con),skipped,skipped,skipped,skipped,skipped,skipped,skipped,skipped,,9
2666,Michelle BALLANTYNE (Con),skipped,skipped,skipped,skipped,skipped,skipped,skipped,skipped,,9
2667,Michelle BALLANTYNE (Con),skipped,skipped,skipped,skipped,skipped,skipped,skipped,skipped,,9
2668,Michelle BALLANTYNE (Con),skipped,skipped,skipped,skipped,skipped,skipped,skipped,skipped,,9
2669,Michelle BALLANTYNE (Con),skipped,skipped,skipped,skipped,skipped,skipped,skipped,skipped,,9
2670,Michelle BALLANTYNE (Con),skipped,skipped,skipped,skipped,skipped,skipped,skipped,skipped,,9
2671,Michelle BALLANTYNE (Con),skipped,skipped,skipped,skipped,skipped,skipped,skipped,skipped,,9
2672,Michelle BALLANTYNE (Con),skipped,skipped,skipped,skipped,skipped,skipped,skipped,skipped,,9
2673,Michelle BALLANTYNE (Con),skipped,skipped,skipped,skipped,skipped,skipped,skipped,skipped,,9
2674,Michelle BALLANTYNE (Con),skipped,skipped,skipped,skipped,skipped,skipped,skipped,skipped,,9
2675,Michelle BALLANTYNE (Con),skipped,skipped,skipped,skipped,skipped,skipped,skipped,skipped,,9
2676,Michelle BALLANTYNE (Con),skipped,skipped,skipped,skipped,skipped,skipped,skipped,skipped,,9
2677,Michelle BALLANTYNE (Con),skipped,skipped,skipped,skipped,skipped,skipped,skipped,skipped,,9
2678,Michelle BALLANTYNE (Con),skipped,skipped,skipped,skipped,skipped,skipped,skipped,skipped,,9
2679,Michelle BALLANTYNE (Con),skipped,skipped,skipped,skipped,skipped,skipped,skipped,skipped,,9
2680,Michelle BALLANTYNE (Con),skipped,skipped,skipped,skipped,skipped,skipped,skipped,skipped,,9
2681,Michelle BALLANTYNE (Con),skipped,skipped,skipped,skipped,skipped,skipped,skipped,skipped,,9
2682,Michelle BALLANTYNE (Con),skipped,skipped,skipped,skipped,skipped,skipped,skipped,skipped,,9
2683,Michelle BALLANTYNE (Con),skipped,skipped,skipped,skipped,skipped,skipped,skipped,skipped,,9
2684,Michelle BALLANTYNE (Con),skipped,skipped,skipped,skipped,skipped,skipped,skipped,skipped,,9
2685,Michelle BALLANTYNE (Con),skipped,skipped,skipped,skipped,skipped,skipped,skipped,skipped,,9
2686,Michelle BALLANTYNE (Con),skipped,skipped,skipped,skipped,skipped,skipped,skipped,skipped,,9
2687,Michelle BALLANTYNE (Con),skipped,skipped,skipped,skipped,skipped,skipped,skipped,skipped,,9
2688,Michelle BALLANTYNE (Con),skipped,skipped,skipped,skipped,skipped,skipped,skipped,skipped,,9
2689,Michelle BALLANTYNE (Con),skipped,skipped,skipped,skipped,skipped,skipped,skipped,skipped,,9
2690,Michelle BALLANTYNE (Con),skipped,skipped,skipped,skipped,skipped,skipped,skipped,skipped,,9
2691,Michelle BALLANTYNE (Con),skipped,skipped,skipped,skipped,skipped,skipped,skipped,skipped,,9
2692,Michelle BALLANTYNE (Con),skipped,skipped,skipped,skipped,skipped,skipped,skipped,skipped,,9
2693,Michelle BALLANTYNE (Con),skipped,skipped,skipped,skipped,skipped,skipped,skipped,skipped,,9
2694,Michelle BALLANTYNE (Con),skipped,skipped,skipped,skipped,skipped,skipped,skipped,skipped,,9
2695,Michelle BALLANTYNE (Con),skipped,skipped,skipped,skipped,skipped,skipped,skipped,skipped,,9
2696,Michelle BALLANTYNE (Con),skipped,skipped,skipped,skipped,skipped,skipped,skipped,skipped,,9
2697,Michelle BALLANTYNE (Con),skipped,skipped,skipped,skipped,skipped,skipped,skipped,skipped,,9
2698,Michelle BALLANTYNE (Con),skipped,skipped,skipped,skipped,skipped,skipped,skipped,skipped,,9
2699,Michelle BALLANTYNE (Con),skipped,skipped,skipped,skipped,skipped,skipped,skipped,skipped,,9
2700,Michelle BALLANTYNE (Con),skipped,skipped,skipped,skipped,skipped,skipped,skipped,skipped,,9
2701,Michelle BALLANTYNE (Con),skipped,skipped,skipped,skipped,skipped,skipped,skipped,skipped,,9
2702,Michelle BALLANTYNE (Con),skipped,skipped,skipped,skipped,skipped,skipped,skipped,skipped,,9
2703,Michelle BALLANTYNE (Con),skipped,skipped,skipped,skipped,skipped,skipped,skipped,skipped,,9
2704,Michelle BALLANTYNE (Con),skipped,skipped,skipped,skipped,skipped,skipped,skipped,skipped,,9
2705,Michelle BALLANTYNE (Con),skipped,skipped,skipped,skipped,skipped,skipped,skipped,skipped,,9
2706,Michelle BALLANTYNE (Con),skipped,skipped,skipped,skipped,skipped,skipped,skipped,skipped,,9
2707,Michelle BALLANTYNE (Con),skipped,skipped,skipped,skipped,skipped,skipped,skipped,skipped,,9
2708,Michelle BALLANTYNE (Con),skipped,skipped,skipped,skipped,skipped,skipped,skipped,skipped,,9
2709,Michelle BALLANTYNE (Con),skipped,skipped,skipped,skipped,skipped,skipped,skipped,skipped,,9
2710,Michelle BALLANTYNE (Con),skipped,skipped,skipped,skipped,skipped,skipped,skipped,skipped,,9
2711,Michelle BALLANTYNE (Con),skipped,skipped,skipped,skipped,skipped,skipped,skipped,skipped,,9
2712,Michelle BALLANTYNE (Con),skipped,skipped,skipped,skipped,skipped,skipped,skipped,skipped,,9
2713,Michelle BALLANTYNE (Con),skipped,skipped,skipped,skipped,skipped,skipped,skipped,skipped,,9
2714,Michelle BALLANTYNE (Con),skipped,skipped,skipped,skipped,skipped,skipped,skipped,skipped,,9
2715,Michelle BALLANTYNE (Con),skipped,skipped,skipped,skipped,skipped,skipped,skipped,skipped,,9
2716,Michelle BALLANTYNE (Con),skipped,skipped,skipped,skipped,skipped,skipped,skipped,skipped,,9
2717,Michelle BALLANTYNE (Con),skipped,skipped,skipped,skipped,skipped,skipped,skipped,skipped,,9
2718,Michelle BALLANTYNE (Con),skipped,skipped,skipped,skipped,skipped,skipped,skipped,skipped,,9
2719,Michelle BALLANTYNE (Con),skipped,skipped,skipped,skipped,skipped,skipped,skipped,skipped,,9
2720,Michelle BALLANTYNE (Con),skipped,skipped,skipped,skipped,skipped,skipped,skipped,skipped,,9
2721,Michelle BALLANTYNE (Con),skipped,skipped,skipped,skipped,skipped,skipped,skipped,skipped,,9
2722,Michelle BALLANTYNE (Con),skipped,skipped,skipped,skipped,skipped,skipped,skipped,skipped,,9
2723,Michelle BALLANTYNE (Con),skipped,skipped,skipped,skipped,skipped,skipped,skipped,skipped,,9
2724,Michelle BALLANTYNE (Con),skipped,skipped,skipped,skipped,skipped,skipped,skipped,skipped,,9
2725,Michelle BALLANTYNE (Con),skipped,skipped,skipped,skipped,skipped,skipped,skipped,skipped,,9
2726,Michelle BALLANTYNE (Con),skipped,skipped,skipped,skipped,skipped,skipped,skipped,skipped,,9
2727,Michelle BALLANTYNE (Con),skipped,skipped,skipped,skipped,skipped,skipped,skipped,skipped,,9
2728,Michelle BALLANTYNE (Con),skipped,skipped,skipped,skipped,skipped,skipped,skipped,skipped,,9
2729,Michelle BALLANTYNE (Con),skipped,skipped,skipped,skipped,skipped,skipped,skipped,skipped,,9
2730,Michelle BALLANTYNE (Con),skipped,skipped,skipped,skipped,skipped,skipped,skipped,skipped,,9
2731,Michelle BALLANTYNE (Con),skipped,skipped,skipped,skipped,skipped,skipped,skipped,skipped,,9
2732,Michelle BALLANTYNE (Con),skipped,skipped,skipped,skipped,skipped,skipped,skipped,skipped,,9
2733,Michelle BALLANTYNE (Con),skipped,skipped,skipped,skipped,skipped,skipped,skipped,skipped,,9
2734,Michelle BALLANTYNE (Con),skipped,skipped,skipped,skipped,skipped,skipped,skipped,skipped,,9
2735,Michelle BALLANTYNE (Con),skipped,skipped,skipped,skipped,skipped,skipped,skipped,skipped,,9
2736,Michelle BALLANTYNE (Con),skipped,skipped,skipped,skipped,skipped,skipped,skipped,skipped,,9
2737,Michelle BALLANTYNE (Con),skipped,skipped,skipped,skipped,skipped,skipped,skipped,skipped,,9
2738,Michelle BALLANTYNE (Con),skipped,skipped,skipped,skipped,skipped,skipped,skipped,skipped,,9
2739,Michelle BALLANTYNE (Con),skipped,skipped,skipped,skipped,skipped,skipped,skipped,skipped,,9
2740,Michelle BALLANTYNE (Con),skipped,skipped,skipped,skipped,skipped,skipped,skipped,skipped,,9
2741,Michelle BALLANTYNE (Con),skipped,skipped,skipped,skipped,skipped,skipped,skipped,skipped,,9
2742,Michelle BALLANTYNE (Con),skipped,skipped,skipped,skipped,skipped,skipped,skipped,skipped,,9
2743,Michelle BALLANTYNE (Con),skipped,skipped,skipped,skipped,skipped,skipped,skipped,skipped,,9
2744,Michelle BALLANTYNE (Con),skipped,skipped,skipped,skipped,skipped,skipped,skipped,skipped,,9
2745,Michelle BALLANTYNE (Con),skipped,skipped,skipped,skipped,skipped,skipped,skipped,skipped,,9
2746,Michelle BALLANTYNE (Con),skipped,skipped,skipped,skipped,skipped,skipped,skipped,skipped,,9
2747,Michelle BALLANTYNE (Con),skipped,skipped,skipped,skipped,skipped,skipped,skipped,skipped,,9
2748,Michelle BALLANTYNE (Con),skipped,skipped,skipped,skipped,skipped,skipped,skipped,skipped,,9
2749,Michelle BALLANTYNE (Con),skipped,skipped,skipped,skipped,skipped,skipped,skipped,skipped,,9
2750,Michelle BALLANTYNE (Con),skipped,skipped,skipped,skipped,skipped,skipped,skipped,skipped,,9
2751,Michelle BALLANTYNE (Con),skipped,skipped,skipped,skipped,skipped,skipped,skipped,skipped,,9
2752,Michelle BALLANTYNE (Con),skipped,skipped,skipped,skipped,skipped,skipped,skipped,skipped,,9
2753,Michelle BALLANTYNE (Con),skipped,skipped,skipped,skipped,skipped,skipped,skipped,skipped,,9
2754,Michelle BALLANTYNE (Con),skipped,skipped,skipped,skipped,skipped,skipped,skipped,skipped,,9
2755,Michelle BALLANTYNE (Con),skipped,skipped,skipped,skipped,skipped,skipped,skipped,skipped,,9
2756,Michelle BALLANTYNE (Con),skipped,skipped,skipped,skipped,skipped,skipped,skipped,skipped,,9
2757,Michelle BALLANTYNE (Con),skipped,skipped,skipped,skipped,skipped,skipped,skipped,skipped,,9
2758,Michelle BALLANTYNE (Con),skipped,skipped,skipped,skipped,skipped,skipped,skipped,skipped,,9
2759,Michelle BALLANTYNE (Con),skipped,skipped,skipped,skipped,skipped,skipped,skipped,skipped,,9
2760,Michelle BALLANTYNE (Con),skipped,skipped,skipped,skipped,skipped,skipped,skipped,skipped,,9
2761,Michelle BALLANTYNE (Con),skipped,skipped,skipped,skipped,skipped,skipped,skipped,skipped,,9
2762,Michelle BALLANTYNE (Con),skipped,skipped,skipped,skipped,skipped,skipped,skipped,skipped,,9
2763,Michelle BALLANTYNE (Con),skipped,skipped,skipped,skipped,skipped,skipped,skipped,skipped,,9
2764,Michelle BALLANTYNE (Con),skipped,skipped,skipped,skipped,skipped,skipped,skipped,skipped,,9
2765,Michelle BALLANTYNE (Con),skipped,skipped,skipped,skipped,skipped,skipped,skipped,skipped,,9
2766,Michelle BALLANTYNE (Con),skipped,skipped,skipped,skipped,skipped,skipped,skipped,skipped,,9
2767,Michelle BALLANTYNE (Con),skipped,skipped,skipped,skipped,skipped,skipped,skipped,skipped,,9
2768,Michelle BALLANTYNE (Con),skipped,skipped,skipped,skipped,skipped,skipped,skipped,skipped,,9
2769,Michelle BALLANTYNE (Con),skipped,skipped,skipped,skipped,skipped,skipped,skipped,skipped,,9
2770,Michelle BALLANTYNE (Con),skipped,skipped,skipped,skipped,skipped,skipped,skipped,skipped,,9
2771,Michelle BALLANTYNE (Con),skipped,skipped,skipped,skipped,skipped,skipped,skipped,skipped,,9
2772,Michelle BALLANTYNE (Con),skipped,skipped,skipped,skipped,skipped,skipped,skipped,skipped,,9
2773,Michelle BALLANTYNE (Con),skipped,skipped,skipped,skipped,skipped,skipped,skipped,skipped,,9
2774,Michelle BALLANTYNE (Con),skipped,skipped,skipped,skipped,skipped,skipped,skipped,skipped,,9
2775,Michelle BALLANTYNE (Con),skipped,skipped,skipped,skipped,skipped,skipped,skipped,skipped,,9
2776,Michelle BALLANTYNE (Con),skipped,skipped,skipped,skipped,skipped,skipped,skipped,skipped,,9
2777,Michelle BALLANTYNE (Con),skipped,skipped,skipped,skipped,skipped,skipped,skipped,skipped,,9
2778,Michelle BALLANTYNE (Con),skipped,skipped,skipped,skipped,skipped,skipped,skipped,skipped,,9
2779,Michelle BALLANTYNE (Con),Kenneth GUNN (Ind),skipped,skipped,skipped,skipped,skipped,skipped,skipped,,9
2780,Michelle BALLANTYNE (Con),Kenneth GUNN (Ind),skipped,skipped,skipped,skipped,skipped,skipped,skipped,,9
2781,Michelle BALLANTYNE (Con),Kenneth GUNN (Ind),skipped,skipped,skipped,skipped,skipped,skipped,skipped,,9
2782,Michelle BALLANTYNE (Con),Kenneth GUNN (Ind),skipped,skipped,skipped,skipped,skipped,skipped,skipped,,9
2783,Michelle BALLANTYNE (Con),Kenneth GUNN (Ind),skipped,skipped,skipped,skipped,skipped,skipped,skipped,,9
2784,Michelle BALLANTYNE (Con),Kenneth GUNN (Ind),skipped,skipped,skipped,skipped,skipped,skipped,skipped,,9
2785,Michelle BALLANTYNE (Con),Kenneth GUNN (Ind),skipped,skipped,skipped,skipped,skipped,skipped,skipped,,9
2786,Michelle BALLANTYNE (Con),Kenneth GUNN (Ind),skipped,skipped,skipped,skipped,skipped,skipped,skipped,,9
2787,Michelle BALLANTYNE (Con),Kenneth GUNN (Ind),skipped,skipped,skipped,skipped,skipped,skipped,skipped,,9
2788,Michelle BALLANTYNE (Con),Kenneth GUNN (Ind),skipped,skipped,skipped,skipped,skipped,skipped,skipped,,9
2789,Michelle BALLANTYNE (Con),Kenneth GUNN (Ind),skipped,skipped,skipped,skipped,skipped,skipped,skipped,,9
2790,Michelle BALLANTYNE (Con),Kenneth GUNN (Ind),skipped,skipped,skipped,skipped,skipped,skipped,skipped,,9
2791,Michelle BALLANTYNE (Con),Kenneth GUNN (Ind),skipped,skipped,skipped,skipped,skipped,skipped,skipped,,9
2792,Michelle BALLANTYNE (Con),Kenneth GUNN (Ind),skipped,skipped,skipped,skipped,skipped,skipped,skipped,,9
2793,Michelle BALLANTYNE (Con),Kenneth GUNN (Ind),skipped,skipped,skipped,skipped,skipped,skipped,skipped,,9
2794,Michelle BALLANTYNE (Con),Kenneth GUNN (Ind),skipped,skipped,skipped,skipped,skipped,skipped,skipped,,9
2795,Michelle BALLANTYNE (Con),Kenneth GUNN (Ind),skipped,skipped,skipped,skipped,skipped,skipped,skipped,,9
2796,Michelle BALLANTYNE (Con),Kenneth GUNN (Ind),skipped,skipped,skipped,skipped,skipped,skipped,skipped,,9
2797,Michelle BALLANTYNE (Con),Kenneth GUNN (Ind),skipped,skipped,skipped,skipped,skipped,skipped,skipped,,9
2798,Michelle BALLANTYNE (Con),Kenneth GUNN (Ind),skipped,skipped,skipped,skipped,skipped,skipped,skipped,,9
2799,Michelle BALLANTYNE (Con),Kenneth GUNN (Ind),skipped,skipped,skipped,skipped,skipped,skipped,skipped,,9
2800,Michelle BALLANTYNE (Con),Kenneth GUNN (Ind),skipped,skipped,skipped,skipped,skipped,skipped,skipped,,9
2801,Michelle BALLANTYNE (Con),Kenneth GUNN (Ind),skipped,skipped,skipped,skipped,skipped,skipped,skipped,,9
2802,Michelle BALLANTYNE (Con),Kenneth GUNN (Ind),skipped,skipped,skipped,skipped,skipped,skipped,skipped,,9
2803,Michelle BALLANTYNE (Con),Kenneth GUNN (Ind),skipped,skipped,skipped,skipped,skipped,skipped,skipped,,9
2804,Michelle BALLANTYNE (Con),Kenneth GUNN (Ind),David BLACK (Ind),Gordon EDGAR (Ind),skipped,skipped,skipped,skipped,skipped,,9
2805,Michelle BALLANTYNE (Con),Kenneth GUNN (Ind),David BLACK (Ind),Gordon EDGAR (Ind),Nancy NORMAN (LD),Scott REDPATH (Lab),Elaine THORNTON-NICOL (SNP),Barbara HARVIE (Grn),skipped,,9
2806,Michelle BALLANTYNE (Con),Kenneth GUNN (Ind),Gordon EDGAR (Ind),David BLACK (Ind),skipped,skipped,skipped,skipped,skipped,,9
2807,Michelle BALLANTYNE (Con),Kenneth GUNN (Ind),Gordon EDGAR (Ind),David BLACK (Ind),skipped,skipped,skipped,skipped,skipped,,9
2808,Michelle BALLANTYNE (Con),Kenneth GUNN (Ind),Gordon EDGAR (Ind),David BLACK (Ind),Barbara HARVIE (Grn),Nancy NORMAN (LD),Scott REDPATH (Lab),Elaine THORNTON-NICOL (SNP),skipped,,9
2809,Michelle BALLANTYNE (Con),Kenneth GUNN (Ind),Gordon EDGAR (Ind),David BLACK (Ind),Nancy NORMAN (LD),Barbara HARVIE (Grn),Scott REDPATH (Lab),Elaine THORNTON-NICOL (SNP),skipped,,9
2810,Michelle BALLANTYNE (Con),Kenneth GUNN (Ind),Gordon EDGAR (Ind),David BLACK (Ind),Nancy NORMAN (LD),Scott REDPATH (Lab),Barbara HARVIE (Grn),skipped,skipped,,9
2811,Michelle BALLANTYNE (Con),Kenneth GUNN (Ind),Gordon EDGAR (Ind),David BLACK (Ind),Nancy NORMAN (LD),Scott REDPATH (Lab),Barbara HARVIE (Grn),Elaine THORNTON-NICOL (SNP),skipped,,9
2812,Michelle BALLANTYNE (Con),Kenneth GUNN (Ind),Gordon EDGAR (Ind),David BLACK (Ind),Nancy NORMAN (LD),Scott REDPATH (Lab),Barbara HARVIE (Grn),Elaine THORNTON-NICOL (SNP),skipped,,9
2813,Michelle BALLANTYNE (Con),Kenneth GUNN (Ind),Gordon EDGAR (Ind),Nancy NORMAN (LD),skipped,skipped,skipped,skipped,skipped,,9
2814,Michelle BALLANTYNE (Con),Kenneth GUNN (Ind),Nancy NORMAN (LD),David BLACK (Ind),Gordon EDGAR (Ind),Barbara HARVIE (Grn),Scott REDPATH (Lab),Elaine THORNTON-NICOL (SNP),skipped,,9
2815,Michelle BALLANTYNE (Con),Elaine THORNTON-NICOL (SNP),skipped,skipped,skipped,skipped,skipped,skipped,skipped,,9
2816,Michelle BALLANTYNE (Con),Elaine THORNTON-NICOL (SNP),skipped,skipped,skipped,skipped,skipped,skipped,skipped,,9
2817,Michelle BALLANTYNE (Con),Barbara HARVIE (Grn),skipped,skipped,skipped,skipped,skipped,skipped,skipped,,9
2818,Michelle BALLANTYNE (Con),Barbara HARVIE (Grn),skipped,skipped,skipped,skipped,skipped,skipped,skipped,,9
2819,Michelle BALLANTYNE (Con),Barbara HARVIE (Grn),skipped,skipped,skipped,skipped,skipped,skipped,skipped,,9
2820,Michelle BALLANTYNE (Con),Barbara HARVIE (Grn),skipped,skipped,skipped,skipped,skipped,skipped,skipped,,9
2821,Michelle BALLANTYNE (Con),Barbara HARVIE (Grn),skipped,skipped,skipped,skipped,skipped,skipped,skipped,,9
2822,Michelle BALLANTYNE (Con),Barbara HARVIE (Grn),skipped,skipped,skipped,skipped,skipped,skipped,skipped,,9
2823,Michelle BALLANTYNE (Con),Barbara HARVIE (Grn),skipped,skipped,skipped,skipped,skipped,skipped,skipped,,9
2824,Michelle BALLANTYNE (Con),Barbara HARVIE (Grn),David BLACK (Ind),Gordon EDGAR (Ind),Kenneth GUNN (Ind),Nancy NORMAN (LD),Scott REDPATH (Lab),Elaine THORNTON-NICOL (SNP),skipped,,9
2825,Michelle BALLANTYNE (Con),Barbara HARVIE (Grn),David BLACK (Ind),Gordon EDGAR (Ind),Nancy NORMAN (LD),Kenneth GUNN (Ind),Scott REDPATH (Lab),Elaine THORNTON-NICOL (SNP),skipped,,9
2826,Michelle BALLANTYNE (Con),Barbara HARVIE (Grn),Nancy NORMAN (LD),Kenneth GUNN (Ind),David BLACK (Ind),Gordon EDGAR (Ind),skipped,skipped,skipped,,9
2827,Michelle BALLANTYNE (Con),David BLACK (Ind),skipped,skipped,skipped,skipped,skipped,skipped,skipped,,9
2828,Michelle BALLANTYNE (Con),David BLACK (Ind),skipped,skipped,skipped,skipped,skipped,skipped,skipped,,9
2829,Michelle BALLANTYNE (Con),David BLACK (Ind),skipped,skipped,skipped,skipped,skipped,skipped,skipped,,9
2830,Michelle BALLANTYNE (Con),David BLACK (Ind),skipped,skipped,skipped,skipped,skipped,skipped,skipped,,9
2831,Michelle BALLANTYNE (Con),David BLACK (Ind),skipped,skipped,skipped,skipped,skipped,skipped,skipped,,9
2832,Michelle BALLANTYNE (Con),David BLACK (Ind),skipped,skipped,skipped,skipped,skipped,skipped,skipped,,9
2833,Michelle BALLANTYNE (Con),David BLACK (Ind),skipped,skipped,skipped,skipped,skipped,skipped,skipped,,9
2834,Michelle BALLANTYNE (Con),David BLACK (Ind),skipped,skipped,skipped,skipped,skipped,skipped,skipped,,9
2835,Michelle BALLANTYNE (Con),David BLACK (Ind),skipped,skipped,skipped,skipped,skipped,skipped,skipped,,9
2836,Michelle BALLANTYNE (Con),David BLACK (Ind),skipped,skipped,skipped,skipped,skipped,skipped,skipped,,9
2837,Michelle BALLANTYNE (Con),David BLACK (Ind),skipped,skipped,skipped,skipped,skipped,skipped,skipped,,9
2838,Michelle BALLANTYNE (Con),David BLACK (Ind),skipped,skipped,skipped,skipped,skipped,skipped,skipped,,9
2839,Michelle BALLANTYNE (Con),David BLACK (Ind),skipped,skipped,skipped,skipped,skipped,skipped,skipped,,9
2840,Michelle BALLANTYNE (Con),David BLACK (Ind),skipped,skipped,skipped,skipped,skipped,skipped,skipped,,9
2841,Michelle BALLANTYNE (Con),David BLACK (Ind),skipped,skipped,skipped,skipped,skipped,skipped,skipped,,9
2842,Michelle BALLANTYNE (Con),David BLACK (Ind),skipped,skipped,skipped,skipped,skipped,skipped,skipped,,9
2843,Michelle BALLANTYNE (Con),David BLACK (Ind),skipped,skipped,skipped,skipped,skipped,skipped,skipped,,9
2844,Michelle BALLANTYNE (Con),David BLACK (Ind),skipped,skipped,skipped,skipped,skipped,skipped,skipped,,9
2845,Michelle BALLANTYNE (Con),David BLACK (Ind),Kenneth GUNN (Ind),skipped,skipped,skipped,skipped,skipped,skipped,,9
2846,Michelle BALLANTYNE (Con),David BLACK (Ind),Barbara HARVIE (Grn),skipped,skipped,skipped,skipped,skipped,skipped,,9
2847,Michelle BALLANTYNE (Con),David BLACK (Ind),Barbara HARVIE (Grn),Gordon EDGAR (Ind),Kenneth GUNN (Ind),Nancy NORMAN (LD),Scott REDPATH (Lab),Elaine THORNTON-NICOL (SNP),skipped,,9
2848,Michelle BALLANTYNE (Con),David BLACK (Ind),Gordon EDGAR (Ind),skipped,skipped,skipped,skipped,skipped,skipped,,9
2849,Michelle BALLANTYNE (Con),David BLACK (Ind),Gordon EDGAR (Ind),skipped,skipped,skipped,skipped,skipped,skipped,,9
2850,Michelle BALLANTYNE (Con),David BLACK (Ind),Gordon EDGAR (Ind),skipped,skipped,skipped,skipped,skipped,skipped,,9
2851,Michelle BALLANTYNE (Con),David BLACK (Ind),Gordon EDGAR (Ind),Kenneth GUNN (Ind),skipped,skipped,skipped,skipped,skipped,,9
2852,Michelle BALLANTYNE (Con),David BLACK (Ind),Gordon EDGAR (Ind),Kenneth GUNN (Ind),skipped,skipped,skipped,skipped,skipped,,9
2853,Michelle BALLANTYNE (Con),David BLACK (Ind),Gordon EDGAR (Ind),Kenneth GUNN (Ind),skipped,skipped,skipped,skipped,skipped,,9
2854,Michelle BALLANTYNE (Con),David BLACK (Ind),Gordon EDGAR (Ind),Kenneth GUNN (Ind),skipped,skipped,skipped,skipped,skipped,,9
2855,Michelle BALLANTYNE (Con),David BLACK (Ind),Gordon EDGAR (Ind),Kenneth GUNN (Ind),skipped,skipped,skipped,skipped,skipped,,9
2856,Michelle BALLANTYNE (Con),David BLACK (Ind),Gordon EDGAR (Ind),Kenneth GUNN (Ind),Nancy NORMAN (LD),Barbara HARVIE (Grn),Scott REDPATH (Lab),Elaine THORNTON-NICOL (SNP),skipped,,9
2857,Michelle BALLANTYNE (Con),David BLACK (Ind),Gordon EDGAR (Ind),Barbara HARVIE (Grn),Kenneth GUNN (Ind),Scott REDPATH (Lab),skipped,skipped,skipped,,9
2858,Michelle BALLANTYNE (Con),David BLACK (Ind),Gordon EDGAR (Ind),Scott REDPATH (Lab),Kenneth GUNN (Ind),Nancy NORMAN (LD),Barbara HARVIE (Grn),Elaine THORNTON-NICOL (SNP),skipped,,9
2859,Michelle BALLANTYNE (Con),David BLACK (Ind),Nancy NORMAN (LD),Gordon EDGAR (Ind),Kenneth GUNN (Ind),skipped,skipped,skipped,skipped,,9
2860,Michelle BALLANTYNE (Con),David BLACK (Ind),Nancy NORMAN (LD),Scott REDPATH (Lab),skipped,skipped,skipped,skipped,skipped,,9
2861,Michelle BALLANTYNE (Con),David BLACK (Ind),Nancy NORMAN (LD),Scott REDPATH (Lab),Barbara HARVIE (Grn),Kenneth GUNN (Ind),Elaine THORNTON-NICOL (SNP),Gordon EDGAR (Ind),skipped,,9
2862,Michelle BALLANTYNE (Con),David BLACK (Ind),Scott REDPATH (Lab),Nancy NORMAN (LD),Barbara HARVIE (Grn),Kenneth GUNN (Ind),Gordon EDGAR (Ind),skipped,skipped,,9
2863,Michelle BALLANTYNE (Con),Gordon EDGAR (Ind),skipped,skipped,skipped,skipped,skipped,skipped,skipped,,9
2864,Michelle BALLANTYNE (Con),Gordon EDGAR (Ind),skipped,skipped,skipped,skipped,skipped,skipped,skipped,,9
2865,Michelle BALLANTYNE (Con),Gordon EDGAR (Ind),skipped,skipped,skipped,skipped,skipped,skipped,skipped,,9
2866,Michelle BALLANTYNE (Con),Gordon EDGAR (Ind),skipped,skipped,skipped,skipped,skipped,skipped,skipped,,9
2867,Michelle BALLANTYNE (Con),Gordon EDGAR (Ind),skipped,skipped,skipped,skipped,skipped,skipped,skipped,,9
2868,Michelle BALLANTYNE (Con),Gordon EDGAR (Ind),skipped,skipped,skipped,skipped,skipped,skipped,skipped,,9
2869,Michelle BALLANTYNE (Con),Gordon EDGAR (Ind),skipped,skipped,skipped,skipped,skipped,skipped,skipped,,9
2870,Michelle BALLANTYNE (Con),Gordon EDGAR (Ind),skipped,skipped,skipped,skipped,skipped,skipped,skipped,,9
2871,Michelle BALLANTYNE (Con),Gordon EDGAR (Ind),skipped,skipped,skipped,skipped,skipped,skipped,skipped,,9
2872,Michelle BALLANTYNE (Con),Gordon EDGAR (Ind),skipped,skipped,skipped,skipped,skipped,skipped,skipped,,9
2873,Michelle BALLANTYNE (Con),Gordon EDGAR (Ind),skipped,skipped,skipped,skipped,skipped,skipped,skipped,,9
2874,Michelle BALLANTYNE (Con),Gordon EDGAR (Ind),skipped,skipped,skipped,skipped,skipped,skipped,skipped,,9
2875,Michelle BALLANTYNE (Con),Gordon EDGAR (Ind),skipped,skipped,skipped,skipped,skipped,skipped,skipped,,9
2876,Michelle BALLANTYNE (Con),Gordon EDGAR (Ind),skipped,skipped,skipped,skipped,skipped,skipped,skipped,,9
2877,Michelle BALLANTYNE (Con),Gordon EDGAR (Ind),skipped,skipped,skipped,skipped,skipped,skipped,skipped,,9
2878,Michelle BALLANTYNE (Con),Gordon EDGAR (Ind),skipped,skipped,skipped,skipped,skipped,skipped,skipped,,9
2879,Michelle BALLANTYNE (Con),Gordon EDGAR (Ind),skipped,skipped,skipped,skipped,skipped,skipped,skipped,,9
2880,Michelle BALLANTYNE (Con),Gordon EDGAR (Ind),skipped,skipped,skipped,skipped,skipped,skipped,skipped,,9
2881,Michelle BALLANTYNE (Con),Gordon EDGAR (Ind),skipped,skipped,skipped,skipped,skipped,skipped,skipped,,9
2882,Michelle BALLANTYNE (Con),Gordon EDGAR (Ind),skipped,skipped,skipped,skipped,skipped,skipped,skipped,,9
2883,Michelle BALLANTYNE (Con),Gordon EDGAR (Ind),skipped,skipped,skipped,skipped,skipped,skipped,skipped,,9
2884,Michelle BALLANTYNE (Con),Gordon EDGAR (Ind),skipped,skipped,skipped,skipped,skipped,skipped,skipped,,9
2885,Michelle BALLANTYNE (Con),Gordon EDGAR (Ind),skipped,skipped,skipped,skipped,skipped,skipped,skipped,,9
2886,Michelle BALLANTYNE (Con),Gordon EDGAR (Ind),skipped,skipped,skipped,skipped,skipped,skipped,skipped,,9
2887,Michelle BALLANTYNE (Con),Gordon EDGAR (Ind),skipped,skipped,skipped,skipped,skipped,skipped,skipped,,9
2888,Michelle BALLANTYNE (Con),Gordon EDGAR (Ind),skipped,skipped,skipped,skipped,skipped,skipped,skipped,,9
2889,Michelle BALLANTYNE (Con),Gordon EDGAR (Ind),skipped,skipped,skipped,skipped,skipped,skipped,skipped,,9
2890,Michelle BALLANTYNE (Con),Gordon EDGAR (Ind),skipped,skipped,skipped,skipped,skipped,skipped,skipped,,9
2891,Michelle BALLANTYNE (Con),Gordon EDGAR (Ind),skipped,skipped,skipped,skipped,skipped,skipped,skipped,,9
2892,Michelle BALLANTYNE (Con),Gordon EDGAR (Ind),skipped,skipped,skipped,skipped,skipped,skipped,skipped,,9
2893,Michelle BALLANTYNE (Con),Gordon EDGAR (Ind),skipped,skipped,skipped,skipped,skipped,skipped,skipped,,9
2894,Michelle BALLANTYNE (Con),Gordon EDGAR (Ind),skipped,skipped,skipped,skipped,skipped,skipped,skipped,,9
2895,Michelle BALLANTYNE (Con),Gordon EDGAR (Ind),skipped,skipped,skipped,skipped,skipped,skipped,skipped,,9
2896,Michelle BALLANTYNE (Con),Gordon EDGAR (Ind),skipped,skipped,skipped,skipped,skipped,skipped,skipped,,9
2897,Michelle BALLANTYNE (Con),Gordon EDGAR (Ind),skipped,skipped,skipped,skipped,skipped,skipped,skipped,,9
2898,Michelle BALLANTYNE (Con),Gordon EDGAR (Ind),skipped,skipped,skipped,skipped,skipped,skipped,skipped,,9
2899,Michelle BALLANTYNE (Con),Gordon EDGAR (Ind),skipped,skipped,skipped,skipped,skipped,skipped,skipped,,9
2900,Michelle BALLANTYNE (Con),Gordon EDGAR (Ind),skipped,skipped,skipped,skipped,skipped,skipped,skipped,,9
2901,Michelle BALLANTYNE (Con),Gordon EDGAR (Ind),skipped,skipped,skipped,skipped,skipped,skipped,skipped,,9
2902,Michelle BALLANTYNE (Con),Gordon EDGAR (Ind),skipped,skipped,skipped,skipped,skipped,skipped,skipped,,9
2903,Michelle BALLANTYNE (Con),Gordon EDGAR (Ind),skipped,skipped,skipped,skipped,skipped,skipped,skipped,,9
2904,Michelle BALLANTYNE (Con),Gordon EDGAR (Ind),skipped,skipped,skipped,skipped,skipped,skipped,skipped,,9
2905,Michelle BALLANTYNE (Con),Gordon EDGAR (Ind),skipped,skipped,skipped,skipped,skipped,skipped,skipped,,9
2906,Michelle BALLANTYNE (Con),Gordon EDGAR (Ind),skipped,skipped,skipped,skipped,skipped,skipped,skipped,,9
2907,Michelle BALLANTYNE (Con),Gordon EDGAR (Ind),skipped,skipped,skipped,skipped,skipped,skipped,skipped,,9
2908,Michelle BALLANTYNE (Con),Gordon EDGAR (Ind),skipped,skipped,skipped,skipped,skipped,skipped,skipped,,9
2909,Michelle BALLANTYNE (Con),Gordon EDGAR (Ind),skipped,skipped,skipped,skipped,skipped,skipped,skipped,,9
2910,Michelle BALLANTYNE (Con),Gordon EDGAR (Ind),skipped,skipped,skipped,skipped,skipped,skipped,skipped,,9
2911,Michelle BALLANTYNE (Con),Gordon EDGAR (Ind),skipped,skipped,skipped,skipped,skipped,skipped,skipped,,9
2912,Michelle BALLANTYNE (Con),Gordon EDGAR (Ind),skipped,skipped,skipped,skipped,skipped,skipped,skipped,,9
2913,Michelle BALLANTYNE (Con),Gordon EDGAR (Ind),skipped,skipped,skipped,skipped,skipped,skipped,skipped,,9
2914,Michelle BALLANTYNE (Con),Gordon EDGAR (Ind),skipped,skipped,skipped,skipped,skipped,skipped,skipped,,9
2915,Michelle BALLANTYNE (Con),Gordon EDGAR (Ind),skipped,skipped,skipped,skipped,skipped,skipped,skipped,,9
2916,Michelle BALLANTYNE (Con),Gordon EDGAR (Ind),skipped,skipped,skipped,skipped,skipped,skipped,skipped,,9
2917,Michelle BALLANTYNE (Con),Gordon EDGAR (Ind),skipped,skipped,skipped,skipped,skipped,skipped,skipped,,9
2918,Michelle BALLANTYNE (Con),Gordon EDGAR (Ind),skipped,skipped,skipped,skipped,skipped,skipped,skipped,,9
2919,Michelle BALLANTYNE (Con),Gordon EDGAR (Ind),skipped,skipped,skipped,skipped,skipped,skipped,skipped,,9
2920,Michelle BALLANTYNE (Con),Gordon EDGAR (Ind),skipped,skipped,skipped,skipped,skipped,skipped,skipped,,9
2921,Michelle BALLANTYNE (Con),Gordon EDGAR (Ind),skipped,skipped,skipped,skipped,skipped,skipped,skipped,,9
2922,Michelle BALLANTYNE (Con),Gordon EDGAR (Ind),skipped,skipped,skipped,skipped,skipped,skipped,skipped,,9
2923,Michelle BALLANTYNE (Con),Gordon EDGAR (Ind),skipped,skipped,skipped,skipped,skipped,skipped,skipped,,9
2924,Michelle BALLANTYNE (Con),Gordon EDGAR (Ind),skipped,skipped,skipped,skipped,skipped,skipped,skipped,,9
2925,Michelle BALLANTYNE (Con),Gordon EDGAR (Ind),skipped,skipped,skipped,skipped,skipped,skipped,skipped,,9
2926,Michelle BALLANTYNE (Con),Gordon EDGAR (Ind),skipped,skipped,skipped,skipped,skipped,skipped,skipped,,9
2927,Michelle BALLANTYNE (Con),Gordon EDGAR (Ind),skipped,skipped,skipped,skipped,skipped,skipped,skipped,,9
2928,Michelle BALLANTYNE (Con),Gordon EDGAR (Ind),skipped,skipped,skipped,skipped,skipped,skipped,skipped,,9
2929,Michelle BALLANTYNE (Con),Gordon EDGAR (Ind),skipped,skipped,skipped,skipped,skipped,skipped,skipped,,9
2930,Michelle BALLANTYNE (Con),Gordon EDGAR (Ind),skipped,skipped,skipped,skipped,skipped,skipped,skipped,,9
2931,Michelle BALLANTYNE (Con),Gordon EDGAR (Ind),skipped,skipped,skipped,skipped,skipped,skipped,skipped,,9
2932,Michelle BALLANTYNE (Con),Gordon EDGAR (Ind),skipped,skipped,skipped,skipped,skipped,skipped,skipped,,9
2933,Michelle BALLANTYNE (Con),Gordon EDGAR (Ind),skipped,skipped,skipped,skipped,skipped,skipped,skipped,,9
2934,Michelle BALLANTYNE (Con),Gordon EDGAR (Ind),skipped,skipped,skipped,skipped,skipped,skipped,skipped,,9
2935,Michelle BALLANTYNE (Con),Gordon EDGAR (Ind),skipped,skipped,skipped,skipped,skipped,skipped,skipped,,9
2936,Michelle BALLANTYNE (Con),Gordon EDGAR (Ind),Kenneth GUNN (Ind),skipped,skipped,skipped,skipped,skipped,skipped,,9
2937,Michelle BALLANTYNE (Con),Gordon EDGAR (Ind),Kenneth GUNN (Ind),skipped,skipped,skipped,skipped,skipped,skipped,,9
2938,Michelle BALLANTYNE (Con),Gordon EDGAR (Ind),Kenneth GUNN (Ind),skipped,skipped,skipped,skipped,skipped,skipped,,9
2939,Michelle BALLANTYNE (Con),Gordon EDGAR (Ind),Kenneth GUNN (Ind),skipped,skipped,skipped,skipped,skipped,skipped,,9
2940,Michelle BALLANTYNE (Con),Gordon EDGAR (Ind),Kenneth GUNN (Ind),skipped,skipped,skipped,skipped,skipped,skipped,,9
2941,Michelle BALLANTYNE (Con),Gordon EDGAR (Ind),Kenneth GUNN (Ind),skipped,skipped,skipped,skipped,skipped,skipped,,9
2942,Michelle BALLANTYNE (Con),Gordon EDGAR (Ind),Kenneth GUNN (Ind),skipped,skipped,skipped,skipped,skipped,skipped,,9
2943,Michelle BALLANTYNE (Con),Gordon EDGAR (Ind),Kenneth GUNN (Ind),skipped,skipped,skipped,skipped,skipped,skipped,,9
2944,Michelle BALLANTYNE (Con),Gordon EDGAR (Ind),Kenneth GUNN (Ind),skipped,skipped,skipped,skipped,skipped,skipped,,9
2945,Michelle BALLANTYNE (Con),Gordon EDGAR (Ind),Kenneth GUNN (Ind),David BLACK (Ind),skipped,skipped,skipped,skipped,skipped,,9
2946,Michelle BALLANTYNE (Con),Gordon EDGAR (Ind),Kenneth GUNN (Ind),David BLACK (Ind),skipped,skipped,skipped,skipped,skipped,,9
2947,Michelle BALLANTYNE (Con),Gordon EDGAR (Ind),Kenneth GUNN (Ind),David BLACK (Ind),Barbara HARVIE (Grn),Nancy NORMAN (LD),Scott REDPATH (Lab),Elaine THORNTON-NICOL (SNP),skipped,,9
2948,Michelle BALLANTYNE (Con),Gordon EDGAR (Ind),Kenneth GUNN (Ind),David BLACK (Ind),Nancy NORMAN (LD),Barbara HARVIE (Grn),Scott REDPATH (Lab),Elaine THORNTON-NICOL (SNP),skipped,,9
2949,Michelle BALLANTYNE (Con),Gordon EDGAR (Ind),Kenneth GUNN (Ind),Nancy NORMAN (LD),skipped,skipped,skipped,skipped,skipped,,9
2950,Michelle BALLANTYNE (Con),Gordon EDGAR (Ind),Kenneth GUNN (Ind),Nancy NORMAN (LD),Scott REDPATH (Lab),skipped,skipped,skipped,skipped,,9
2951,Michelle BALLANTYNE (Con),Gordon EDGAR (Ind),Kenneth GUNN (Ind),Scott REDPATH (Lab),Barbara HARVIE (Grn),David BLACK (Ind),Elaine THORNTON-NICOL (SNP),Nancy NORMAN (LD),skipped,,9
2952,Michelle BALLANTYNE (Con),Gordon EDGAR (Ind),David BLACK (Ind),skipped,skipped,skipped,skipped,skipped,skipped,,9
2953,Michelle BALLANTYNE (Con),Gordon EDGAR (Ind),David BLACK (Ind),skipped,skipped,skipped,skipped,skipped,skipped,,9
2954,Michelle BALLANTYNE (Con),Gordon EDGAR (Ind),David BLACK (Ind),skipped,skipped,skipped,skipped,skipped,skipped,,9
2955,Michelle BALLANTYNE (Con),Gordon EDGAR (Ind),David BLACK (Ind),Kenneth GUNN (Ind),skipped,skipped,skipped,skipped,skipped,,9
2956,Michelle BALLANTYNE (Con),Gordon EDGAR (Ind),David BLACK (Ind),Kenneth GUNN (Ind),Barbara HARVIE (Grn),Nancy NORMAN (LD),Scott REDPATH (Lab),Elaine THORNTON-NICOL (SNP),skipped,,9
2957,Michelle BALLANTYNE (Con),Gordon EDGAR (Ind),David BLACK (Ind),Kenneth GUNN (Ind),Barbara HARVIE (Grn),Scott REDPATH (Lab),Elaine THORNTON-NICOL (SNP),Nancy NORMAN (LD),skipped,,9
2958,Michelle BALLANTYNE (Con),Gordon EDGAR (Ind),David BLACK (Ind),Kenneth GUNN (Ind),Nancy NORMAN (LD),Scott REDPATH (Lab),Barbara HARVIE (Grn),skipped,skipped,,9
2959,Michelle BALLANTYNE (Con),Gordon EDGAR (Ind),David BLACK (Ind),Kenneth GUNN (Ind),Nancy NORMAN (LD),Scott REDPATH (Lab),Barbara HARVIE (Grn),skipped,skipped,,9
2960,Michelle BALLANTYNE (Con),Gordon EDGAR (Ind),David BLACK (Ind),Kenneth GUNN (Ind),Scott REDPATH (Lab),Barbara HARVIE (Grn),Nancy NORMAN (LD),skipped,skipped,,9
2961,Michelle BALLANTYNE (Con),Gordon EDGAR (Ind),David BLACK (Ind),Nancy NORMAN (LD),Scott REDPATH (Lab),Barbara HARVIE (Grn),Kenneth GUNN (Ind),Elaine THORNTON-NICOL (SNP),skipped,,9
2962,Michelle BALLANTYNE (Con),Gordon EDGAR (Ind),Nancy NORMAN (LD),skipped,skipped,skipped,skipped,skipped,skipped,,9
2963,Michelle BALLANTYNE (Con),Gordon EDGAR (Ind),Nancy NORMAN (LD),Scott REDPATH (Lab),Barbara HARVIE (Grn),Kenneth GUNN (Ind),David BLACK (Ind),Elaine THORNTON-NICOL (SNP),skipped,,9
2964,Michelle BALLANTYNE (Con),Gordon EDGAR (Ind),Scott REDPATH (Lab),Kenneth GUNN (Ind),skipped,skipped,skipped,skipped,skipped,,9
2965,Michelle BALLANTYNE (Con),Gordon EDGAR (Ind),Scott REDPATH (Lab),David BLACK (Ind),Kenneth GUNN (Ind),Nancy NORMAN (LD),Barbara HARVIE (Grn),Elaine THORNTON-NICOL (SNP),skipped,,9
2966,Michelle BALLANTYNE (Con),Nancy NORMAN (LD),skipped,skipped,skipped,skipped,skipped,skipped,skipped,,9
2967,Michelle BALLANTYNE (Con),Nancy NORMAN (LD),skipped,skipped,skipped,skipped,skipped,skipped,skipped,,9
2968,Michelle BALLANTYNE (Con),Nancy NORMAN (LD),skipped,skipped,skipped,skipped,skipped,skipped,skipped,,9
2969,Michelle BALLANTYNE (Con),Nancy NORMAN (LD),skipped,skipped,skipped,skipped,skipped,skipped,skipped,,9
2970,Michelle BALLANTYNE (Con),Nancy NORMAN (LD),skipped,skipped,skipped,skipped,skipped,skipped,skipped,,9
2971,Michelle BALLANTYNE (Con),Nancy NORMAN (LD),skipped,skipped,skipped,skipped,skipped,skipped,skipped,,9
2972,Michelle BALLANTYNE (Con),Nancy NORMAN (LD),skipped,skipped,skipped,skipped,skipped,skipped,skipped,,9
2973,Michelle BALLANTYNE (Con),Nancy NORMAN (LD),skipped,skipped,skipped,skipped,skipped,skipped,skipped,,9
2974,Michelle BALLANTYNE (Con),Nancy NORMAN (LD),skipped,skipped,skipped,skipped,skipped,skipped,skipped,,9
2975,Michelle BALLANTYNE (Con),Nancy NORMAN (LD),skipped,skipped,skipped,skipped,skipped,skipped,skipped,,9
2976,Michelle BALLANTYNE (Con),Nancy NORMAN (LD),skipped,skipped,skipped,skipped,skipped,skipped,skipped,,9
2977,Michelle BALLANTYNE (Con),Nancy NORMAN (LD),skipped,skipped,skipped,skipped,skipped,skipped,skipped,,9
2978,Michelle BALLANTYNE (Con),Nancy NORMAN (LD),skipped,skipped,skipped,skipped,skipped,skipped,skipped,,9
2979,Michelle BALLANTYNE (Con),Nancy NORMAN (LD),skipped,skipped,skipped,skipped,skipped,skipped,skipped,,9
2980,Michelle BALLANTYNE (Con),Nancy NORMAN (LD),skipped,skipped,skipped,skipped,skipped,skipped,skipped,,9
2981,Michelle BALLANTYNE (Con),Nancy NORMAN (LD),skipped,skipped,skipped,skipped,skipped,skipped,skipped,,9
2982,Michelle BALLANTYNE (Con),Nancy NORMAN (LD),skipped,skipped,skipped,skipped,skipped,skipped,skipped,,9
2983,Michelle BALLANTYNE (Con),Nancy NORMAN (LD),skipped,skipped,skipped,skipped,skipped,skipped,skipped,,9
2984,Michelle BALLANTYNE (Con),Nancy NORMAN (LD),skipped,skipped,skipped,skipped,skipped,skipped,skipped,,9
2985,Michelle BALLANTYNE (Con),Nancy NORMAN (LD),skipped,skipped,skipped,skipped,skipped,skipped,skipped,,9
2986,Michelle BALLANTYNE (Con),Nancy NORMAN (LD),skipped,skipped,skipped,skipped,skipped,skipped,skipped,,9
2987,Michelle BALLANTYNE (Con),Nancy NORMAN (LD),skipped,skipped,skipped,skipped,skipped,skipped,skipped,,9
2988,Michelle BALLANTYNE (Con),Nancy NORMAN (LD),skipped,skipped,skipped,skipped,skipped,skipped,skipped,,9
2989,Michelle BALLANTYNE (Con),Nancy NORMAN (LD),skipped,skipped,skipped,skipped,skipped,skipped,skipped,,9
2990,Michelle BALLANTYNE (Con),Nancy NORMAN (LD),skipped,skipped,skipped,skipped,skipped,skipped,skipped,,9
2991,Michelle BALLANTYNE (Con),Nancy NORMAN (LD),skipped,skipped,skipped,skipped,skipped,skipped,skipped,,9
2992,Michelle BALLANTYNE (Con),Nancy NORMAN (LD),Barbara HARVIE (Grn),skipped,skipped,skipped,skipped,skipped,skipped,,9
2993,Michelle BALLANTYNE (Con),Nancy NORMAN (LD),Barbara HARVIE (Grn),skipped,skipped,skipped,skipped,skipped,skipped,,9
2994,Michelle BALLANTYNE (Con),Nancy NORMAN (LD),Barbara HARVIE (Grn),David BLACK (Ind),Gordon EDGAR (Ind),Kenneth GUNN (Ind),skipped,skipped,skipped,,9
2995,Michelle BALLANTYNE (Con),Nancy NORMAN (LD),Barbara HARVIE (Grn),Scott REDPATH (Lab),skipped,skipped,skipped,skipped,skipped,,9
2996,Michelle BALLANTYNE (Con),Nancy NORMAN (LD),Barbara HARVIE (Grn),Scott REDPATH (Lab),Elaine THORNTON-NICOL (SNP),skipped,skipped,skipped,skipped,,9
2997,Michelle BALLANTYNE (Con),Nancy NORMAN (LD),David BLACK (Ind),skipped,skipped,skipped,skipped,skipped,skipped,,9
2998,Michelle BALLANTYNE (Con),Nancy NORMAN (LD),David BLACK (Ind),skipped,skipped,skipped,skipped,skipped,skipped,,9
2999,Michelle BALLANTYNE (Con),Nancy NORMAN (LD),David BLACK (Ind),Kenneth GUNN (Ind),Gordon EDGAR (Ind),Barbara HARVIE (Grn),Scott REDPATH (Lab),Elaine THORNTON-NICOL (SNP),skipped,,9
3000,Michelle BALLANTYNE (Con),Nancy NORMAN (LD),David BLACK (Ind),Gordon EDGAR (Ind),Kenneth GUNN (Ind),skipped,skipped,skipped,skipped,,9
3001,Michelle BALLANTYNE (Con),Nancy NORMAN (LD),David BLACK (Ind),Gordon EDGAR (Ind),Kenneth GUNN (Ind),Barbara HARVIE (Grn),skipped,skipped,skipped,,9
3002,Michelle BALLANTYNE (Con),Nancy NORMAN (LD),David BLACK (Ind),Gordon EDGAR (Ind),Kenneth GUNN (Ind),Barbara HARVIE (Grn),Scott REDPATH (Lab),Elaine THORNTON-NICOL (SNP),skipped,,9
3003,Michelle BALLANTYNE (Con),Nancy NORMAN (LD),David BLACK (Ind),Gordon EDGAR (Ind),Kenneth GUNN (Ind),Barbara HARVIE (Grn),Scott REDPATH (Lab),Elaine THORNTON-NICOL (SNP),skipped,,9
3004,Michelle BALLANTYNE (Con),Nancy NORMAN (LD),David BLACK (Ind),Gordon EDGAR (Ind),Kenneth GUNN (Ind),Barbara HARVIE (Grn),Scott REDPATH (Lab),Elaine THORNTON-NICOL (SNP),skipped,,9
3005,Michelle BALLANTYNE (Con),Nancy NORMAN (LD),Gordon EDGAR (Ind),Kenneth GUNN (Ind),David BLACK (Ind),skipped,skipped,skipped,skipped,,9
3006,Michelle BALLANTYNE (Con),Nancy NORMAN (LD),Scott REDPATH (Lab),skipped,skipped,skipped,skipped,skipped,skipped,,9
3007,Michelle BALLANTYNE (Con),Nancy NORMAN (LD),Scott REDPATH (Lab),David BLACK (Ind),skipped,skipped,skipped,skipped,skipped,,9
3008,Michelle BALLANTYNE (Con),Nancy NORMAN (LD),Scott REDPATH (Lab),David BLACK (Ind),Kenneth GUNN (Ind),Gordon EDGAR (Ind),Barbara HARVIE (Grn),Elaine THORNTON-NICOL (SNP),skipped,,9
3009,Michelle BALLANTYNE (Con),Nancy NORMAN (LD),Scott REDPATH (Lab),Gordon EDGAR (Ind),David BLACK (Ind),Kenneth GUNN (Ind),Barbara HARVIE (Grn),Elaine THORNTON-NICOL (SNP),skipped,,9
3010,Michelle BALLANTYNE (Con),Nancy NORMAN (LD),Scott REDPATH (Lab),Gordon EDGAR (Ind),David BLACK (Ind),Kenneth GUNN (Ind),Barbara HARVIE (Grn),Elaine THORNTON-NICOL (SNP),skipped,,9
3011,Michelle BALLANTYNE (Con),Scott REDPATH (Lab),skipped,skipped,skipped,skipped,skipped,skipped,skipped,,9
3012,Michelle BALLANTYNE (Con),Scott REDPATH (Lab),skipped,skipped,skipped,skipped,skipped,skipped,skipped,,9
3013,Michelle BALLANTYNE (Con),Scott REDPATH (Lab),skipped,skipped,skipped,skipped,skipped,skipped,skipped,,9
3014,Michelle BALLANTYNE (Con),Scott REDPATH (Lab),skipped,skipped,skipped,skipped,skipped,skipped,skipped,,9
3015,Michelle BALLANTYNE (Con),Scott REDPATH (Lab),skipped,skipped,skipped,skipped,skipped,skipped,skipped,,9
3016,Michelle BALLANTYNE (Con),Scott REDPATH (Lab),skipped,skipped,skipped,skipped,skipped,skipped,skipped,,9
3017,Michelle BALLANTYNE (Con),Scott REDPATH (Lab),Barbara HARVIE (Grn),skipped,skipped,skipped,skipped,skipped,skipped,,9
3018,Michelle BALLANTYNE (Con),Scott REDPATH (Lab),Barbara HARVIE (Grn),Gordon EDGAR (Ind),Kenneth GUNN (Ind),David BLACK (Ind),Nancy NORMAN (LD),skipped,skipped,,9
3019,Michelle BALLANTYNE (Con),Scott REDPATH (Lab),David BLACK (Ind),Nancy NORMAN (LD),skipped,skipped,skipped,skipped,skipped,,9
3020,Michelle BALLANTYNE (Con),Scott REDPATH (Lab),Gordon EDGAR (Ind),Nancy NORMAN (LD),Kenneth GUNN (Ind),David BLACK (Ind),Barbara HARVIE (Grn),Elaine THORNTON-NICOL (SNP),skipped,,9
3021,Michelle BALLANTYNE (Con),Scott REDPATH (Lab),Nancy NORMAN (LD),skipped,skipped,skipped,skipped,skipped,skipped,,9
3022,Michelle BALLANTYNE (Con),Scott REDPATH (Lab),Nancy NORMAN (LD),skipped,skipped,skipped,skipped,skipped,skipped,,9
3023,Michelle BALLANTYNE (Con),Scott REDPATH (Lab),Nancy NORMAN (LD),skipped,skipped,skipped,skipped,skipped,skipped,,9
3024,Michelle BALLANTYNE (Con),Scott REDPATH (Lab),Nancy NORMAN (LD),Gordon EDGAR (Ind),skipped,skipped,skipped,skipped,skipped,,9
3025,David BLACK (Ind),Kenneth GUNN (Ind),skipped,skipped,skipped,skipped,skipped,skipped,skipped,,9
3026,David BLACK (Ind),Michelle BALLANTYNE (Con),skipped,skipped,skipped,skipped,skipped,skipped,skipped,,9
3027,David BLACK (Ind),Michelle BALLANTYNE (Con),skipped,skipped,skipped,skipped,skipped,skipped,skipped,,9
3028,David BLACK (Ind),Michelle BALLANTYNE (Con),Gordon EDGAR (Ind),Kenneth GUNN (Ind),Nancy NORMAN (LD),Elaine THORNTON-NICOL (SNP),Barbara HARVIE (Grn),Scott REDPATH (Lab),skipped,,9
3029,David BLACK (Ind),Gordon EDGAR (Ind),skipped,skipped,skipped,skipped,skipped,skipped,skipped,,9
3030,David BLACK (Ind),Gordon EDGAR (Ind),skipped,skipped,skipped,skipped,skipped,skipped,skipped,,9
3031,David BLACK (Ind),Gordon EDGAR (Ind),skipped,skipped,skipped,skipped,skipped,skipped,skipped,,9
3032,David BLACK (Ind),Scott REDPATH (Lab),skipped,skipped,skipped,skipped,skipped,skipped,skipped,,9
3033,David BLACK (Ind),Scott REDPATH (Lab),Kenneth GUNN (Ind),skipped,skipped,skipped,skipped,skipped,skipped,,9
3034,Gordon EDGAR (Ind),skipped,skipped,skipped,skipped,skipped,skipped,skipped,skipped,,9
3035,Gordon EDGAR (Ind),skipped,skipped,skipped,skipped,skipped,skipped,skipped,skipped,,9
3036,Gordon EDGAR (Ind),skipped,skipped,skipped,skipped,skipped,skipped,skipped,skipped,,9
3037,Gordon EDGAR (Ind),skipped,skipped,skipped,skipped,skipped,skipped,skipped,skipped,,9
3038,Gordon EDGAR (Ind),skipped,skipped,skipped,skipped,skipped,skipped,skipped,skipped,,9
3039,Gordon EDGAR (Ind),skipped,skipped,skipped,skipped,skipped,skipped,skipped,skipped,,9
3040,Gordon EDGAR (Ind),skipped,skipped,skipped,skipped,skipped,skipped,skipped,skipped,,9
3041,Gordon EDGAR (Ind),skipped,skipped,skipped,skipped,skipped,skipped,skipped,skipped,,9
3042,Gordon EDGAR (Ind),skipped,skipped,skipped,skipped,skipped,skipped,skipped,skipped,,9
3043,Gordon EDGAR (Ind),skipped,skipped,skipped,skipped,skipped,skipped,skipped,skipped,,9
3044,Gordon EDGAR (Ind),skipped,skipped,skipped,skipped,skipped,skipped,skipped,skipped,,9
3045,Gordon EDGAR (Ind),skipped,skipped,skipped,skipped,skipped,skipped,skipped,skipped,,9
3046,Gordon EDGAR (Ind),skipped,skipped,skipped,skipped,skipped,skipped,skipped,skipped,,9
3047,Gordon EDGAR (Ind),skipped,skipped,skipped,skipped,skipped,skipped,skipped,skipped,,9
3048,Gordon EDGAR (Ind),skipped,skipped,skipped,skipped,skipped,skipped,skipped,skipped,,9
3049,Gordon EDGAR (Ind),skipped,skipped,skipped,skipped,skipped,skipped,skipped,skipped,,9
3050,Gordon EDGAR (Ind),skipped,skipped,skipped,skipped,skipped,skipped,skipped,skipped,,9
3051,Gordon EDGAR (Ind),Kenneth GUNN (Ind),skipped,skipped,skipped,skipped,skipped,skipped,skipped,,9
3052,Gordon EDGAR (Ind),Kenneth GUNN (Ind),skipped,skipped,skipped,skipped,skipped,skipped,skipped,,9
3053,Gordon EDGAR (Ind),Kenneth GUNN (Ind),Scott REDPATH (Lab),Elaine THORNTON-NICOL (SNP),Nancy NORMAN (LD),Barbara HARVIE (Grn),David BLACK (Ind),Michelle BALLANTYNE (Con),skipped,,9
3054,Gordon EDGAR (Ind),Elaine THORNTON-NICOL (SNP),skipped,skipped,skipped,skipped,skipped,skipped,skipped,,9
3055,Gordon EDGAR (Ind),Elaine THORNTON-NICOL (SNP),skipped,skipped,skipped,skipped,skipped,skipped,skipped,,9
3056,Gordon EDGAR (Ind),Michelle BALLANTYNE (Con),skipped,skipped,skipped,skipped,skipped,skipped,skipped,,9
3057,Gordon EDGAR (Ind),Michelle BALLANTYNE (Con),skipped,skipped,skipped,skipped,skipped,skipped,skipped,,9
3058,Gordon EDGAR (Ind),Michelle BALLANTYNE (Con),skipped,skipped,skipped,skipped,skipped,skipped,skipped,,9
3059,Gordon EDGAR (Ind),Michelle BALLANTYNE (Con),skipped,skipped,skipped,skipped,skipped,skipped,skipped,,9
3060,Gordon EDGAR (Ind),Michelle BALLANTYNE (Con),Kenneth GUNN (Ind),skipped,skipped,skipped,skipped,skipped,skipped,,9
3061,Gordon EDGAR (Ind),Michelle BALLANTYNE (Con),Kenneth GUNN (Ind),skipped,skipped,skipped,skipped,skipped,skipped,,9
3062,Gordon EDGAR (Ind),Michelle BALLANTYNE (Con),Kenneth GUNN (Ind),skipped,skipped,skipped,skipped,skipped,skipped,,9
3063,Gordon EDGAR (Ind),Michelle BALLANTYNE (Con),Kenneth GUNN (Ind),David BLACK (Ind),Barbara HARVIE (Grn),Nancy NORMAN (LD),Scott REDPATH (Lab),Elaine THORNTON-NICOL (SNP),skipped,,9
3064,Gordon EDGAR (Ind),Michelle BALLANTYNE (Con),Nancy NORMAN (LD),Scott REDPATH (Lab),skipped,skipped,skipped,skipped,skipped,,9
3065,Gordon EDGAR (Ind),David BLACK (Ind),skipped,skipped,skipped,skipped,skipped,skipped,skipped,,9
3066,Gordon EDGAR (Ind),David BLACK (Ind),skipped,skipped,skipped,skipped,skipped,skipped,skipped,,9
3067,Gordon EDGAR (Ind),Nancy NORMAN (LD),skipped,skipped,skipped,skipped,skipped,skipped,skipped,,9
3068,Nancy NORMAN (LD),Elaine THORNTON-NICOL (SNP),skipped,skipped,skipped,skipped,skipped,skipped,skipped,,9
3069,Nancy NORMAN (LD),Elaine THORNTON-NICOL (SNP),Barbara HARVIE (Grn),Michelle BALLANTYNE (Con),David BLACK (Ind),Gordon EDGAR (Ind),Kenneth GUNN (Ind),Scott REDPATH (Lab),skipped,,9
3070,Nancy NORMAN (LD),Michelle BALLANTYNE (Con),skipped,skipped,skipped,skipped,skipped,skipped,skipped,,9
3071,Nancy NORMAN (LD),Michelle BALLANTYNE (Con),skipped,skipped,skipped,skipped,skipped,skipped,skipped,,9
3072,Nancy NORMAN (LD),Michelle BALLANTYNE (Con),Barbara HARVIE (Grn),David BLACK (Ind),skipped,skipped,skipped,skipped,skipped,,9
3073,Nancy NORMAN (LD),Gordon EDGAR (Ind),skipped,skipped,skipped,skipped,skipped,skipped,skipped,,9
3074,Nancy NORMAN (LD),Gordon EDGAR (Ind),skipped,skipped,skipped,skipped,skipped,skipped,skipped,,9
3075,Nancy NORMAN (LD),Scott REDPATH (Lab),Michelle BALLANTYNE (Con),skipped,skipped,skipped,skipped,skipped,skipped,,9
3076,Scott REDPATH (Lab),skipped,skipped,skipped,skipped,skipped,skipped,skipped,skipped,,9
3077,Scott REDPATH (Lab),Kenneth GUNN (Ind),skipped,skipped,skipped,skipped,skipped,skipped,skipped,,9
3078,Scott REDPATH (Lab),Kenneth GUNN (Ind),skipped,skipped,skipped,skipped,skipped,skipped,skipped,,9
3079,Scott REDPATH (Lab),Elaine THORNTON-NICOL (SNP),skipped,skipped,skipped,skipped,skipped,skipped,skipped,,9
3080,Scott REDPATH (Lab),Michelle BALLANTYNE (Con),skipped,skipped,skipped,skipped,skipped,skipped,skipped,,9
3081,Scott REDPATH (Lab),David BLACK (Ind),skipped,skipped,skipped,skipped,skipped,skipped,skipped,,9
3082,Scott REDPATH (Lab),David BLACK (Ind),skipped,skipped,skipped,skipped,skipped,skipped,skipped,,9
3083,Scott REDPATH (Lab),David BLACK (Ind),skipped,skipped,skipped,skipped,skipped,skipped,skipped,,9
3084,Scott REDPATH (Lab),Gordon EDGAR (Ind),skipped,skipped,skipped,skipped,skipped,skipped,skipped,,9
3085,Scott REDPATH (Lab),Nancy NORMAN (LD),Elaine THORNTON-NICOL (SNP),skipped,skipped,skipped,skipped,skipped,skipped,,9
3086,Scott REDPATH (Lab),Nancy NORMAN (LD),Barbara HARVIE (Grn),Michelle BALLANTYNE (Con),Gordon EDGAR (Ind),David BLACK (Ind),Kenneth GUNN (Ind),Elaine THORNTON-NICOL (SNP),skipped,,9
3087,Scott REDPATH (Lab),Nancy NORMAN (LD),Barbara HARVIE (Grn),David BLACK (Ind),Kenneth GUNN (Ind),skipped,skipped,skipped,skipped,,9
3088,Scott REDPATH (Lab),Nancy NORMAN (LD),David BLACK (Ind),Michelle BALLANTYNE (Con),skipped,skipped,skipped,skipped,skipped,,9
3089,David BLACK (Ind),skipped,skipped,skipped,skipped,skipped,skipped,skipped,skipped,,9
3090,David BLACK (Ind),skipped,skipped,skipped,skipped,skipped,skipped,skipped,skipped,,9
3091,David BLACK (Ind),skipped,skipped,skipped,skipped,skipped,skipped,skipped,skipped,,9
3092,David BLACK (Ind),skipped,skipped,skipped,skipped,skipped,skipped,skipped,skipped,,9
3093,David BLACK (Ind),skipped,skipped,skipped,skipped,skipped,skipped,skipped,skipped,,9
3094,David BLACK (Ind),skipped,skipped,skipped,skipped,skipped,skipped,skipped,skipped,,9
3095,David BLACK (Ind),skipped,skipped,skipped,skipped,skipped,skipped,skipped,skipped,,9
3096,David BLACK (Ind),skipped,skipped,skipped,skipped,skipped,skipped,skipped,skipped,,9
3097,David BLACK (Ind),skipped,skipped,skipped,skipped,skipped,skipped,skipped,skipped,,9
3098,David BLACK (Ind),skipped,skipped,skipped,skipped,skipped,skipped,skipped,skipped,,9
3099,David BLACK (Ind),skipped,skipped,skipped,skipped,skipped,skipped,skipped,skipped,,9
3100,David BLACK (Ind),skipped,skipped,skipped,skipped,skipped,skipped,skipped,skipped,,9
3101,David BLACK (Ind),skipped,skipped,skipped,skipped,skipped,skipped,skipped,skipped,,9
3102,David BLACK (Ind),skipped,skipped,skipped,skipped,skipped,skipped,skipped,skipped,,9
3103,David BLACK (Ind),skipped,skipped,skipped,skipped,skipped,skipped,skipped,skipped,,9
3104,David BLACK (Ind),skipped,skipped,skipped,skipped,skipped,skipped,skipped,skipped,,9
3105,David BLACK (Ind),skipped,skipped,skipped,skipped,skipped,skipped,skipped,skipped,,9
3106,David BLACK (Ind),skipped,skipped,skipped,skipped,skipped,skipped,skipped,skipped,,9
3107,David BLACK (Ind),skipped,skipped,skipped,skipped,skipped,skipped,skipped,skipped,,9
3108,David BLACK (Ind),skipped,skipped,skipped,skipped,skipped,skipped,skipped,skipped,,9
3109,David BLACK (Ind),Kenneth GUNN (Ind),skipped,skipped,skipped,skipped,skipped,skipped,skipped,,9
3110,David BLACK (Ind),Kenneth GUNN (Ind),skipped,skipped,skipped,skipped,skipped,skipped,skipped,,9
3111,David BLACK (Ind),Kenneth GUNN (Ind),skipped,skipped,skipped,skipped,skipped,skipped,skipped,,9
3112,David BLACK (Ind),Kenneth GUNN (Ind),skipped,skipped,skipped,skipped,skipped,skipped,skipped,,9
3113,David BLACK (Ind),Kenneth GUNN (Ind),Michelle BALLANTYNE (Con),skipped,skipped,skipped,skipped,skipped,skipped,,9
3114,David BLACK (Ind),Kenneth GUNN (Ind),Gordon EDGAR (Ind),skipped,skipped,skipped,skipped,skipped,skipped,,9
3115,David BLACK (Ind),Kenneth GUNN (Ind),Gordon EDGAR (Ind),skipped,skipped,skipped,skipped,skipped,skipped,,9
3116,David BLACK (Ind),Kenneth GUNN (Ind),Gordon EDGAR (Ind),skipped,skipped,skipped,skipped,skipped,skipped,,9
3117,David BLACK (Ind),Kenneth GUNN (Ind),Gordon EDGAR (Ind),Michelle BALLANTYNE (Con),skipped,skipped,skipped,skipped,skipped,,9
3118,David BLACK (Ind),Kenneth GUNN (Ind),Gordon EDGAR (Ind),Nancy NORMAN (LD),skipped,skipped,skipped,skipped,skipped,,9
3119,David BLACK (Ind),Kenneth GUNN (Ind),Gordon EDGAR (Ind),Nancy NORMAN (LD),Scott REDPATH (Lab),Elaine THORNTON-NICOL (SNP),Barbara HARVIE (Grn),Michelle BALLANTYNE (Con),skipped,,9
3120,David BLACK (Ind),Kenneth GUNN (Ind),Nancy NORMAN (LD),Scott REDPATH (Lab),Michelle BALLANTYNE (Con),skipped,skipped,skipped,skipped,,9
3121,David BLACK (Ind),Kenneth GUNN (Ind),Scott REDPATH (Lab),skipped,skipped,skipped,skipped,skipped,skipped,,9
3122,David BLACK (Ind),Elaine THORNTON-NICOL (SNP),skipped,skipped,skipped,skipped,skipped,skipped,skipped,,9
3123,David BLACK (Ind),Elaine THORNTON-NICOL (SNP),Kenneth GUNN (Ind),skipped,skipped,skipped,skipped,skipped,skipped,,9
3124,David BLACK (Ind),Elaine THORNTON-NICOL (SNP),Kenneth GUNN (Ind),skipped,skipped,skipped,skipped,skipped,skipped,,9
3125,David BLACK (Ind),Elaine THORNTON-NICOL (SNP),Kenneth GUNN (Ind),Scott REDPATH (Lab),skipped,skipped,skipped,skipped,skipped,,9
3126,David BLACK (Ind),Elaine THORNTON-NICOL (SNP),Barbara HARVIE (Grn),skipped,skipped,skipped,skipped,skipped,skipped,,9
3127,David BLACK (Ind),Elaine THORNTON-NICOL (SNP),Barbara HARVIE (Grn),Kenneth GUNN (Ind),Gordon EDGAR (Ind),Nancy NORMAN (LD),Scott REDPATH (Lab),Michelle BALLANTYNE (Con),skipped,,9
3128,David BLACK (Ind),Elaine THORNTON-NICOL (SNP),Michelle BALLANTYNE (Con),skipped,skipped,skipped,skipped,skipped,skipped,,9
3129,David BLACK (Ind),Elaine THORNTON-NICOL (SNP),Michelle BALLANTYNE (Con),skipped,skipped,skipped,skipped,skipped,skipped,,9
3130,David BLACK (Ind),Elaine THORNTON-NICOL (SNP),Michelle BALLANTYNE (Con),Scott REDPATH (Lab),Kenneth GUNN (Ind),Barbara HARVIE (Grn),Nancy NORMAN (LD),Gordon EDGAR (Ind),skipped,,9
3131,David BLACK (Ind),Elaine THORNTON-NICOL (SNP),Gordon EDGAR (Ind),skipped,skipped,skipped,skipped,skipped,skipped,,9
3132,David BLACK (Ind),Elaine THORNTON-NICOL (SNP),Gordon EDGAR (Ind),Kenneth GUNN (Ind),skipped,skipped,skipped,skipped,skipped,,9
3133,David BLACK (Ind),Elaine THORNTON-NICOL (SNP),Nancy NORMAN (LD),skipped,skipped,skipped,skipped,skipped,skipped,,9
3134,David BLACK (Ind),Barbara HARVIE (Grn),skipped,skipped,skipped,skipped,skipped,skipped,skipped,,9
3135,David BLACK (Ind),Barbara HARVIE (Grn),skipped,skipped,skipped,skipped,skipped,skipped,skipped,,9
3136,David BLACK (Ind),Barbara HARVIE (Grn),skipped,skipped,skipped,skipped,skipped,skipped,skipped,,9
3137,David BLACK (Ind),Barbara HARVIE (Grn),Nancy NORMAN (LD),skipped,skipped,skipped,skipped,skipped,skipped,,9
3138,David BLACK (Ind),Barbara HARVIE (Grn),Nancy NORMAN (LD),skipped,skipped,skipped,skipped,skipped,skipped,,9
3139,David BLACK (Ind),Barbara HARVIE (Grn),Nancy NORMAN (LD),Scott REDPATH (Lab),Kenneth GUNN (Ind),Elaine THORNTON-NICOL (SNP),Gordon EDGAR (Ind),skipped,skipped,,9
3140,David BLACK (Ind),Barbara HARVIE (Grn),Scott REDPATH (Lab),skipped,skipped,skipped,skipped,skipped,skipped,,9
3141,David BLACK (Ind),Barbara HARVIE (Grn),Scott REDPATH (Lab),Gordon EDGAR (Ind),skipped,skipped,skipped,skipped,skipped,,9
3142,David BLACK (Ind),Michelle BALLANTYNE (Con),skipped,skipped,skipped,skipped,skipped,skipped,skipped,,9
3143,David BLACK (Ind),Michelle BALLANTYNE (Con),skipped,skipped,skipped,skipped,skipped,skipped,skipped,,9
3144,David BLACK (Ind),Michelle BALLANTYNE (Con),skipped,skipped,skipped,skipped,skipped,skipped,skipped,,9
3145,David BLACK (Ind),Michelle BALLANTYNE (Con),skipped,skipped,skipped,skipped,skipped,skipped,skipped,,9
3146,David BLACK (Ind),Michelle BALLANTYNE (Con),Elaine THORNTON-NICOL (SNP),skipped,skipped,skipped,skipped,skipped,skipped,,9
3147,David BLACK (Ind),Michelle BALLANTYNE (Con),Elaine THORNTON-NICOL (SNP),skipped,skipped,skipped,skipped,skipped,skipped,,9
3148,David BLACK (Ind),Michelle BALLANTYNE (Con),Barbara HARVIE (Grn),skipped,skipped,skipped,skipped,skipped,skipped,,9
3149,David BLACK (Ind),Michelle BALLANTYNE (Con),skipped,skipped,skipped,skipped,skipped,skipped,skipped,,9
3150,David BLACK (Ind),Michelle BALLANTYNE (Con),Gordon EDGAR (Ind),skipped,skipped,skipped,skipped,skipped,skipped,,9
3151,David BLACK (Ind),Michelle BALLANTYNE (Con),Nancy NORMAN (LD),Scott REDPATH (Lab),skipped,skipped,skipped,skipped,skipped,,9
3152,David BLACK (Ind),Michelle BALLANTYNE (Con),Gordon EDGAR (Ind),Kenneth GUNN (Ind),skipped,skipped,skipped,skipped,skipped,,9
3153,David BLACK (Ind),Michelle BALLANTYNE (Con),Nancy NORMAN (LD),skipped,skipped,skipped,skipped,skipped,skipped,,9
3154,David BLACK (Ind),skipped,skipped,skipped,skipped,skipped,skipped,skipped,skipped,,9
3155,David BLACK (Ind),skipped,skipped,skipped,skipped,skipped,skipped,skipped,skipped,,9
3156,David BLACK (Ind),skipped,skipped,skipped,skipped,skipped,skipped,skipped,skipped,,9
3157,David BLACK (Ind),skipped,skipped,skipped,skipped,skipped,skipped,skipped,skipped,,9
3158,David BLACK (Ind),Kenneth GUNN (Ind),Barbara HARVIE (Grn),Nancy NORMAN (LD),Scott REDPATH (Lab),Michelle BALLANTYNE (Con),Elaine THORNTON-NICOL (SNP),Gordon EDGAR (Ind),skipped,,9
3159,David BLACK (Ind),Elaine THORNTON-NICOL (SNP),Michelle BALLANTYNE (Con),skipped,skipped,skipped,skipped,skipped,skipped,,9
3160,David BLACK (Ind),Elaine THORNTON-NICOL (SNP),Gordon EDGAR (Ind),Michelle BALLANTYNE (Con),skipped,skipped,skipped,skipped,skipped,,9
3161,David BLACK (Ind),Michelle BALLANTYNE (Con),Gordon EDGAR (Ind),Kenneth GUNN (Ind),Barbara HARVIE (Grn),Elaine THORNTON-NICOL (SNP),Scott REDPATH (Lab),Nancy NORMAN (LD),skipped,,9
3162,David BLACK (Ind),Nancy NORMAN (LD),skipped,skipped,skipped,skipped,skipped,skipped,skipped,,9
3163,David BLACK (Ind),Gordon EDGAR (Ind),skipped,skipped,skipped,skipped,skipped,skipped,skipped,,9
3164,David BLACK (Ind),Gordon EDGAR (Ind),skipped,skipped,skipped,skipped,skipped,skipped,skipped,,9
3165,David BLACK (Ind),Gordon EDGAR (Ind),skipped,skipped,skipped,skipped,skipped,skipped,skipped,,9
3166,David BLACK (Ind),Gordon EDGAR (Ind),Kenneth GUNN (Ind),skipped,skipped,skipped,skipped,skipped,skipped,,9
3167,David BLACK (Ind),Gordon EDGAR (Ind),Kenneth GUNN (Ind),skipped,skipped,skipped,skipped,skipped,skipped,,9
3168,David BLACK (Ind),Gordon EDGAR (Ind),Kenneth GUNN (Ind),skipped,skipped,skipped,skipped,skipped,skipped,,9
3169,David BLACK (Ind),Gordon EDGAR (Ind),Kenneth GUNN (Ind),skipped,skipped,skipped,skipped,skipped,skipped,,9
3170,David BLACK (Ind),Gordon EDGAR (Ind),Kenneth GUNN (Ind),skipped,skipped,skipped,skipped,skipped,skipped,,9
3171,David BLACK (Ind),Gordon EDGAR (Ind),Kenneth GUNN (Ind),skipped,skipped,skipped,skipped,skipped,skipped,,9
3172,David BLACK (Ind),Gordon EDGAR (Ind),Kenneth GUNN (Ind),skipped,skipped,skipped,skipped,skipped,skipped,,9
3173,David BLACK (Ind),Gordon EDGAR (Ind),Kenneth GUNN (Ind),Elaine THORNTON-NICOL (SNP),Barbara HARVIE (Grn),skipped,skipped,skipped,skipped,,9
3174,David BLACK (Ind),Gordon EDGAR (Ind),Kenneth GUNN (Ind),Elaine THORNTON-NICOL (SNP),Barbara HARVIE (Grn),Nancy NORMAN (LD),skipped,skipped,skipped,,9
3175,David BLACK (Ind),Gordon EDGAR (Ind),Kenneth GUNN (Ind),Barbara HARVIE (Grn),skipped,skipped,skipped,skipped,skipped,,9
3176,David BLACK (Ind),Gordon EDGAR (Ind),Kenneth GUNN (Ind),Barbara HARVIE (Grn),Elaine THORNTON-NICOL (SNP),skipped,skipped,skipped,skipped,,9
3177,David BLACK (Ind),Gordon EDGAR (Ind),Kenneth GUNN (Ind),Barbara HARVIE (Grn),Nancy NORMAN (LD),Scott REDPATH (Lab),skipped,skipped,skipped,,9
3178,David BLACK (Ind),Gordon EDGAR (Ind),Kenneth GUNN (Ind),Barbara HARVIE (Grn),Nancy NORMAN (LD),Scott REDPATH (Lab),Elaine THORNTON-NICOL (SNP),Michelle BALLANTYNE (Con),skipped,,9
3179,David BLACK (Ind),Gordon EDGAR (Ind),Kenneth GUNN (Ind),Michelle BALLANTYNE (Con),skipped,skipped,skipped,skipped,skipped,,9
3180,David BLACK (Ind),Gordon EDGAR (Ind),Kenneth GUNN (Ind),skipped,skipped,skipped,skipped,skipped,skipped,,9
3181,David BLACK (Ind),Gordon EDGAR (Ind),Kenneth GUNN (Ind),Michelle BALLANTYNE (Con),Scott REDPATH (Lab),skipped,skipped,skipped,skipped,,9
3182,David BLACK (Ind),Gordon EDGAR (Ind),Elaine THORNTON-NICOL (SNP),skipped,skipped,skipped,skipped,skipped,skipped,,9
3183,David BLACK (Ind),Gordon EDGAR (Ind),Barbara HARVIE (Grn),skipped,skipped,skipped,skipped,skipped,skipped,,9
3184,David BLACK (Ind),Gordon EDGAR (Ind),Barbara HARVIE (Grn),Nancy NORMAN (LD),Scott REDPATH (Lab),skipped,skipped,skipped,skipped,,9
3185,David BLACK (Ind),Gordon EDGAR (Ind),Barbara HARVIE (Grn),Scott REDPATH (Lab),skipped,skipped,skipped,skipped,skipped,,9
3186,David BLACK (Ind),Gordon EDGAR (Ind),Barbara HARVIE (Grn),Scott REDPATH (Lab),Elaine THORNTON-NICOL (SNP),Nancy NORMAN (LD),skipped,skipped,skipped,,9
3187,David BLACK (Ind),Gordon EDGAR (Ind),Michelle BALLANTYNE (Con),skipped,skipped,skipped,skipped,skipped,skipped,,9
3188,David BLACK (Ind),Gordon EDGAR (Ind),Michelle BALLANTYNE (Con),skipped,skipped,skipped,skipped,skipped,skipped,,9
3189,David BLACK (Ind),Gordon EDGAR (Ind),Michelle BALLANTYNE (Con),skipped,skipped,skipped,skipped,skipped,skipped,,9
3190,David BLACK (Ind),Gordon EDGAR (Ind),Michelle BALLANTYNE (Con),skipped,skipped,skipped,skipped,skipped,skipped,,9
3191,David BLACK (Ind),Gordon EDGAR (Ind),Michelle BALLANTYNE (Con),skipped,skipped,skipped,skipped,skipped,skipped,,9
3192,David BLACK (Ind),Gordon EDGAR (Ind),Michelle BALLANTYNE (Con),skipped,skipped,skipped,skipped,skipped,skipped,,9
3193,David BLACK (Ind),Gordon EDGAR (Ind),Michelle BALLANTYNE (Con),Kenneth GUNN (Ind),Scott REDPATH (Lab),Elaine THORNTON-NICOL (SNP),Nancy NORMAN (LD),Barbara HARVIE (Grn),skipped,,9
3194,David BLACK (Ind),Gordon EDGAR (Ind),skipped,skipped,skipped,skipped,skipped,skipped,skipped,,9
3195,David BLACK (Ind),Gordon EDGAR (Ind),skipped,skipped,skipped,skipped,skipped,skipped,skipped,,9
3196,David BLACK (Ind),Gordon EDGAR (Ind),skipped,skipped,skipped,skipped,skipped,skipped,skipped,,9
3197,David BLACK (Ind),Gordon EDGAR (Ind),Michelle BALLANTYNE (Con),Kenneth GUNN (Ind),skipped,skipped,skipped,skipped,skipped,,9
3198,David BLACK (Ind),Gordon EDGAR (Ind),Nancy NORMAN (LD),Barbara HARVIE (Grn),Scott REDPATH (Lab),skipped,skipped,skipped,skipped,,9
3199,David BLACK (Ind),Nancy NORMAN (LD),skipped,skipped,skipped,skipped,skipped,skipped,skipped,,9
3200,David BLACK (Ind),Nancy NORMAN (LD),Barbara HARVIE (Grn),Michelle BALLANTYNE (Con),Scott REDPATH (Lab),skipped,skipped,skipped,skipped,,9
3201,David BLACK (Ind),Nancy NORMAN (LD),Michelle BALLANTYNE (Con),skipped,skipped,skipped,skipped,skipped,skipped,,9
3202,David BLACK (Ind),Nancy NORMAN (LD),Scott REDPATH (Lab),Michelle BALLANTYNE (Con),skipped,skipped,skipped,skipped,skipped,,9
3203,David BLACK (Ind),Scott REDPATH (Lab),skipped,skipped,skipped,skipped,skipped,skipped,skipped,,9
3204,David BLACK (Ind),Scott REDPATH (Lab),Kenneth GUNN (Ind),skipped,skipped,skipped,skipped,skipped,skipped,,9
3205,David BLACK (Ind),Scott REDPATH (Lab),Barbara HARVIE (Grn),skipped,skipped,skipped,skipped,skipped,skipped,,9
3206,David BLACK (Ind),Scott REDPATH (Lab),Barbara HARVIE (Grn),Kenneth GUNN (Ind),Gordon EDGAR (Ind),Nancy NORMAN (LD),Elaine THORNTON-NICOL (SNP),Michelle BALLANTYNE (Con),skipped,,9
3207,David BLACK (Ind),Scott REDPATH (Lab),Michelle BALLANTYNE (Con),skipped,skipped,skipped,skipped,skipped,skipped,,9
3208,David BLACK (Ind),Scott REDPATH (Lab),Michelle BALLANTYNE (Con),skipped,skipped,skipped,skipped,skipped,skipped,,9
3209,David BLACK (Ind),Scott REDPATH (Lab),Gordon EDGAR (Ind),Michelle BALLANTYNE (Con),skipped,skipped,skipped,skipped,skipped,,9
3210,David BLACK (Ind),Scott REDPATH (Lab),Nancy NORMAN (LD),Barbara HARVIE (Grn),Kenneth GUNN (Ind),Gordon EDGAR (Ind),Michelle BALLANTYNE (Con),Elaine THORNTON-NICOL (SNP),skipped,,9
3211,David BLACK (Ind),Scott REDPATH (Lab),Nancy NORMAN (LD),Barbara HARVIE (Grn),Gordon EDGAR (Ind),Kenneth GUNN (Ind),Michelle BALLANTYNE (Con),Elaine THORNTON-NICOL (SNP),skipped,,9
3212,Gordon EDGAR (Ind),skipped,skipped,skipped,skipped,skipped,skipped,skipped,skipped,,9
3213,Gordon EDGAR (Ind),skipped,skipped,skipped,skipped,skipped,skipped,skipped,skipped,,9
3214,Gordon EDGAR (Ind),skipped,skipped,skipped,skipped,skipped,skipped,skipped,skipped,,9
3215,Gordon EDGAR (Ind),skipped,skipped,skipped,skipped,skipped,skipped,skipped,skipped,,9
3216,Gordon EDGAR (Ind),skipped,skipped,skipped,skipped,skipped,skipped,skipped,skipped,,9
3217,Gordon EDGAR (Ind),skipped,skipped,skipped,skipped,skipped,skipped,skipped,skipped,,9
3218,Gordon EDGAR (Ind),skipped,skipped,skipped,skipped,skipped,skipped,skipped,skipped,,9
3219,Gordon EDGAR (Ind),skipped,skipped,skipped,skipped,skipped,skipped,skipped,skipped,,9
3220,Gordon EDGAR (Ind),skipped,skipped,skipped,skipped,skipped,skipped,skipped,skipped,,9
3221,Gordon EDGAR (Ind),skipped,skipped,skipped,skipped,skipped,skipped,skipped,skipped,,9
3222,Gordon EDGAR (Ind),skipped,skipped,skipped,skipped,skipped,skipped,skipped,skipped,,9
3223,Gordon EDGAR (Ind),skipped,skipped,skipped,skipped,skipped,skipped,skipped,skipped,,9
3224,Gordon EDGAR (Ind),skipped,skipped,skipped,skipped,skipped,skipped,skipped,skipped,,9
3225,Gordon EDGAR (Ind),skipped,skipped,skipped,skipped,skipped,skipped,skipped,skipped,,9
3226,Gordon EDGAR (Ind),skipped,skipped,skipped,skipped,skipped,skipped,skipped,skipped,,9
3227,Gordon EDGAR (Ind),skipped,skipped,skipped,skipped,skipped,skipped,skipped,skipped,,9
3228,Gordon EDGAR (Ind),skipped,skipped,skipped,skipped,skipped,skipped,skipped,skipped,,9
3229,Gordon EDGAR (Ind),skipped,skipped,skipped,skipped,skipped,skipped,skipped,skipped,,9
3230,Gordon EDGAR (Ind),skipped,skipped,skipped,skipped,skipped,skipped,skipped,skipped,,9
3231,Gordon EDGAR (Ind),skipped,skipped,skipped,skipped,skipped,skipped,skipped,skipped,,9
3232,Gordon EDGAR (Ind),skipped,skipped,skipped,skipped,skipped,skipped,skipped,skipped,,9
3233,Gordon EDGAR (Ind),skipped,skipped,skipped,skipped,skipped,skipped,skipped,skipped,,9
3234,Gordon EDGAR (Ind),skipped,skipped,skipped,skipped,skipped,skipped,skipped,skipped,,9
3235,Gordon EDGAR (Ind),skipped,skipped,skipped,skipped,skipped,skipped,skipped,skipped,,9
3236,Gordon EDGAR (Ind),skipped,skipped,skipped,skipped,skipped,skipped,skipped,skipped,,9
3237,Gordon EDGAR (Ind),skipped,skipped,skipped,skipped,skipped,skipped,skipped,skipped,,9
3238,Gordon EDGAR (Ind),skipped,skipped,skipped,skipped,skipped,skipped,skipped,skipped,,9
3239,Gordon EDGAR (Ind),skipped,skipped,skipped,skipped,skipped,skipped,skipped,skipped,,9
3240,Gordon EDGAR (Ind),skipped,skipped,skipped,skipped,skipped,skipped,skipped,skipped,,9
3241,Gordon EDGAR (Ind),skipped,skipped,skipped,skipped,skipped,skipped,skipped,skipped,,9
3242,Gordon EDGAR (Ind),skipped,skipped,skipped,skipped,skipped,skipped,skipped,skipped,,9
3243,Gordon EDGAR (Ind),skipped,skipped,skipped,skipped,skipped,skipped,skipped,skipped,,9
3244,Gordon EDGAR (Ind),skipped,skipped,skipped,skipped,skipped,skipped,skipped,skipped,,9
3245,Gordon EDGAR (Ind),skipped,skipped,skipped,skipped,skipped,skipped,skipped,skipped,,9
3246,Gordon EDGAR (Ind),skipped,skipped,skipped,skipped,skipped,skipped,skipped,skipped,,9
3247,Gordon EDGAR (Ind),skipped,skipped,skipped,skipped,skipped,skipped,skipped,skipped,,9
3248,Gordon EDGAR (Ind),skipped,skipped,skipped,skipped,skipped,skipped,skipped,skipped,,9
3249,Gordon EDGAR (Ind),skipped,skipped,skipped,skipped,skipped,skipped,skipped,skipped,,9
3250,Gordon EDGAR (Ind),skipped,skipped,skipped,skipped,skipped,skipped,skipped,skipped,,9
3251,Gordon EDGAR (Ind),skipped,skipped,skipped,skipped,skipped,skipped,skipped,skipped,,9
3252,Gordon EDGAR (Ind),skipped,skipped,skipped,skipped,skipped,skipped,skipped,skipped,,9
3253,Gordon EDGAR (Ind),skipped,skipped,skipped,skipped,skipped,skipped,skipped,skipped,,9
3254,Gordon EDGAR (Ind),skipped,skipped,skipped,skipped,skipped,skipped,skipped,skipped,,9
3255,Gordon EDGAR (Ind),skipped,skipped,skipped,skipped,skipped,skipped,skipped,skipped,,9
3256,Gordon EDGAR (Ind),skipped,skipped,skipped,skipped,skipped,skipped,skipped,skipped,,9
3257,Gordon EDGAR (Ind),skipped,skipped,skipped,skipped,skipped,skipped,skipped,skipped,,9
3258,Gordon EDGAR (Ind),skipped,skipped,skipped,skipped,skipped,skipped,skipped,skipped,,9
3259,Gordon EDGAR (Ind),skipped,skipped,skipped,skipped,skipped,skipped,skipped,skipped,,9
3260,Gordon EDGAR (Ind),skipped,skipped,skipped,skipped,skipped,skipped,skipped,skipped,,9
3261,Gordon EDGAR (Ind),skipped,skipped,skipped,skipped,skipped,skipped,skipped,skipped,,9
3262,Gordon EDGAR (Ind),skipped,skipped,skipped,skipped,skipped,skipped,skipped,skipped,,9
3263,Gordon EDGAR (Ind),skipped,skipped,skipped,skipped,skipped,skipped,skipped,skipped,,9
3264,Gordon EDGAR (Ind),skipped,skipped,skipped,skipped,skipped,skipped,skipped,skipped,,9
3265,Gordon EDGAR (Ind),skipped,skipped,skipped,skipped,skipped,skipped,skipped,skipped,,9
3266,Gordon EDGAR (Ind),skipped,skipped,skipped,skipped,skipped,skipped,skipped,skipped,,9
3267,Gordon EDGAR (Ind),skipped,skipped,skipped,skipped,skipped,skipped,skipped,skipped,,9
3268,Gordon EDGAR (Ind),skipped,skipped,skipped,skipped,skipped,skipped,skipped,skipped,,9
3269,Gordon EDGAR (Ind),skipped,skipped,skipped,skipped,skipped,skipped,skipped,skipped,,9
3270,Gordon EDGAR (Ind),skipped,skipped,skipped,skipped,skipped,skipped,skipped,skipped,,9
3271,Gordon EDGAR (Ind),skipped,skipped,skipped,skipped,skipped,skipped,skipped,skipped,,9
3272,Gordon EDGAR (Ind),skipped,skipped,skipped,skipped,skipped,skipped,skipped,skipped,,9
3273,Gordon EDGAR (Ind),skipped,skipped,skipped,skipped,skipped,skipped,skipped,skipped,,9
3274,Gordon EDGAR (Ind),skipped,skipped,skipped,skipped,skipped,skipped,skipped,skipped,,9
3275,Gordon EDGAR (Ind),skipped,skipped,skipped,skipped,skipped,skipped,skipped,skipped,,9
3276,Gordon EDGAR (Ind),skipped,skipped,skipped,skipped,skipped,skipped,skipped,skipped,,9
3277,Gordon EDGAR (Ind),skipped,skipped,skipped,skipped,skipped,skipped,skipped,skipped,,9
3278,Gordon EDGAR (Ind),skipped,skipped,skipped,skipped,skipped,skipped,skipped,skipped,,9
3279,Gordon EDGAR (Ind),skipped,skipped,skipped,skipped,skipped,skipped,skipped,skipped,,9
3280,Gordon EDGAR (Ind),skipped,skipped,skipped,skipped,skipped,skipped,skipped,skipped,,9
3281,Gordon EDGAR (Ind),skipped,skipped,skipped,skipped,skipped,skipped,skipped,skipped,,9
3282,Gordon EDGAR (Ind),skipped,skipped,skipped,skipped,skipped,skipped,skipped,skipped,,9
3283,Gordon EDGAR (Ind),skipped,skipped,skipped,skipped,skipped,skipped,skipped,skipped,,9
3284,Gordon EDGAR (Ind),skipped,skipped,skipped,skipped,skipped,skipped,skipped,skipped,,9
3285,Gordon EDGAR (Ind),skipped,skipped,skipped,skipped,skipped,skipped,skipped,skipped,,9
3286,Gordon EDGAR (Ind),skipped,skipped,skipped,skipped,skipped,skipped,skipped,skipped,,9
3287,Gordon EDGAR (Ind),skipped,skipped,skipped,skipped,skipped,skipped,skipped,skipped,,9
3288,Gordon EDGAR (Ind),skipped,skipped,skipped,skipped,skipped,skipped,skipped,skipped,,9
3289,Gordon EDGAR (Ind),skipped,skipped,skipped,skipped,skipped,skipped,skipped,skipped,,9
3290,Gordon EDGAR (Ind),skipped,skipped,skipped,skipped,skipped,skipped,skipped,skipped,,9
3291,Gordon EDGAR (Ind),skipped,skipped,skipped,skipped,skipped,skipped,skipped,skipped,,9
3292,Gordon EDGAR (Ind),skipped,skipped,skipped,skipped,skipped,skipped,skipped,skipped,,9
3293,Gordon EDGAR (Ind),skipped,skipped,skipped,skipped,skipped,skipped,skipped,skipped,,9
3294,Gordon EDGAR (Ind),skipped,skipped,skipped,skipped,skipped,skipped,skipped,skipped,,9
3295,Gordon EDGAR (Ind),skipped,skipped,skipped,skipped,skipped,skipped,skipped,skipped,,9
3296,Gordon EDGAR (Ind),skipped,skipped,skipped,skipped,skipped,skipped,skipped,skipped,,9
3297,Gordon EDGAR (Ind),skipped,skipped,skipped,skipped,skipped,skipped,skipped,skipped,,9
3298,Gordon EDGAR (Ind),skipped,skipped,skipped,skipped,skipped,skipped,skipped,skipped,,9
3299,Gordon EDGAR (Ind),Kenneth GUNN (Ind),skipped,skipped,skipped,skipped,skipped,skipped,skipped,,9
3300,Gordon EDGAR (Ind),Kenneth GUNN (Ind),skipped,skipped,skipped,skipped,skipped,skipped,skipped,,9
3301,Gordon EDGAR (Ind),Kenneth GUNN (Ind),skipped,skipped,skipped,skipped,skipped,skipped,skipped,,9
3302,Gordon EDGAR (Ind),Kenneth GUNN (Ind),skipped,skipped,skipped,skipped,skipped,skipped,skipped,,9
3303,Gordon EDGAR (Ind),Kenneth GUNN (Ind),skipped,skipped,skipped,skipped,skipped,skipped,skipped,,9
3304,Gordon EDGAR (Ind),Kenneth GUNN (Ind),skipped,skipped,skipped,skipped,skipped,skipped,skipped,,9
3305,Gordon EDGAR (Ind),Kenneth GUNN (Ind),skipped,skipped,skipped,skipped,skipped,skipped,skipped,,9
3306,Gordon EDGAR (Ind),Kenneth GUNN (Ind),skipped,skipped,skipped,skipped,skipped,skipped,skipped,,9
3307,Gordon EDGAR (Ind),Kenneth GUNN (Ind),skipped,skipped,skipped,skipped,skipped,skipped,skipped,,9
3308,Gordon EDGAR (Ind),Kenneth GUNN (Ind),skipped,skipped,skipped,skipped,skipped,skipped,skipped,,9
3309,Gordon EDGAR (Ind),Kenneth GUNN (Ind),skipped,skipped,skipped,skipped,skipped,skipped,skipped,,9
3310,Gordon EDGAR (Ind),Kenneth GUNN (Ind),skipped,skipped,skipped,skipped,skipped,skipped,skipped,,9
3311,Gordon EDGAR (Ind),Kenneth GUNN (Ind),skipped,skipped,skipped,skipped,skipped,skipped,skipped,,9
3312,Gordon EDGAR (Ind),Kenneth GUNN (Ind),skipped,skipped,skipped,skipped,skipped,skipped,skipped,,9
3313,Gordon EDGAR (Ind),Kenneth GUNN (Ind),skipped,skipped,skipped,skipped,skipped,skipped,skipped,,9
3314,Gordon EDGAR (Ind),Kenneth GUNN (Ind),skipped,skipped,skipped,skipped,skipped,skipped,skipped,,9
3315,Gordon EDGAR (Ind),Kenneth GUNN (Ind),skipped,skipped,skipped,skipped,skipped,skipped,skipped,,9
3316,Gordon EDGAR (Ind),Kenneth GUNN (Ind),skipped,skipped,skipped,skipped,skipped,skipped,skipped,,9
3317,Gordon EDGAR (Ind),Kenneth GUNN (Ind),skipped,skipped,skipped,skipped,skipped,skipped,skipped,,9
3318,Gordon EDGAR (Ind),Kenneth GUNN (Ind),skipped,skipped,skipped,skipped,skipped,skipped,skipped,,9
3319,Gordon EDGAR (Ind),Kenneth GUNN (Ind),skipped,skipped,skipped,skipped,skipped,skipped,skipped,,9
3320,Gordon EDGAR (Ind),Kenneth GUNN (Ind),skipped,skipped,skipped,skipped,skipped,skipped,skipped,,9
3321,Gordon EDGAR (Ind),Kenneth GUNN (Ind),skipped,skipped,skipped,skipped,skipped,skipped,skipped,,9
3322,Gordon EDGAR (Ind),Kenneth GUNN (Ind),skipped,skipped,skipped,skipped,skipped,skipped,skipped,,9
3323,Gordon EDGAR (Ind),Kenneth GUNN (Ind),skipped,skipped,skipped,skipped,skipped,skipped,skipped,,9
3324,Gordon EDGAR (Ind),Kenneth GUNN (Ind),skipped,skipped,skipped,skipped,skipped,skipped,skipped,,9
3325,Gordon EDGAR (Ind),Kenneth GUNN (Ind),skipped,skipped,skipped,skipped,skipped,skipped,skipped,,9
3326,Gordon EDGAR (Ind),Kenneth GUNN (Ind),skipped,skipped,skipped,skipped,skipped,skipped,skipped,,9
3327,Gordon EDGAR (Ind),Kenneth GUNN (Ind),skipped,skipped,skipped,skipped,skipped,skipped,skipped,,9
3328,Gordon EDGAR (Ind),Kenneth GUNN (Ind),skipped,skipped,skipped,skipped,skipped,skipped,skipped,,9
3329,Gordon EDGAR (Ind),Kenneth GUNN (Ind),Elaine THORNTON-NICOL (SNP),skipped,skipped,skipped,skipped,skipped,skipped,,9
3330,Gordon EDGAR (Ind),Kenneth GUNN (Ind),Elaine THORNTON-NICOL (SNP),skipped,skipped,skipped,skipped,skipped,skipped,,9
3331,Gordon EDGAR (Ind),Kenneth GUNN (Ind),Elaine THORNTON-NICOL (SNP),skipped,skipped,skipped,skipped,skipped,skipped,,9
3332,Gordon EDGAR (Ind),Kenneth GUNN (Ind),Elaine THORNTON-NICOL (SNP),skipped,skipped,skipped,skipped,skipped,skipped,,9
3333,Gordon EDGAR (Ind),Kenneth GUNN (Ind),Elaine THORNTON-NICOL (SNP),skipped,skipped,skipped,skipped,skipped,skipped,,9
3334,Gordon EDGAR (Ind),Kenneth GUNN (Ind),Elaine THORNTON-NICOL (SNP),skipped,skipped,skipped,skipped,skipped,skipped,,9
3335,Gordon EDGAR (Ind),Kenneth GUNN (Ind),Elaine THORNTON-NICOL (SNP),skipped,skipped,skipped,skipped,skipped,skipped,,9
3336,Gordon EDGAR (Ind),Kenneth GUNN (Ind),Elaine THORNTON-NICOL (SNP),skipped,skipped,skipped,skipped,skipped,skipped,,9
3337,Gordon EDGAR (Ind),Kenneth GUNN (Ind),Elaine THORNTON-NICOL (SNP),skipped,skipped,skipped,skipped,skipped,skipped,,9
3338,Gordon EDGAR (Ind),Kenneth GUNN (Ind),Elaine THORNTON-NICOL (SNP),skipped,skipped,skipped,skipped,skipped,skipped,,9
3339,Gordon EDGAR (Ind),Kenneth GUNN (Ind),Elaine THORNTON-NICOL (SNP),skipped,skipped,skipped,skipped,skipped,skipped,,9
3340,Gordon EDGAR (Ind),Kenneth GUNN (Ind),Elaine THORNTON-NICOL (SNP),skipped,skipped,skipped,skipped,skipped,skipped,,9
3341,Gordon EDGAR (Ind),Kenneth GUNN (Ind),Elaine THORNTON-NICOL (SNP),skipped,skipped,skipped,skipped,skipped,skipped,,9
3342,Gordon EDGAR (Ind),Kenneth GUNN (Ind),Elaine THORNTON-NICOL (SNP),skipped,skipped,skipped,skipped,skipped,skipped,,9
3343,Gordon EDGAR (Ind),Kenneth GUNN (Ind),Elaine THORNTON-NICOL (SNP),skipped,skipped,skipped,skipped,skipped,skipped,,9
3344,Gordon EDGAR (Ind),Kenneth GUNN (Ind),Elaine THORNTON-NICOL (SNP),Barbara HARVIE (Grn),skipped,skipped,skipped,skipped,skipped,,9
3345,Gordon EDGAR (Ind),Kenneth GUNN (Ind),Elaine THORNTON-NICOL (SNP),Barbara HARVIE (Grn),Scott REDPATH (Lab),skipped,skipped,skipped,skipped,,9
3346,Gordon EDGAR (Ind),Kenneth GUNN (Ind),Elaine THORNTON-NICOL (SNP),David BLACK (Ind),Nancy NORMAN (LD),Barbara HARVIE (Grn),skipped,skipped,skipped,,9
3347,Gordon EDGAR (Ind),Kenneth GUNN (Ind),Elaine THORNTON-NICOL (SNP),Scott REDPATH (Lab),skipped,skipped,skipped,skipped,skipped,,9
3348,Gordon EDGAR (Ind),Kenneth GUNN (Ind),Elaine THORNTON-NICOL (SNP),Scott REDPATH (Lab),David BLACK (Ind),Barbara HARVIE (Grn),skipped,skipped,skipped,,9
3349,Gordon EDGAR (Ind),Kenneth GUNN (Ind),Barbara HARVIE (Grn),skipped,skipped,skipped,skipped,skipped,skipped,,9
3350,Gordon EDGAR (Ind),Kenneth GUNN (Ind),Barbara HARVIE (Grn),skipped,skipped,skipped,skipped,skipped,skipped,,9
3351,Gordon EDGAR (Ind),Kenneth GUNN (Ind),Barbara HARVIE (Grn),skipped,skipped,skipped,skipped,skipped,skipped,,9
3352,Gordon EDGAR (Ind),Kenneth GUNN (Ind),Barbara HARVIE (Grn),skipped,skipped,skipped,skipped,skipped,skipped,,9
3353,Gordon EDGAR (Ind),Kenneth GUNN (Ind),Barbara HARVIE (Grn),skipped,skipped,skipped,skipped,skipped,skipped,,9
3354,Gordon EDGAR (Ind),Kenneth GUNN (Ind),Barbara HARVIE (Grn),skipped,skipped,skipped,skipped,skipped,skipped,,9
3355,Gordon EDGAR (Ind),Kenneth GUNN (Ind),Barbara HARVIE (Grn),Elaine THORNTON-NICOL (SNP),skipped,skipped,skipped,skipped,skipped,,9
3356,Gordon EDGAR (Ind),Kenneth GUNN (Ind),Barbara HARVIE (Grn),Elaine THORNTON-NICOL (SNP),skipped,skipped,skipped,skipped,skipped,,9
3357,Gordon EDGAR (Ind),Kenneth GUNN (Ind),Barbara HARVIE (Grn),Elaine THORNTON-NICOL (SNP),Nancy NORMAN (LD),David BLACK (Ind),Scott REDPATH (Lab),Michelle BALLANTYNE (Con),skipped,,9
3358,Gordon EDGAR (Ind),Kenneth GUNN (Ind),Barbara HARVIE (Grn),Michelle BALLANTYNE (Con),David BLACK (Ind),skipped,skipped,skipped,skipped,,9
3359,Gordon EDGAR (Ind),Kenneth GUNN (Ind),Barbara HARVIE (Grn),David BLACK (Ind),skipped,skipped,skipped,skipped,skipped,,9
3360,Gordon EDGAR (Ind),Kenneth GUNN (Ind),Barbara HARVIE (Grn),Nancy NORMAN (LD),skipped,skipped,skipped,skipped,skipped,,9
3361,Gordon EDGAR (Ind),Kenneth GUNN (Ind),Barbara HARVIE (Grn),Scott REDPATH (Lab),skipped,skipped,skipped,skipped,skipped,,9
3362,Gordon EDGAR (Ind),Kenneth GUNN (Ind),Michelle BALLANTYNE (Con),skipped,skipped,skipped,skipped,skipped,skipped,,9
3363,Gordon EDGAR (Ind),Kenneth GUNN (Ind),Michelle BALLANTYNE (Con),skipped,skipped,skipped,skipped,skipped,skipped,,9
3364,Gordon EDGAR (Ind),Kenneth GUNN (Ind),Michelle BALLANTYNE (Con),skipped,skipped,skipped,skipped,skipped,skipped,,9
3365,Gordon EDGAR (Ind),Kenneth GUNN (Ind),Michelle BALLANTYNE (Con),skipped,skipped,skipped,skipped,skipped,skipped,,9
3366,Gordon EDGAR (Ind),Kenneth GUNN (Ind),Michelle BALLANTYNE (Con),skipped,skipped,skipped,skipped,skipped,skipped,,9
3367,Gordon EDGAR (Ind),Kenneth GUNN (Ind),Michelle BALLANTYNE (Con),skipped,skipped,skipped,skipped,skipped,skipped,,9
3368,Gordon EDGAR (Ind),Kenneth GUNN (Ind),Michelle BALLANTYNE (Con),skipped,skipped,skipped,skipped,skipped,skipped,,9
3369,Gordon EDGAR (Ind),Kenneth GUNN (Ind),Michelle BALLANTYNE (Con),skipped,skipped,skipped,skipped,skipped,skipped,,9
3370,Gordon EDGAR (Ind),Kenneth GUNN (Ind),Michelle BALLANTYNE (Con),skipped,skipped,skipped,skipped,skipped,skipped,,9
3371,Gordon EDGAR (Ind),Kenneth GUNN (Ind),Michelle BALLANTYNE (Con),skipped,skipped,skipped,skipped,skipped,skipped,,9
3372,Gordon EDGAR (Ind),Kenneth GUNN (Ind),Michelle BALLANTYNE (Con),skipped,skipped,skipped,skipped,skipped,skipped,,9
3373,Gordon EDGAR (Ind),Kenneth GUNN (Ind),Michelle BALLANTYNE (Con),skipped,skipped,skipped,skipped,skipped,skipped,,9
3374,Gordon EDGAR (Ind),Kenneth GUNN (Ind),Michelle BALLANTYNE (Con),skipped,skipped,skipped,skipped,skipped,skipped,,9
3375,Gordon EDGAR (Ind),Kenneth GUNN (Ind),Michelle BALLANTYNE (Con),skipped,skipped,skipped,skipped,skipped,skipped,,9
3376,Gordon EDGAR (Ind),Kenneth GUNN (Ind),Michelle BALLANTYNE (Con),Elaine THORNTON-NICOL (SNP),skipped,skipped,skipped,skipped,skipped,,9
3377,Gordon EDGAR (Ind),Kenneth GUNN (Ind),Michelle BALLANTYNE (Con),Elaine THORNTON-NICOL (SNP),Barbara HARVIE (Grn),Nancy NORMAN (LD),Scott REDPATH (Lab),David BLACK (Ind),skipped,,9
3378,Gordon EDGAR (Ind),Kenneth GUNN (Ind),Michelle BALLANTYNE (Con),skipped,skipped,skipped,skipped,skipped,skipped,,9
3379,Gordon EDGAR (Ind),Kenneth GUNN (Ind),Michelle BALLANTYNE (Con),skipped,skipped,skipped,skipped,skipped,skipped,,9
3380,Gordon EDGAR (Ind),Kenneth GUNN (Ind),Michelle BALLANTYNE (Con),skipped,skipped,skipped,skipped,skipped,skipped,,9
3381,Gordon EDGAR (Ind),Kenneth GUNN (Ind),Michelle BALLANTYNE (Con),skipped,skipped,skipped,skipped,skipped,skipped,,9
3382,Gordon EDGAR (Ind),Kenneth GUNN (Ind),Michelle BALLANTYNE (Con),Barbara HARVIE (Grn),Scott REDPATH (Lab),David BLACK (Ind),Nancy NORMAN (LD),Elaine THORNTON-NICOL (SNP),skipped,,9
3383,Gordon EDGAR (Ind),Kenneth GUNN (Ind),Michelle BALLANTYNE (Con),David BLACK (Ind),skipped,skipped,skipped,skipped,skipped,,9
3384,Gordon EDGAR (Ind),Kenneth GUNN (Ind),Michelle BALLANTYNE (Con),Nancy NORMAN (LD),Scott REDPATH (Lab),David BLACK (Ind),skipped,skipped,skipped,,9
3385,Gordon EDGAR (Ind),Kenneth GUNN (Ind),Michelle BALLANTYNE (Con),Scott REDPATH (Lab),skipped,skipped,skipped,skipped,skipped,,9
3386,Gordon EDGAR (Ind),Kenneth GUNN (Ind),skipped,skipped,skipped,skipped,skipped,skipped,skipped,,9
3387,Gordon EDGAR (Ind),Kenneth GUNN (Ind),skipped,skipped,skipped,skipped,skipped,skipped,skipped,,9
3388,Gordon EDGAR (Ind),Kenneth GUNN (Ind),skipped,skipped,skipped,skipped,skipped,skipped,skipped,,9
3389,Gordon EDGAR (Ind),Kenneth GUNN (Ind),Michelle BALLANTYNE (Con),skipped,skipped,skipped,skipped,skipped,skipped,,9
3390,Gordon EDGAR (Ind),Kenneth GUNN (Ind),Michelle BALLANTYNE (Con),skipped,skipped,skipped,skipped,skipped,skipped,,9
3391,Gordon EDGAR (Ind),Kenneth GUNN (Ind),Michelle BALLANTYNE (Con),Barbara HARVIE (Grn),Scott REDPATH (Lab),Nancy NORMAN (LD),Elaine THORNTON-NICOL (SNP),David BLACK (Ind),skipped,,9
3392,Gordon EDGAR (Ind),Kenneth GUNN (Ind),David BLACK (Ind),skipped,skipped,skipped,skipped,skipped,skipped,,9
3393,Gordon EDGAR (Ind),Kenneth GUNN (Ind),David BLACK (Ind),skipped,skipped,skipped,skipped,skipped,skipped,,9
3394,Gordon EDGAR (Ind),Kenneth GUNN (Ind),David BLACK (Ind),skipped,skipped,skipped,skipped,skipped,skipped,,9
3395,Gordon EDGAR (Ind),Kenneth GUNN (Ind),David BLACK (Ind),skipped,skipped,skipped,skipped,skipped,skipped,,9
3396,Gordon EDGAR (Ind),Kenneth GUNN (Ind),David BLACK (Ind),skipped,skipped,skipped,skipped,skipped,skipped,,9
3397,Gordon EDGAR (Ind),Kenneth GUNN (Ind),David BLACK (Ind),skipped,skipped,skipped,skipped,skipped,skipped,,9
3398,Gordon EDGAR (Ind),Kenneth GUNN (Ind),David BLACK (Ind),skipped,skipped,skipped,skipped,skipped,skipped,,9
3399,Gordon EDGAR (Ind),Kenneth GUNN (Ind),David BLACK (Ind),Barbara HARVIE (Grn),skipped,skipped,skipped,skipped,skipped,,9
3400,Gordon EDGAR (Ind),Kenneth GUNN (Ind),David BLACK (Ind),Barbara HARVIE (Grn),skipped,skipped,skipped,skipped,skipped,,9
3401,Gordon EDGAR (Ind),Kenneth GUNN (Ind),David BLACK (Ind),Barbara HARVIE (Grn),Nancy NORMAN (LD),skipped,skipped,skipped,skipped,,9
3402,Gordon EDGAR (Ind),Kenneth GUNN (Ind),David BLACK (Ind),Barbara HARVIE (Grn),Nancy NORMAN (LD),skipped,skipped,skipped,skipped,,9
3403,Gordon EDGAR (Ind),Kenneth GUNN (Ind),David BLACK (Ind),Michelle BALLANTYNE (Con),Barbara HARVIE (Grn),skipped,skipped,skipped,skipped,,9
3404,Gordon EDGAR (Ind),Kenneth GUNN (Ind),David BLACK (Ind),Michelle BALLANTYNE (Con),skipped,skipped,skipped,skipped,skipped,,9
3405,Gordon EDGAR (Ind),Kenneth GUNN (Ind),David BLACK (Ind),Nancy NORMAN (LD),skipped,skipped,skipped,skipped,skipped,,9
3406,Gordon EDGAR (Ind),Kenneth GUNN (Ind),David BLACK (Ind),Nancy NORMAN (LD),Barbara HARVIE (Grn),Michelle BALLANTYNE (Con),Scott REDPATH (Lab),Elaine THORNTON-NICOL (SNP),skipped,,9
3407,Gordon EDGAR (Ind),Kenneth GUNN (Ind),David BLACK (Ind),Nancy NORMAN (LD),Scott REDPATH (Lab),Barbara HARVIE (Grn),Elaine THORNTON-NICOL (SNP),skipped,skipped,,9
3408,Gordon EDGAR (Ind),Kenneth GUNN (Ind),David BLACK (Ind),Scott REDPATH (Lab),Barbara HARVIE (Grn),Nancy NORMAN (LD),Elaine THORNTON-NICOL (SNP),Michelle BALLANTYNE (Con),skipped,,9
3409,Gordon EDGAR (Ind),Kenneth GUNN (Ind),Nancy NORMAN (LD),skipped,skipped,skipped,skipped,skipped,skipped,,9
3410,Gordon EDGAR (Ind),Kenneth GUNN (Ind),Nancy NORMAN (LD),skipped,skipped,skipped,skipped,skipped,skipped,,9
3411,Gordon EDGAR (Ind),Kenneth GUNN (Ind),Nancy NORMAN (LD),skipped,skipped,skipped,skipped,skipped,skipped,,9
3412,Gordon EDGAR (Ind),Kenneth GUNN (Ind),Nancy NORMAN (LD),skipped,skipped,skipped,skipped,skipped,skipped,,9
3413,Gordon EDGAR (Ind),Kenneth GUNN (Ind),Nancy NORMAN (LD),skipped,skipped,skipped,skipped,skipped,skipped,,9
3414,Gordon EDGAR (Ind),Kenneth GUNN (Ind),Nancy NORMAN (LD),skipped,skipped,skipped,skipped,skipped,skipped,,9
3415,Gordon EDGAR (Ind),Kenneth GUNN (Ind),Nancy NORMAN (LD),skipped,skipped,skipped,skipped,skipped,skipped,,9
3416,Gordon EDGAR (Ind),Kenneth GUNN (Ind),Nancy NORMAN (LD),Michelle BALLANTYNE (Con),skipped,skipped,skipped,skipped,skipped,,9
3417,Gordon EDGAR (Ind),Kenneth GUNN (Ind),Nancy NORMAN (LD),Michelle BALLANTYNE (Con),skipped,skipped,skipped,skipped,skipped,,9
3418,Gordon EDGAR (Ind),Kenneth GUNN (Ind),Nancy NORMAN (LD),Michelle BALLANTYNE (Con),David BLACK (Ind),Scott REDPATH (Lab),Barbara HARVIE (Grn),Elaine THORNTON-NICOL (SNP),skipped,,9
3419,Gordon EDGAR (Ind),Kenneth GUNN (Ind),Nancy NORMAN (LD),David BLACK (Ind),skipped,skipped,skipped,skipped,skipped,,9
3420,Gordon EDGAR (Ind),Kenneth GUNN (Ind),Nancy NORMAN (LD),David BLACK (Ind),skipped,skipped,skipped,skipped,skipped,,9
3421,Gordon EDGAR (Ind),Kenneth GUNN (Ind),Scott REDPATH (Lab),skipped,skipped,skipped,skipped,skipped,skipped,,9
3422,Gordon EDGAR (Ind),Kenneth GUNN (Ind),Scott REDPATH (Lab),skipped,skipped,skipped,skipped,skipped,skipped,,9
3423,Gordon EDGAR (Ind),Kenneth GUNN (Ind),Scott REDPATH (Lab),skipped,skipped,skipped,skipped,skipped,skipped,,9
3424,Gordon EDGAR (Ind),Kenneth GUNN (Ind),Scott REDPATH (Lab),skipped,skipped,skipped,skipped,skipped,skipped,,9
3425,Gordon EDGAR (Ind),Kenneth GUNN (Ind),Scott REDPATH (Lab),skipped,skipped,skipped,skipped,skipped,skipped,,9
3426,Gordon EDGAR (Ind),Kenneth GUNN (Ind),Scott REDPATH (Lab),skipped,skipped,skipped,skipped,skipped,skipped,,9
3427,Gordon EDGAR (Ind),Kenneth GUNN (Ind),Scott REDPATH (Lab),skipped,skipped,skipped,skipped,skipped,skipped,,9
3428,Gordon EDGAR (Ind),Kenneth GUNN (Ind),Scott REDPATH (Lab),skipped,skipped,skipped,skipped,skipped,skipped,,9
3429,Gordon EDGAR (Ind),Kenneth GUNN (Ind),Scott REDPATH (Lab),skipped,skipped,skipped,skipped,skipped,skipped,,9
3430,Gordon EDGAR (Ind),Kenneth GUNN (Ind),Scott REDPATH (Lab),skipped,skipped,skipped,skipped,skipped,skipped,,9
3431,Gordon EDGAR (Ind),Kenneth GUNN (Ind),Scott REDPATH (Lab),skipped,skipped,skipped,skipped,skipped,skipped,,9
3432,Gordon EDGAR (Ind),Kenneth GUNN (Ind),Scott REDPATH (Lab),Elaine THORNTON-NICOL (SNP),Nancy NORMAN (LD),Barbara HARVIE (Grn),David BLACK (Ind),Michelle BALLANTYNE (Con),skipped,,9
3433,Gordon EDGAR (Ind),Kenneth GUNN (Ind),Scott REDPATH (Lab),Barbara HARVIE (Grn),skipped,skipped,skipped,skipped,skipped,,9
3434,Gordon EDGAR (Ind),Kenneth GUNN (Ind),Scott REDPATH (Lab),Barbara HARVIE (Grn),Elaine THORNTON-NICOL (SNP),skipped,skipped,skipped,skipped,,9
3435,Gordon EDGAR (Ind),Kenneth GUNN (Ind),Scott REDPATH (Lab),Michelle BALLANTYNE (Con),skipped,skipped,skipped,skipped,skipped,,9
3436,Gordon EDGAR (Ind),Kenneth GUNN (Ind),Scott REDPATH (Lab),David BLACK (Ind),skipped,skipped,skipped,skipped,skipped,,9
3437,Gordon EDGAR (Ind),Kenneth GUNN (Ind),Scott REDPATH (Lab),David BLACK (Ind),skipped,skipped,skipped,skipped,skipped,,9
3438,Gordon EDGAR (Ind),Elaine THORNTON-NICOL (SNP),skipped,skipped,skipped,skipped,skipped,skipped,skipped,,9
3439,Gordon EDGAR (Ind),Elaine THORNTON-NICOL (SNP),skipped,skipped,skipped,skipped,skipped,skipped,skipped,,9
3440,Gordon EDGAR (Ind),Elaine THORNTON-NICOL (SNP),skipped,skipped,skipped,skipped,skipped,skipped,skipped,,9
3441,Gordon EDGAR (Ind),Elaine THORNTON-NICOL (SNP),skipped,skipped,skipped,skipped,skipped,skipped,skipped,,9
3442,Gordon EDGAR (Ind),Elaine THORNTON-NICOL (SNP),skipped,skipped,skipped,skipped,skipped,skipped,skipped,,9
3443,Gordon EDGAR (Ind),Elaine THORNTON-NICOL (SNP),skipped,skipped,skipped,skipped,skipped,skipped,skipped,,9
3444,Gordon EDGAR (Ind),Elaine THORNTON-NICOL (SNP),skipped,skipped,skipped,skipped,skipped,skipped,skipped,,9
3445,Gordon EDGAR (Ind),Elaine THORNTON-NICOL (SNP),skipped,skipped,skipped,skipped,skipped,skipped,skipped,,9
3446,Gordon EDGAR (Ind),Elaine THORNTON-NICOL (SNP),skipped,skipped,skipped,skipped,skipped,skipped,skipped,,9
3447,Gordon EDGAR (Ind),Elaine THORNTON-NICOL (SNP),Kenneth GUNN (Ind),skipped,skipped,skipped,skipped,skipped,skipped,,9
3448,Gordon EDGAR (Ind),Elaine THORNTON-NICOL (SNP),Kenneth GUNN (Ind),Nancy NORMAN (LD),David BLACK (Ind),Barbara HARVIE (Grn),skipped,skipped,skipped,,9
3449,Gordon EDGAR (Ind),Elaine THORNTON-NICOL (SNP),Barbara HARVIE (Grn),skipped,skipped,skipped,skipped,skipped,skipped,,9
3450,Gordon EDGAR (Ind),Elaine THORNTON-NICOL (SNP),Barbara HARVIE (Grn),skipped,skipped,skipped,skipped,skipped,skipped,,9
3451,Gordon EDGAR (Ind),Elaine THORNTON-NICOL (SNP),Barbara HARVIE (Grn),skipped,skipped,skipped,skipped,skipped,skipped,,9
3452,Gordon EDGAR (Ind),Elaine THORNTON-NICOL (SNP),Barbara HARVIE (Grn),skipped,skipped,skipped,skipped,skipped,skipped,,9
3453,Gordon EDGAR (Ind),Elaine THORNTON-NICOL (SNP),Barbara HARVIE (Grn),Kenneth GUNN (Ind),Nancy NORMAN (LD),Scott REDPATH (Lab),David BLACK (Ind),Michelle BALLANTYNE (Con),skipped,,9
3454,Gordon EDGAR (Ind),Elaine THORNTON-NICOL (SNP),Barbara HARVIE (Grn),David BLACK (Ind),Kenneth GUNN (Ind),skipped,skipped,skipped,skipped,,9
3455,Gordon EDGAR (Ind),Elaine THORNTON-NICOL (SNP),Barbara HARVIE (Grn),David BLACK (Ind),Kenneth GUNN (Ind),Scott REDPATH (Lab),Nancy NORMAN (LD),Michelle BALLANTYNE (Con),skipped,,9
3456,Gordon EDGAR (Ind),Elaine THORNTON-NICOL (SNP),Barbara HARVIE (Grn),Nancy NORMAN (LD),David BLACK (Ind),Kenneth GUNN (Ind),Scott REDPATH (Lab),skipped,skipped,,9
3457,Gordon EDGAR (Ind),Elaine THORNTON-NICOL (SNP),Barbara HARVIE (Grn),Nancy NORMAN (LD),Scott REDPATH (Lab),skipped,skipped,skipped,skipped,,9
3458,Gordon EDGAR (Ind),Elaine THORNTON-NICOL (SNP),Barbara HARVIE (Grn),Nancy NORMAN (LD),Scott REDPATH (Lab),David BLACK (Ind),Michelle BALLANTYNE (Con),Kenneth GUNN (Ind),skipped,,9
3459,Gordon EDGAR (Ind),Elaine THORNTON-NICOL (SNP),Michelle BALLANTYNE (Con),Barbara HARVIE (Grn),skipped,skipped,skipped,skipped,skipped,,9
3460,Gordon EDGAR (Ind),Elaine THORNTON-NICOL (SNP),Michelle BALLANTYNE (Con),Barbara HARVIE (Grn),skipped,skipped,skipped,skipped,skipped,,9
3461,Gordon EDGAR (Ind),Elaine THORNTON-NICOL (SNP),Scott REDPATH (Lab),Michelle BALLANTYNE (Con),Kenneth GUNN (Ind),David BLACK (Ind),Nancy NORMAN (LD),Barbara HARVIE (Grn),skipped,,9
3462,Gordon EDGAR (Ind),Elaine THORNTON-NICOL (SNP),David BLACK (Ind),skipped,skipped,skipped,skipped,skipped,skipped,,9
3463,Gordon EDGAR (Ind),Elaine THORNTON-NICOL (SNP),David BLACK (Ind),Barbara HARVIE (Grn),Nancy NORMAN (LD),Scott REDPATH (Lab),skipped,skipped,skipped,,9
3464,Gordon EDGAR (Ind),Elaine THORNTON-NICOL (SNP),Nancy NORMAN (LD),skipped,skipped,skipped,skipped,skipped,skipped,,9
3465,Gordon EDGAR (Ind),Elaine THORNTON-NICOL (SNP),Nancy NORMAN (LD),skipped,skipped,skipped,skipped,skipped,skipped,,9
3466,Gordon EDGAR (Ind),Elaine THORNTON-NICOL (SNP),Nancy NORMAN (LD),Michelle BALLANTYNE (Con),Kenneth GUNN (Ind),skipped,skipped,skipped,skipped,,9
3467,Gordon EDGAR (Ind),Elaine THORNTON-NICOL (SNP),Scott REDPATH (Lab),skipped,skipped,skipped,skipped,skipped,skipped,,9
3468,Gordon EDGAR (Ind),Elaine THORNTON-NICOL (SNP),Scott REDPATH (Lab),Barbara HARVIE (Grn),Nancy NORMAN (LD),skipped,skipped,skipped,skipped,,9
3469,Gordon EDGAR (Ind),Elaine THORNTON-NICOL (SNP),Scott REDPATH (Lab),Michelle BALLANTYNE (Con),skipped,skipped,skipped,skipped,skipped,,9
3470,Gordon EDGAR (Ind),Elaine THORNTON-NICOL (SNP),Scott REDPATH (Lab),Nancy NORMAN (LD),skipped,skipped,skipped,skipped,skipped,,9
3471,Gordon EDGAR (Ind),Barbara HARVIE (Grn),skipped,skipped,skipped,skipped,skipped,skipped,skipped,,9
3472,Gordon EDGAR (Ind),Barbara HARVIE (Grn),Elaine THORNTON-NICOL (SNP),skipped,skipped,skipped,skipped,skipped,skipped,,9
3473,Gordon EDGAR (Ind),Barbara HARVIE (Grn),Elaine THORNTON-NICOL (SNP),skipped,skipped,skipped,skipped,skipped,skipped,,9
3474,Gordon EDGAR (Ind),Barbara HARVIE (Grn),Elaine THORNTON-NICOL (SNP),Kenneth GUNN (Ind),skipped,skipped,skipped,skipped,skipped,,9
3475,Gordon EDGAR (Ind),Barbara HARVIE (Grn),Elaine THORNTON-NICOL (SNP),Nancy NORMAN (LD),skipped,skipped,skipped,skipped,skipped,,9
3476,Gordon EDGAR (Ind),Barbara HARVIE (Grn),Elaine THORNTON-NICOL (SNP),Nancy NORMAN (LD),skipped,skipped,skipped,skipped,skipped,,9
3477,Gordon EDGAR (Ind),Barbara HARVIE (Grn),Elaine THORNTON-NICOL (SNP),Scott REDPATH (Lab),skipped,skipped,skipped,skipped,skipped,,9
3478,Gordon EDGAR (Ind),Barbara HARVIE (Grn),Elaine THORNTON-NICOL (SNP),Scott REDPATH (Lab),Nancy NORMAN (LD),David BLACK (Ind),Kenneth GUNN (Ind),Michelle BALLANTYNE (Con),skipped,,9
3479,Gordon EDGAR (Ind),Barbara HARVIE (Grn),Michelle BALLANTYNE (Con),Kenneth GUNN (Ind),skipped,skipped,skipped,skipped,skipped,,9
3480,Gordon EDGAR (Ind),Barbara HARVIE (Grn),David BLACK (Ind),Kenneth GUNN (Ind),Nancy NORMAN (LD),Scott REDPATH (Lab),Elaine THORNTON-NICOL (SNP),skipped,skipped,,9
3481,Gordon EDGAR (Ind),Barbara HARVIE (Grn),Nancy NORMAN (LD),skipped,skipped,skipped,skipped,skipped,skipped,,9
3482,Gordon EDGAR (Ind),Barbara HARVIE (Grn),Nancy NORMAN (LD),skipped,skipped,skipped,skipped,skipped,skipped,,9
3483,Gordon EDGAR (Ind),Barbara HARVIE (Grn),Nancy NORMAN (LD),Scott REDPATH (Lab),David BLACK (Ind),Michelle BALLANTYNE (Con),Kenneth GUNN (Ind),Elaine THORNTON-NICOL (SNP),skipped,,9
3484,Gordon EDGAR (Ind),Barbara HARVIE (Grn),Scott REDPATH (Lab),skipped,skipped,skipped,skipped,skipped,skipped,,9
3485,Gordon EDGAR (Ind),Barbara HARVIE (Grn),Scott REDPATH (Lab),skipped,skipped,skipped,skipped,skipped,skipped,,9
3486,Gordon EDGAR (Ind),Barbara HARVIE (Grn),Scott REDPATH (Lab),Elaine THORNTON-NICOL (SNP),Kenneth GUNN (Ind),skipped,skipped,skipped,skipped,,9
3487,Gordon EDGAR (Ind),Barbara HARVIE (Grn),Scott REDPATH (Lab),Nancy NORMAN (LD),Elaine THORNTON-NICOL (SNP),skipped,skipped,skipped,skipped,,9
3488,Gordon EDGAR (Ind),Michelle BALLANTYNE (Con),skipped,skipped,skipped,skipped,skipped,skipped,skipped,,9
3489,Gordon EDGAR (Ind),Michelle BALLANTYNE (Con),skipped,skipped,skipped,skipped,skipped,skipped,skipped,,9
3490,Gordon EDGAR (Ind),Michelle BALLANTYNE (Con),skipped,skipped,skipped,skipped,skipped,skipped,skipped,,9
3491,Gordon EDGAR (Ind),Michelle BALLANTYNE (Con),skipped,skipped,skipped,skipped,skipped,skipped,skipped,,9
3492,Gordon EDGAR (Ind),Michelle BALLANTYNE (Con),skipped,skipped,skipped,skipped,skipped,skipped,skipped,,9
3493,Gordon EDGAR (Ind),Michelle BALLANTYNE (Con),skipped,skipped,skipped,skipped,skipped,skipped,skipped,,9
3494,Gordon EDGAR (Ind),Michelle BALLANTYNE (Con),skipped,skipped,skipped,skipped,skipped,skipped,skipped,,9
3495,Gordon EDGAR (Ind),Michelle BALLANTYNE (Con),skipped,skipped,skipped,skipped,skipped,skipped,skipped,,9
3496,Gordon EDGAR (Ind),Michelle BALLANTYNE (Con),skipped,skipped,skipped,skipped,skipped,skipped,skipped,,9
3497,Gordon EDGAR (Ind),Michelle BALLANTYNE (Con),skipped,skipped,skipped,skipped,skipped,skipped,skipped,,9
3498,Gordon EDGAR (Ind),Michelle BALLANTYNE (Con),skipped,skipped,skipped,skipped,skipped,skipped,skipped,,9
3499,Gordon EDGAR (Ind),Michelle BALLANTYNE (Con),skipped,skipped,skipped,skipped,skipped,skipped,skipped,,9
3500,Gordon EDGAR (Ind),Michelle BALLANTYNE (Con),skipped,skipped,skipped,skipped,skipped,skipped,skipped,,9
3501,Gordon EDGAR (Ind),Michelle BALLANTYNE (Con),skipped,skipped,skipped,skipped,skipped,skipped,skipped,,9
3502,Gordon EDGAR (Ind),Michelle BALLANTYNE (Con),skipped,skipped,skipped,skipped,skipped,skipped,skipped,,9
3503,Gordon EDGAR (Ind),Michelle BALLANTYNE (Con),skipped,skipped,skipped,skipped,skipped,skipped,skipped,,9
3504,Gordon EDGAR (Ind),Michelle BALLANTYNE (Con),skipped,skipped,skipped,skipped,skipped,skipped,skipped,,9
3505,Gordon EDGAR (Ind),Michelle BALLANTYNE (Con),skipped,skipped,skipped,skipped,skipped,skipped,skipped,,9
3506,Gordon EDGAR (Ind),Michelle BALLANTYNE (Con),skipped,skipped,skipped,skipped,skipped,skipped,skipped,,9
3507,Gordon EDGAR (Ind),Michelle BALLANTYNE (Con),skipped,skipped,skipped,skipped,skipped,skipped,skipped,,9
3508,Gordon EDGAR (Ind),Michelle BALLANTYNE (Con),skipped,skipped,skipped,skipped,skipped,skipped,skipped,,9
3509,Gordon EDGAR (Ind),Michelle BALLANTYNE (Con),skipped,skipped,skipped,skipped,skipped,skipped,skipped,,9
3510,Gordon EDGAR (Ind),Michelle BALLANTYNE (Con),skipped,skipped,skipped,skipped,skipped,skipped,skipped,,9
3511,Gordon EDGAR (Ind),Michelle BALLANTYNE (Con),skipped,skipped,skipped,skipped,skipped,skipped,skipped,,9
3512,Gordon EDGAR (Ind),Michelle BALLANTYNE (Con),skipped,skipped,skipped,skipped,skipped,skipped,skipped,,9
3513,Gordon EDGAR (Ind),Michelle BALLANTYNE (Con),Kenneth GUNN (Ind),skipped,skipped,skipped,skipped,skipped,skipped,,9
3514,Gordon EDGAR (Ind),Michelle BALLANTYNE (Con),Kenneth GUNN (Ind),skipped,skipped,skipped,skipped,skipped,skipped,,9
3515,Gordon EDGAR (Ind),Michelle BALLANTYNE (Con),Kenneth GUNN (Ind),skipped,skipped,skipped,skipped,skipped,skipped,,9
3516,Gordon EDGAR (Ind),Michelle BALLANTYNE (Con),Kenneth GUNN (Ind),skipped,skipped,skipped,skipped,skipped,skipped,,9
3517,Gordon EDGAR (Ind),Michelle BALLANTYNE (Con),Kenneth GUNN (Ind),skipped,skipped,skipped,skipped,skipped,skipped,,9
3518,Gordon EDGAR (Ind),Michelle BALLANTYNE (Con),Kenneth GUNN (Ind),skipped,skipped,skipped,skipped,skipped,skipped,,9
3519,Gordon EDGAR (Ind),Michelle BALLANTYNE (Con),Kenneth GUNN (Ind),skipped,skipped,skipped,skipped,skipped,skipped,,9
3520,Gordon EDGAR (Ind),Michelle BALLANTYNE (Con),Kenneth GUNN (Ind),skipped,skipped,skipped,skipped,skipped,skipped,,9
3521,Gordon EDGAR (Ind),Michelle BALLANTYNE (Con),Kenneth GUNN (Ind),skipped,skipped,skipped,skipped,skipped,skipped,,9
3522,Gordon EDGAR (Ind),Michelle BALLANTYNE (Con),Kenneth GUNN (Ind),skipped,skipped,skipped,skipped,skipped,skipped,,9
3523,Gordon EDGAR (Ind),Michelle BALLANTYNE (Con),Kenneth GUNN (Ind),skipped,skipped,skipped,skipped,skipped,skipped,,9
3524,Gordon EDGAR (Ind),Michelle BALLANTYNE (Con),Kenneth GUNN (Ind),skipped,skipped,skipped,skipped,skipped,skipped,,9
3525,Gordon EDGAR (Ind),Michelle BALLANTYNE (Con),Kenneth GUNN (Ind),skipped,skipped,skipped,skipped,skipped,skipped,,9
3526,Gordon EDGAR (Ind),Michelle BALLANTYNE (Con),Kenneth GUNN (Ind),skipped,skipped,skipped,skipped,skipped,skipped,,9
3527,Gordon EDGAR (Ind),Michelle BALLANTYNE (Con),Kenneth GUNN (Ind),Elaine THORNTON-NICOL (SNP),skipped,skipped,skipped,skipped,skipped,,9
3528,Gordon EDGAR (Ind),Michelle BALLANTYNE (Con),Kenneth GUNN (Ind),Elaine THORNTON-NICOL (SNP),Barbara HARVIE (Grn),skipped,skipped,skipped,skipped,,9
3529,Gordon EDGAR (Ind),Michelle BALLANTYNE (Con),Kenneth GUNN (Ind),Barbara HARVIE (Grn),Scott REDPATH (Lab),skipped,skipped,skipped,skipped,,9
3530,Gordon EDGAR (Ind),Michelle BALLANTYNE (Con),Kenneth GUNN (Ind),skipped,skipped,skipped,skipped,skipped,skipped,,9
3531,Gordon EDGAR (Ind),Michelle BALLANTYNE (Con),Kenneth GUNN (Ind),Nancy NORMAN (LD),skipped,skipped,skipped,skipped,skipped,,9
3532,Gordon EDGAR (Ind),Michelle BALLANTYNE (Con),Kenneth GUNN (Ind),Scott REDPATH (Lab),skipped,skipped,skipped,skipped,skipped,,9
3533,Gordon EDGAR (Ind),Michelle BALLANTYNE (Con),Kenneth GUNN (Ind),Scott REDPATH (Lab),skipped,skipped,skipped,skipped,skipped,,9
3534,Gordon EDGAR (Ind),Michelle BALLANTYNE (Con),Elaine THORNTON-NICOL (SNP),skipped,skipped,skipped,skipped,skipped,skipped,,9
3535,Gordon EDGAR (Ind),Michelle BALLANTYNE (Con),Elaine THORNTON-NICOL (SNP),skipped,skipped,skipped,skipped,skipped,skipped,,9
3536,Gordon EDGAR (Ind),Michelle BALLANTYNE (Con),Elaine THORNTON-NICOL (SNP),Kenneth GUNN (Ind),skipped,skipped,skipped,skipped,skipped,,9
3537,Gordon EDGAR (Ind),Michelle BALLANTYNE (Con),Elaine THORNTON-NICOL (SNP),Nancy NORMAN (LD),Barbara HARVIE (Grn),skipped,skipped,skipped,skipped,,9
3538,Gordon EDGAR (Ind),Michelle BALLANTYNE (Con),Barbara HARVIE (Grn),skipped,skipped,skipped,skipped,skipped,skipped,,9
3539,Gordon EDGAR (Ind),Michelle BALLANTYNE (Con),Barbara HARVIE (Grn),skipped,skipped,skipped,skipped,skipped,skipped,,9
3540,Gordon EDGAR (Ind),Michelle BALLANTYNE (Con),Barbara HARVIE (Grn),skipped,skipped,skipped,skipped,skipped,skipped,,9
3541,Gordon EDGAR (Ind),Michelle BALLANTYNE (Con),Barbara HARVIE (Grn),Scott REDPATH (Lab),Elaine THORNTON-NICOL (SNP),Kenneth GUNN (Ind),Nancy NORMAN (LD),David BLACK (Ind),skipped,,9
3542,Gordon EDGAR (Ind),Michelle BALLANTYNE (Con),skipped,skipped,skipped,skipped,skipped,skipped,skipped,,9
3543,Gordon EDGAR (Ind),Michelle BALLANTYNE (Con),skipped,skipped,skipped,skipped,skipped,skipped,skipped,,9
3544,Gordon EDGAR (Ind),Michelle BALLANTYNE (Con),skipped,skipped,skipped,skipped,skipped,skipped,skipped,,9
3545,Gordon EDGAR (Ind),Michelle BALLANTYNE (Con),skipped,skipped,skipped,skipped,skipped,skipped,skipped,,9
3546,Gordon EDGAR (Ind),Michelle BALLANTYNE (Con),skipped,skipped,skipped,skipped,skipped,skipped,skipped,,9
3547,Gordon EDGAR (Ind),Michelle BALLANTYNE (Con),skipped,skipped,skipped,skipped,skipped,skipped,skipped,,9
3548,Gordon EDGAR (Ind),Michelle BALLANTYNE (Con),skipped,skipped,skipped,skipped,skipped,skipped,skipped,,9
3549,Gordon EDGAR (Ind),Michelle BALLANTYNE (Con),skipped,skipped,skipped,skipped,skipped,skipped,skipped,,9
3550,Gordon EDGAR (Ind),Michelle BALLANTYNE (Con),skipped,skipped,skipped,skipped,skipped,skipped,skipped,,9
3551,Gordon EDGAR (Ind),Michelle BALLANTYNE (Con),skipped,skipped,skipped,skipped,skipped,skipped,skipped,,9
3552,Gordon EDGAR (Ind),Michelle BALLANTYNE (Con),skipped,skipped,skipped,skipped,skipped,skipped,skipped,,9
3553,Gordon EDGAR (Ind),Michelle BALLANTYNE (Con),skipped,skipped,skipped,skipped,skipped,skipped,skipped,,9
3554,Gordon EDGAR (Ind),Michelle BALLANTYNE (Con),skipped,skipped,skipped,skipped,skipped,skipped,skipped,,9
3555,Gordon EDGAR (Ind),Michelle BALLANTYNE (Con),skipped,skipped,skipped,skipped,skipped,skipped,skipped,,9
3556,Gordon EDGAR (Ind),Michelle BALLANTYNE (Con),skipped,skipped,skipped,skipped,skipped,skipped,skipped,,9
3557,Gordon EDGAR (Ind),Michelle BALLANTYNE (Con),skipped,skipped,skipped,skipped,skipped,skipped,skipped,,9
3558,Gordon EDGAR (Ind),Michelle BALLANTYNE (Con),skipped,skipped,skipped,skipped,skipped,skipped,skipped,,9
3559,Gordon EDGAR (Ind),Michelle BALLANTYNE (Con),skipped,skipped,skipped,skipped,skipped,skipped,skipped,,9
3560,Gordon EDGAR (Ind),Michelle BALLANTYNE (Con),skipped,skipped,skipped,skipped,skipped,skipped,skipped,,9
3561,Gordon EDGAR (Ind),Michelle BALLANTYNE (Con),skipped,skipped,skipped,skipped,skipped,skipped,skipped,,9
3562,Gordon EDGAR (Ind),Michelle BALLANTYNE (Con),skipped,skipped,skipped,skipped,skipped,skipped,skipped,,9
3563,Gordon EDGAR (Ind),Michelle BALLANTYNE (Con),skipped,skipped,skipped,skipped,skipped,skipped,skipped,,9
3564,Gordon EDGAR (Ind),Michelle BALLANTYNE (Con),skipped,skipped,skipped,skipped,skipped,skipped,skipped,,9
3565,Gordon EDGAR (Ind),Michelle BALLANTYNE (Con),skipped,skipped,skipped,skipped,skipped,skipped,skipped,,9
3566,Gordon EDGAR (Ind),Michelle BALLANTYNE (Con),Kenneth GUNN (Ind),skipped,skipped,skipped,skipped,skipped,skipped,,9
3567,Gordon EDGAR (Ind),Michelle BALLANTYNE (Con),Kenneth GUNN (Ind),skipped,skipped,skipped,skipped,skipped,skipped,,9
3568,Gordon EDGAR (Ind),Michelle BALLANTYNE (Con),Kenneth GUNN (Ind),Nancy NORMAN (LD),Scott REDPATH (Lab),David BLACK (Ind),skipped,skipped,skipped,,9
3569,Gordon EDGAR (Ind),Michelle BALLANTYNE (Con),Barbara HARVIE (Grn),Nancy NORMAN (LD),skipped,skipped,skipped,skipped,skipped,,9
3570,Gordon EDGAR (Ind),Michelle BALLANTYNE (Con),David BLACK (Ind),Kenneth GUNN (Ind),skipped,skipped,skipped,skipped,skipped,,9
3571,Gordon EDGAR (Ind),Michelle BALLANTYNE (Con),David BLACK (Ind),Kenneth GUNN (Ind),Barbara HARVIE (Grn),Nancy NORMAN (LD),Scott REDPATH (Lab),Elaine THORNTON-NICOL (SNP),skipped,,9
3572,Gordon EDGAR (Ind),Michelle BALLANTYNE (Con),David BLACK (Ind),Kenneth GUNN (Ind),Scott REDPATH (Lab),Barbara HARVIE (Grn),Elaine THORNTON-NICOL (SNP),Nancy NORMAN (LD),skipped,,9
3573,Gordon EDGAR (Ind),Michelle BALLANTYNE (Con),David BLACK (Ind),Scott REDPATH (Lab),skipped,skipped,skipped,skipped,skipped,,9
3574,Gordon EDGAR (Ind),Michelle BALLANTYNE (Con),Nancy NORMAN (LD),skipped,skipped,skipped,skipped,skipped,skipped,,9
3575,Gordon EDGAR (Ind),Michelle BALLANTYNE (Con),Nancy NORMAN (LD),skipped,skipped,skipped,skipped,skipped,skipped,,9
3576,Gordon EDGAR (Ind),Michelle BALLANTYNE (Con),Nancy NORMAN (LD),skipped,skipped,skipped,skipped,skipped,skipped,,9
3577,Gordon EDGAR (Ind),Michelle BALLANTYNE (Con),Nancy NORMAN (LD),Kenneth GUNN (Ind),skipped,skipped,skipped,skipped,skipped,,9
3578,Gordon EDGAR (Ind),Michelle BALLANTYNE (Con),Scott REDPATH (Lab),skipped,skipped,skipped,skipped,skipped,skipped,,9
3579,Gordon EDGAR (Ind),Michelle BALLANTYNE (Con),Scott REDPATH (Lab),skipped,skipped,skipped,skipped,skipped,skipped,,9
3580,Gordon EDGAR (Ind),Michelle BALLANTYNE (Con),David BLACK (Ind),skipped,skipped,skipped,skipped,skipped,skipped,,9
3581,Gordon EDGAR (Ind),Michelle BALLANTYNE (Con),David BLACK (Ind),skipped,skipped,skipped,skipped,skipped,skipped,,9
3582,Gordon EDGAR (Ind),Michelle BALLANTYNE (Con),David BLACK (Ind),Nancy NORMAN (LD),Elaine THORNTON-NICOL (SNP),Scott REDPATH (Lab),Kenneth GUNN (Ind),Barbara HARVIE (Grn),skipped,,9
3583,Gordon EDGAR (Ind),Michelle BALLANTYNE (Con),Nancy NORMAN (LD),skipped,skipped,skipped,skipped,skipped,skipped,,9
3584,Gordon EDGAR (Ind),Michelle BALLANTYNE (Con),Nancy NORMAN (LD),skipped,skipped,skipped,skipped,skipped,skipped,,9
3585,Gordon EDGAR (Ind),Michelle BALLANTYNE (Con),Nancy NORMAN (LD),skipped,skipped,skipped,skipped,skipped,skipped,,9
3586,Gordon EDGAR (Ind),Michelle BALLANTYNE (Con),Nancy NORMAN (LD),skipped,skipped,skipped,skipped,skipped,skipped,,9
3587,Gordon EDGAR (Ind),Michelle BALLANTYNE (Con),Nancy NORMAN (LD),skipped,skipped,skipped,skipped,skipped,skipped,,9
3588,Gordon EDGAR (Ind),Michelle BALLANTYNE (Con),Nancy NORMAN (LD),skipped,skipped,skipped,skipped,skipped,skipped,,9
3589,Gordon EDGAR (Ind),Michelle BALLANTYNE (Con),Nancy NORMAN (LD),Elaine THORNTON-NICOL (SNP),skipped,skipped,skipped,skipped,skipped,,9
3590,Gordon EDGAR (Ind),Michelle BALLANTYNE (Con),Nancy NORMAN (LD),Barbara HARVIE (Grn),skipped,skipped,skipped,skipped,skipped,,9
3591,Gordon EDGAR (Ind),Michelle BALLANTYNE (Con),Nancy NORMAN (LD),skipped,skipped,skipped,skipped,skipped,skipped,,9
3592,Gordon EDGAR (Ind),Michelle BALLANTYNE (Con),Nancy NORMAN (LD),Scott REDPATH (Lab),skipped,skipped,skipped,skipped,skipped,,9
3593,Gordon EDGAR (Ind),Michelle BALLANTYNE (Con),Scott REDPATH (Lab),skipped,skipped,skipped,skipped,skipped,skipped,,9
3594,Gordon EDGAR (Ind),Michelle BALLANTYNE (Con),Scott REDPATH (Lab),skipped,skipped,skipped,skipped,skipped,skipped,,9
3595,Gordon EDGAR (Ind),Michelle BALLANTYNE (Con),Scott REDPATH (Lab),skipped,skipped,skipped,skipped,skipped,skipped,,9
3596,Gordon EDGAR (Ind),Michelle BALLANTYNE (Con),Scott REDPATH (Lab),skipped,skipped,skipped,skipped,skipped,skipped,,9
3597,Gordon EDGAR (Ind),Michelle BALLANTYNE (Con),Scott REDPATH (Lab),skipped,skipped,skipped,skipped,skipped,skipped,,9
3598,Gordon EDGAR (Ind),Michelle BALLANTYNE (Con),Scott REDPATH (Lab),skipped,skipped,skipped,skipped,skipped,skipped,,9
3599,Gordon EDGAR (Ind),Michelle BALLANTYNE (Con),Scott REDPATH (Lab),Elaine THORNTON-NICOL (SNP),skipped,skipped,skipped,skipped,skipped,,9
3600,Gordon EDGAR (Ind),Michelle BALLANTYNE (Con),Scott REDPATH (Lab),Elaine THORNTON-NICOL (SNP),David BLACK (Ind),Barbara HARVIE (Grn),Nancy NORMAN (LD),Kenneth GUNN (Ind),skipped,,9
3601,Gordon EDGAR (Ind),Michelle BALLANTYNE (Con),Scott REDPATH (Lab),Barbara HARVIE (Grn),skipped,skipped,skipped,skipped,skipped,,9
3602,Gordon EDGAR (Ind),skipped,skipped,skipped,skipped,skipped,skipped,skipped,skipped,,9
3603,Gordon EDGAR (Ind),skipped,skipped,skipped,skipped,skipped,skipped,skipped,skipped,,9
3604,Gordon EDGAR (Ind),skipped,skipped,skipped,skipped,skipped,skipped,skipped,skipped,,9
3605,Gordon EDGAR (Ind),skipped,skipped,skipped,skipped,skipped,skipped,skipped,skipped,,9
3606,Gordon EDGAR (Ind),skipped,skipped,skipped,skipped,skipped,skipped,skipped,skipped,,9
3607,Gordon EDGAR (Ind),skipped,skipped,skipped,skipped,skipped,skipped,skipped,skipped,,9
3608,Gordon EDGAR (Ind),skipped,skipped,skipped,skipped,skipped,skipped,skipped,skipped,,9
3609,Gordon EDGAR (Ind),Kenneth GUNN (Ind),Michelle BALLANTYNE (Con),skipped,skipped,skipped,skipped,skipped,skipped,,9
3610,Gordon EDGAR (Ind),Kenneth GUNN (Ind),Scott REDPATH (Lab),skipped,skipped,skipped,skipped,skipped,skipped,,9
3611,Gordon EDGAR (Ind),Barbara HARVIE (Grn),skipped,skipped,skipped,skipped,skipped,skipped,skipped,,9
3612,Gordon EDGAR (Ind),Michelle BALLANTYNE (Con),skipped,skipped,skipped,skipped,skipped,skipped,skipped,,9
3613,Gordon EDGAR (Ind),Michelle BALLANTYNE (Con),skipped,skipped,skipped,skipped,skipped,skipped,skipped,,9
3614,Gordon EDGAR (Ind),Michelle BALLANTYNE (Con),skipped,skipped,skipped,skipped,skipped,skipped,skipped,,9
3615,Gordon EDGAR (Ind),Michelle BALLANTYNE (Con),skipped,skipped,skipped,skipped,skipped,skipped,skipped,,9
3616,Gordon EDGAR (Ind),Michelle BALLANTYNE (Con),skipped,skipped,skipped,skipped,skipped,skipped,skipped,,9
3617,Gordon EDGAR (Ind),Michelle BALLANTYNE (Con),skipped,skipped,skipped,skipped,skipped,skipped,skipped,,9
3618,Gordon EDGAR (Ind),Michelle BALLANTYNE (Con),skipped,skipped,skipped,skipped,skipped,skipped,skipped,,9
3619,Gordon EDGAR (Ind),Michelle BALLANTYNE (Con),skipped,skipped,skipped,skipped,skipped,skipped,skipped,,9
3620,Gordon EDGAR (Ind),Michelle BALLANTYNE (Con),skipped,skipped,skipped,skipped,skipped,skipped,skipped,,9
3621,Gordon EDGAR (Ind),Michelle BALLANTYNE (Con),skipped,skipped,skipped,skipped,skipped,skipped,skipped,,9
3622,Gordon EDGAR (Ind),Michelle BALLANTYNE (Con),skipped,skipped,skipped,skipped,skipped,skipped,skipped,,9
3623,Gordon EDGAR (Ind),Michelle BALLANTYNE (Con),skipped,skipped,skipped,skipped,skipped,skipped,skipped,,9
3624,Gordon EDGAR (Ind),Michelle BALLANTYNE (Con),Kenneth GUNN (Ind),skipped,skipped,skipped,skipped,skipped,skipped,,9
3625,Gordon EDGAR (Ind),Michelle BALLANTYNE (Con),Kenneth GUNN (Ind),skipped,skipped,skipped,skipped,skipped,skipped,,9
3626,Gordon EDGAR (Ind),Michelle BALLANTYNE (Con),Kenneth GUNN (Ind),skipped,skipped,skipped,skipped,skipped,skipped,,9
3627,Gordon EDGAR (Ind),Michelle BALLANTYNE (Con),Kenneth GUNN (Ind),skipped,skipped,skipped,skipped,skipped,skipped,,9
3628,Gordon EDGAR (Ind),Michelle BALLANTYNE (Con),Kenneth GUNN (Ind),David BLACK (Ind),Nancy NORMAN (LD),Barbara HARVIE (Grn),Scott REDPATH (Lab),Elaine THORNTON-NICOL (SNP),skipped,,9
3629,Gordon EDGAR (Ind),Michelle BALLANTYNE (Con),Kenneth GUNN (Ind),Scott REDPATH (Lab),David BLACK (Ind),Nancy NORMAN (LD),Barbara HARVIE (Grn),Elaine THORNTON-NICOL (SNP),skipped,,9
3630,Gordon EDGAR (Ind),Michelle BALLANTYNE (Con),Elaine THORNTON-NICOL (SNP),Kenneth GUNN (Ind),Barbara HARVIE (Grn),skipped,skipped,skipped,skipped,,9
3631,Gordon EDGAR (Ind),Michelle BALLANTYNE (Con),Barbara HARVIE (Grn),skipped,skipped,skipped,skipped,skipped,skipped,,9
3632,Gordon EDGAR (Ind),Michelle BALLANTYNE (Con),David BLACK (Ind),skipped,skipped,skipped,skipped,skipped,skipped,,9
3633,Gordon EDGAR (Ind),Michelle BALLANTYNE (Con),David BLACK (Ind),skipped,skipped,skipped,skipped,skipped,skipped,,9
3634,Gordon EDGAR (Ind),Michelle BALLANTYNE (Con),David BLACK (Ind),Kenneth GUNN (Ind),skipped,skipped,skipped,skipped,skipped,,9
3635,Gordon EDGAR (Ind),David BLACK (Ind),skipped,skipped,skipped,skipped,skipped,skipped,skipped,,9
3636,Gordon EDGAR (Ind),Nancy NORMAN (LD),skipped,skipped,skipped,skipped,skipped,skipped,skipped,,9
3637,Gordon EDGAR (Ind),Nancy NORMAN (LD),skipped,skipped,skipped,skipped,skipped,skipped,skipped,,9
3638,Gordon EDGAR (Ind),Nancy NORMAN (LD),skipped,skipped,skipped,skipped,skipped,skipped,skipped,,9
3639,Gordon EDGAR (Ind),David BLACK (Ind),skipped,skipped,skipped,skipped,skipped,skipped,skipped,,9
3640,Gordon EDGAR (Ind),David BLACK (Ind),skipped,skipped,skipped,skipped,skipped,skipped,skipped,,9
3641,Gordon EDGAR (Ind),David BLACK (Ind),skipped,skipped,skipped,skipped,skipped,skipped,skipped,,9
3642,Gordon EDGAR (Ind),David BLACK (Ind),skipped,skipped,skipped,skipped,skipped,skipped,skipped,,9
3643,Gordon EDGAR (Ind),David BLACK (Ind),skipped,skipped,skipped,skipped,skipped,skipped,skipped,,9
3644,Gordon EDGAR (Ind),David BLACK (Ind),skipped,skipped,skipped,skipped,skipped,skipped,skipped,,9
3645,Gordon EDGAR (Ind),David BLACK (Ind),Kenneth GUNN (Ind),skipped,skipped,skipped,skipped,skipped,skipped,,9
3646,Gordon EDGAR (Ind),David BLACK (Ind),Kenneth GUNN (Ind),skipped,skipped,skipped,skipped,skipped,skipped,,9
3647,Gordon EDGAR (Ind),David BLACK (Ind),Kenneth GUNN (Ind),skipped,skipped,skipped,skipped,skipped,skipped,,9
3648,Gordon EDGAR (Ind),David BLACK (Ind),Kenneth GUNN (Ind),skipped,skipped,skipped,skipped,skipped,skipped,,9
3649,Gordon EDGAR (Ind),David BLACK (Ind),Kenneth GUNN (Ind),Barbara HARVIE (Grn),Nancy NORMAN (LD),Michelle BALLANTYNE (Con),Scott REDPATH (Lab),Elaine THORNTON-NICOL (SNP),skipped,,9
3650,Gordon EDGAR (Ind),David BLACK (Ind),Kenneth GUNN (Ind),Michelle BALLANTYNE (Con),skipped,skipped,skipped,skipped,skipped,,9
3651,Gordon EDGAR (Ind),David BLACK (Ind),Kenneth GUNN (Ind),Michelle BALLANTYNE (Con),skipped,skipped,skipped,skipped,skipped,,9
3652,Gordon EDGAR (Ind),David BLACK (Ind),Kenneth GUNN (Ind),Nancy NORMAN (LD),Michelle BALLANTYNE (Con),skipped,skipped,skipped,skipped,,9
3653,Gordon EDGAR (Ind),David BLACK (Ind),Kenneth GUNN (Ind),Scott REDPATH (Lab),Michelle BALLANTYNE (Con),skipped,skipped,skipped,skipped,,9
3654,Gordon EDGAR (Ind),David BLACK (Ind),Elaine THORNTON-NICOL (SNP),skipped,skipped,skipped,skipped,skipped,skipped,,9
3655,Gordon EDGAR (Ind),David BLACK (Ind),Elaine THORNTON-NICOL (SNP),skipped,skipped,skipped,skipped,skipped,skipped,,9
3656,Gordon EDGAR (Ind),David BLACK (Ind),Elaine THORNTON-NICOL (SNP),skipped,skipped,skipped,skipped,skipped,skipped,,9
3657,Gordon EDGAR (Ind),David BLACK (Ind),Barbara HARVIE (Grn),skipped,skipped,skipped,skipped,skipped,skipped,,9
3658,Gordon EDGAR (Ind),David BLACK (Ind),Barbara HARVIE (Grn),skipped,skipped,skipped,skipped,skipped,skipped,,9
3659,Gordon EDGAR (Ind),David BLACK (Ind),Barbara HARVIE (Grn),skipped,skipped,skipped,skipped,skipped,skipped,,9
3660,Gordon EDGAR (Ind),David BLACK (Ind),Michelle BALLANTYNE (Con),skipped,skipped,skipped,skipped,skipped,skipped,,9
3661,Gordon EDGAR (Ind),David BLACK (Ind),Michelle BALLANTYNE (Con),Kenneth GUNN (Ind),Nancy NORMAN (LD),skipped,skipped,skipped,skipped,,9
3662,Gordon EDGAR (Ind),David BLACK (Ind),Michelle BALLANTYNE (Con),Kenneth GUNN (Ind),Nancy NORMAN (LD),Barbara HARVIE (Grn),Scott REDPATH (Lab),Elaine THORNTON-NICOL (SNP),skipped,,9
3663,Gordon EDGAR (Ind),David BLACK (Ind),Michelle BALLANTYNE (Con),skipped,skipped,skipped,skipped,skipped,skipped,,9
3664,Gordon EDGAR (Ind),David BLACK (Ind),Michelle BALLANTYNE (Con),skipped,skipped,skipped,skipped,skipped,skipped,,9
3665,Gordon EDGAR (Ind),David BLACK (Ind),Michelle BALLANTYNE (Con),skipped,skipped,skipped,skipped,skipped,skipped,,9
3666,Gordon EDGAR (Ind),David BLACK (Ind),Michelle BALLANTYNE (Con),skipped,skipped,skipped,skipped,skipped,skipped,,9
3667,Gordon EDGAR (Ind),David BLACK (Ind),Michelle BALLANTYNE (Con),Nancy NORMAN (LD),skipped,skipped,skipped,skipped,skipped,,9
3668,Gordon EDGAR (Ind),David BLACK (Ind),Michelle BALLANTYNE (Con),Kenneth GUNN (Ind),skipped,skipped,skipped,skipped,skipped,,9
3669,Gordon EDGAR (Ind),David BLACK (Ind),Scott REDPATH (Lab),skipped,skipped,skipped,skipped,skipped,skipped,,9
3670,Gordon EDGAR (Ind),David BLACK (Ind),Nancy NORMAN (LD),skipped,skipped,skipped,skipped,skipped,skipped,,9
3671,Gordon EDGAR (Ind),David BLACK (Ind),Nancy NORMAN (LD),skipped,skipped,skipped,skipped,skipped,skipped,,9
3672,Gordon EDGAR (Ind),David BLACK (Ind),Nancy NORMAN (LD),skipped,skipped,skipped,skipped,skipped,skipped,,9
3673,Gordon EDGAR (Ind),David BLACK (Ind),Nancy NORMAN (LD),Michelle BALLANTYNE (Con),skipped,skipped,skipped,skipped,skipped,,9
3674,Gordon EDGAR (Ind),David BLACK (Ind),Nancy NORMAN (LD),Michelle BALLANTYNE (Con),skipped,skipped,skipped,skipped,skipped,,9
3675,Gordon EDGAR (Ind),David BLACK (Ind),Nancy NORMAN (LD),Scott REDPATH (Lab),Michelle BALLANTYNE (Con),skipped,skipped,skipped,skipped,,9
3676,Gordon EDGAR (Ind),David BLACK (Ind),Scott REDPATH (Lab),skipped,skipped,skipped,skipped,skipped,skipped,,9
3677,Gordon EDGAR (Ind),David BLACK (Ind),Scott REDPATH (Lab),skipped,skipped,skipped,skipped,skipped,skipped,,9
3678,Gordon EDGAR (Ind),David BLACK (Ind),Scott REDPATH (Lab),skipped,skipped,skipped,skipped,skipped,skipped,,9
3679,Gordon EDGAR (Ind),Nancy NORMAN (LD),skipped,skipped,skipped,skipped,skipped,skipped,skipped,,9
3680,Gordon EDGAR (Ind),Nancy NORMAN (LD),skipped,skipped,skipped,skipped,skipped,skipped,skipped,,9
3681,Gordon EDGAR (Ind),Nancy NORMAN (LD),skipped,skipped,skipped,skipped,skipped,skipped,skipped,,9
3682,Gordon EDGAR (Ind),Nancy NORMAN (LD),skipped,skipped,skipped,skipped,skipped,skipped,skipped,,9
3683,Gordon EDGAR (Ind),Nancy NORMAN (LD),skipped,skipped,skipped,skipped,skipped,skipped,skipped,,9
3684,Gordon EDGAR (Ind),Nancy NORMAN (LD),skipped,skipped,skipped,skipped,skipped,skipped,skipped,,9
3685,Gordon EDGAR (Ind),Nancy NORMAN (LD),skipped,skipped,skipped,skipped,skipped,skipped,skipped,,9
3686,Gordon EDGAR (Ind),Nancy NORMAN (LD),skipped,skipped,skipped,skipped,skipped,skipped,skipped,,9
3687,Gordon EDGAR (Ind),Nancy NORMAN (LD),Kenneth GUNN (Ind),skipped,skipped,skipped,skipped,skipped,skipped,,9
3688,Gordon EDGAR (Ind),Nancy NORMAN (LD),Elaine THORNTON-NICOL (SNP),skipped,skipped,skipped,skipped,skipped,skipped,,9
3689,Gordon EDGAR (Ind),Nancy NORMAN (LD),Elaine THORNTON-NICOL (SNP),skipped,skipped,skipped,skipped,skipped,skipped,,9
3690,Gordon EDGAR (Ind),Nancy NORMAN (LD),Elaine THORNTON-NICOL (SNP),Scott REDPATH (Lab),skipped,skipped,skipped,skipped,skipped,,9
3691,Gordon EDGAR (Ind),Nancy NORMAN (LD),Barbara HARVIE (Grn),skipped,skipped,skipped,skipped,skipped,skipped,,9
3692,Gordon EDGAR (Ind),Nancy NORMAN (LD),Barbara HARVIE (Grn),Elaine THORNTON-NICOL (SNP),skipped,skipped,skipped,skipped,skipped,,9
3693,Gordon EDGAR (Ind),Nancy NORMAN (LD),Barbara HARVIE (Grn),Elaine THORNTON-NICOL (SNP),Scott REDPATH (Lab),skipped,skipped,skipped,skipped,,9
3694,Gordon EDGAR (Ind),Nancy NORMAN (LD),Barbara HARVIE (Grn),Scott REDPATH (Lab),skipped,skipped,skipped,skipped,skipped,,9
3695,Gordon EDGAR (Ind),Nancy NORMAN (LD),Barbara HARVIE (Grn),Scott REDPATH (Lab),skipped,skipped,skipped,skipped,skipped,,9
3696,Gordon EDGAR (Ind),Nancy NORMAN (LD),Michelle BALLANTYNE (Con),skipped,skipped,skipped,skipped,skipped,skipped,,9
3697,Gordon EDGAR (Ind),Nancy NORMAN (LD),Michelle BALLANTYNE (Con),skipped,skipped,skipped,skipped,skipped,skipped,,9
3698,Gordon EDGAR (Ind),Nancy NORMAN (LD),Michelle BALLANTYNE (Con),Scott REDPATH (Lab),Barbara HARVIE (Grn),David BLACK (Ind),Elaine THORNTON-NICOL (SNP),Kenneth GUNN (Ind),skipped,,9
3699,Gordon EDGAR (Ind),Nancy NORMAN (LD),Michelle BALLANTYNE (Con),Scott REDPATH (Lab),Elaine THORNTON-NICOL (SNP),skipped,skipped,skipped,skipped,,9
3700,Gordon EDGAR (Ind),Nancy NORMAN (LD),skipped,skipped,skipped,skipped,skipped,skipped,skipped,,9
3701,Gordon EDGAR (Ind),Nancy NORMAN (LD),David BLACK (Ind),skipped,skipped,skipped,skipped,skipped,skipped,,9
3702,Gordon EDGAR (Ind),Nancy NORMAN (LD),David BLACK (Ind),skipped,skipped,skipped,skipped,skipped,skipped,,9
3703,Gordon EDGAR (Ind),Nancy NORMAN (LD),Scott REDPATH (Lab),skipped,skipped,skipped,skipped,skipped,skipped,,9
3704,Gordon EDGAR (Ind),Nancy NORMAN (LD),Scott REDPATH (Lab),skipped,skipped,skipped,skipped,skipped,skipped,,9
3705,Gordon EDGAR (Ind),Nancy NORMAN (LD),Scott REDPATH (Lab),skipped,skipped,skipped,skipped,skipped,skipped,,9
3706,Gordon EDGAR (Ind),Nancy NORMAN (LD),Scott REDPATH (Lab),David BLACK (Ind),Kenneth GUNN (Ind),Michelle BALLANTYNE (Con),Barbara HARVIE (Grn),Elaine THORNTON-NICOL (SNP),skipped,,9
3707,Gordon EDGAR (Ind),Scott REDPATH (Lab),skipped,skipped,skipped,skipped,skipped,skipped,skipped,,9
3708,Gordon EDGAR (Ind),Scott REDPATH (Lab),skipped,skipped,skipped,skipped,skipped,skipped,skipped,,9
3709,Gordon EDGAR (Ind),Scott REDPATH (Lab),skipped,skipped,skipped,skipped,skipped,skipped,skipped,,9
3710,Gordon EDGAR (Ind),Scott REDPATH (Lab),skipped,skipped,skipped,skipped,skipped,skipped,skipped,,9
3711,Gordon EDGAR (Ind),Scott REDPATH (Lab),Kenneth GUNN (Ind),skipped,skipped,skipped,skipped,skipped,skipped,,9
3712,Gordon EDGAR (Ind),Scott REDPATH (Lab),Kenneth GUNN (Ind),skipped,skipped,skipped,skipped,skipped,skipped,,9
3713,Gordon EDGAR (Ind),Scott REDPATH (Lab),Kenneth GUNN (Ind),skipped,skipped,skipped,skipped,skipped,skipped,,9
3714,Gordon EDGAR (Ind),Scott REDPATH (Lab),Kenneth GUNN (Ind),skipped,skipped,skipped,skipped,skipped,skipped,,9
3715,Gordon EDGAR (Ind),Scott REDPATH (Lab),Kenneth GUNN (Ind),Elaine THORNTON-NICOL (SNP),Barbara HARVIE (Grn),skipped,skipped,skipped,skipped,,9
3716,Gordon EDGAR (Ind),Scott REDPATH (Lab),Elaine THORNTON-NICOL (SNP),skipped,skipped,skipped,skipped,skipped,skipped,,9
3717,Gordon EDGAR (Ind),Scott REDPATH (Lab),Barbara HARVIE (Grn),skipped,skipped,skipped,skipped,skipped,skipped,,9
3718,Gordon EDGAR (Ind),Scott REDPATH (Lab),Barbara HARVIE (Grn),Michelle BALLANTYNE (Con),Nancy NORMAN (LD),skipped,skipped,skipped,skipped,,9
3719,Gordon EDGAR (Ind),Scott REDPATH (Lab),Michelle BALLANTYNE (Con),skipped,skipped,skipped,skipped,skipped,skipped,,9
3720,Gordon EDGAR (Ind),Scott REDPATH (Lab),Michelle BALLANTYNE (Con),Kenneth GUNN (Ind),skipped,skipped,skipped,skipped,skipped,,9
3721,Gordon EDGAR (Ind),Scott REDPATH (Lab),Michelle BALLANTYNE (Con),Barbara HARVIE (Grn),skipped,skipped,skipped,skipped,skipped,,9
3722,Gordon EDGAR (Ind),Scott REDPATH (Lab),skipped,skipped,skipped,skipped,skipped,skipped,skipped,,9
3723,Gordon EDGAR (Ind),Scott REDPATH (Lab),David BLACK (Ind),Kenneth GUNN (Ind),skipped,skipped,skipped,skipped,skipped,,9
3724,Gordon EDGAR (Ind),Scott REDPATH (Lab),Nancy NORMAN (LD),skipped,skipped,skipped,skipped,skipped,skipped,,9
3725,Gordon EDGAR (Ind),Scott REDPATH (Lab),Nancy NORMAN (LD),David BLACK (Ind),Kenneth GUNN (Ind),skipped,skipped,skipped,skipped,,9
3726,Nancy NORMAN (LD),skipped,skipped,skipped,skipped,skipped,skipped,skipped,skipped,,9
3727,Nancy NORMAN (LD),skipped,skipped,skipped,skipped,skipped,skipped,skipped,skipped,,9
3728,Nancy NORMAN (LD),skipped,skipped,skipped,skipped,skipped,skipped,skipped,skipped,,9
3729,Nancy NORMAN (LD),skipped,skipped,skipped,skipped,skipped,skipped,skipped,skipped,,9
3730,Nancy NORMAN (LD),skipped,skipped,skipped,skipped,skipped,skipped,skipped,skipped,,9
3731,Nancy NORMAN (LD),skipped,skipped,skipped,skipped,skipped,skipped,skipped,skipped,,9
3732,Nancy NORMAN (LD),skipped,skipped,skipped,skipped,skipped,skipped,skipped,skipped,,9
3733,Nancy NORMAN (LD),skipped,skipped,skipped,skipped,skipped,skipped,skipped,skipped,,9
3734,Nancy NORMAN (LD),skipped,skipped,skipped,skipped,skipped,skipped,skipped,skipped,,9
3735,Nancy NORMAN (LD),skipped,skipped,skipped,skipped,skipped,skipped,skipped,skipped,,9
3736,Nancy NORMAN (LD),skipped,skipped,skipped,skipped,skipped,skipped,skipped,skipped,,9
3737,Nancy NORMAN (LD),skipped,skipped,skipped,skipped,skipped,skipped,skipped,skipped,,9
3738,Nancy NORMAN (LD),skipped,skipped,skipped,skipped,skipped,skipped,skipped,skipped,,9
3739,Nancy NORMAN (LD),skipped,skipped,skipped,skipped,skipped,skipped,skipped,skipped,,9
3740,Nancy NORMAN (LD),Kenneth GUNN (Ind),Elaine THORNTON-NICOL (SNP),Gordon EDGAR (Ind),Barbara HARVIE (Grn),David BLACK (Ind),skipped,skipped,skipped,,9
3741,Nancy NORMAN (LD),Kenneth GUNN (Ind),Gordon EDGAR (Ind),skipped,skipped,skipped,skipped,skipped,skipped,,9
3742,Nancy NORMAN (LD),Kenneth GUNN (Ind),Gordon EDGAR (Ind),David BLACK (Ind),skipped,skipped,skipped,skipped,skipped,,9
3743,Nancy NORMAN (LD),Kenneth GUNN (Ind),Gordon EDGAR (Ind),David BLACK (Ind),skipped,skipped,skipped,skipped,skipped,,9
3744,Nancy NORMAN (LD),Elaine THORNTON-NICOL (SNP),Kenneth GUNN (Ind),skipped,skipped,skipped,skipped,skipped,skipped,,9
3745,Nancy NORMAN (LD),Elaine THORNTON-NICOL (SNP),Kenneth GUNN (Ind),skipped,skipped,skipped,skipped,skipped,skipped,,9
3746,Nancy NORMAN (LD),Elaine THORNTON-NICOL (SNP),Barbara HARVIE (Grn),skipped,skipped,skipped,skipped,skipped,skipped,,9
3747,Nancy NORMAN (LD),Elaine THORNTON-NICOL (SNP),Barbara HARVIE (Grn),skipped,skipped,skipped,skipped,skipped,skipped,,9
3748,Nancy NORMAN (LD),Elaine THORNTON-NICOL (SNP),Barbara HARVIE (Grn),skipped,skipped,skipped,skipped,skipped,skipped,,9
3749,Nancy NORMAN (LD),Elaine THORNTON-NICOL (SNP),Barbara HARVIE (Grn),Kenneth GUNN (Ind),David BLACK (Ind),Gordon EDGAR (Ind),skipped,skipped,skipped,,9
3750,Nancy NORMAN (LD),Elaine THORNTON-NICOL (SNP),Barbara HARVIE (Grn),Scott REDPATH (Lab),skipped,skipped,skipped,skipped,skipped,,9
3751,Nancy NORMAN (LD),Elaine THORNTON-NICOL (SNP),Barbara HARVIE (Grn),Scott REDPATH (Lab),Kenneth GUNN (Ind),skipped,skipped,skipped,skipped,,9
3752,Nancy NORMAN (LD),Elaine THORNTON-NICOL (SNP),Michelle BALLANTYNE (Con),skipped,skipped,skipped,skipped,skipped,skipped,,9
3753,Nancy NORMAN (LD),Elaine THORNTON-NICOL (SNP),David BLACK (Ind),Barbara HARVIE (Grn),Kenneth GUNN (Ind),Gordon EDGAR (Ind),Scott REDPATH (Lab),Michelle BALLANTYNE (Con),skipped,,9
3754,Nancy NORMAN (LD),Elaine THORNTON-NICOL (SNP),Gordon EDGAR (Ind),Barbara HARVIE (Grn),skipped,skipped,skipped,skipped,skipped,,9
3755,Nancy NORMAN (LD),Elaine THORNTON-NICOL (SNP),Scott REDPATH (Lab),skipped,skipped,skipped,skipped,skipped,skipped,,9
3756,Nancy NORMAN (LD),Elaine THORNTON-NICOL (SNP),Scott REDPATH (Lab),skipped,skipped,skipped,skipped,skipped,skipped,,9
3757,Nancy NORMAN (LD),Elaine THORNTON-NICOL (SNP),Scott REDPATH (Lab),skipped,skipped,skipped,skipped,skipped,skipped,,9
3758,Nancy NORMAN (LD),Barbara HARVIE (Grn),skipped,skipped,skipped,skipped,skipped,skipped,skipped,,9
3759,Nancy NORMAN (LD),Barbara HARVIE (Grn),skipped,skipped,skipped,skipped,skipped,skipped,skipped,,9
3760,Nancy NORMAN (LD),Barbara HARVIE (Grn),Kenneth GUNN (Ind),skipped,skipped,skipped,skipped,skipped,skipped,,9
3761,Nancy NORMAN (LD),Barbara HARVIE (Grn),Kenneth GUNN (Ind),Gordon EDGAR (Ind),David BLACK (Ind),Scott REDPATH (Lab),skipped,skipped,skipped,,9
3762,Nancy NORMAN (LD),Barbara HARVIE (Grn),Elaine THORNTON-NICOL (SNP),skipped,skipped,skipped,skipped,skipped,skipped,,9
3763,Nancy NORMAN (LD),Barbara HARVIE (Grn),Elaine THORNTON-NICOL (SNP),Kenneth GUNN (Ind),skipped,skipped,skipped,skipped,skipped,,9
3764,Nancy NORMAN (LD),Barbara HARVIE (Grn),Elaine THORNTON-NICOL (SNP),Gordon EDGAR (Ind),Scott REDPATH (Lab),David BLACK (Ind),Michelle BALLANTYNE (Con),Kenneth GUNN (Ind),skipped,,9
3765,Nancy NORMAN (LD),Barbara HARVIE (Grn),Elaine THORNTON-NICOL (SNP),Scott REDPATH (Lab),skipped,skipped,skipped,skipped,skipped,,9
3766,Nancy NORMAN (LD),Barbara HARVIE (Grn),Michelle BALLANTYNE (Con),Kenneth GUNN (Ind),skipped,skipped,skipped,skipped,skipped,,9
3767,Nancy NORMAN (LD),Barbara HARVIE (Grn),Michelle BALLANTYNE (Con),David BLACK (Ind),Scott REDPATH (Lab),skipped,skipped,skipped,skipped,,9
3768,Nancy NORMAN (LD),Barbara HARVIE (Grn),Michelle BALLANTYNE (Con),Scott REDPATH (Lab),David BLACK (Ind),skipped,skipped,skipped,skipped,,9
3769,Nancy NORMAN (LD),Barbara HARVIE (Grn),Michelle BALLANTYNE (Con),skipped,skipped,skipped,skipped,skipped,skipped,,9
3770,Nancy NORMAN (LD),Barbara HARVIE (Grn),David BLACK (Ind),skipped,skipped,skipped,skipped,skipped,skipped,,9
3771,Nancy NORMAN (LD),Barbara HARVIE (Grn),David BLACK (Ind),skipped,skipped,skipped,skipped,skipped,skipped,,9
3772,Nancy NORMAN (LD),Barbara HARVIE (Grn),Gordon EDGAR (Ind),skipped,skipped,skipped,skipped,skipped,skipped,,9
3773,Nancy NORMAN (LD),Barbara HARVIE (Grn),Gordon EDGAR (Ind),skipped,skipped,skipped,skipped,skipped,skipped,,9
3774,Nancy NORMAN (LD),Barbara HARVIE (Grn),Gordon EDGAR (Ind),skipped,skipped,skipped,skipped,skipped,skipped,,9
3775,Nancy NORMAN (LD),Barbara HARVIE (Grn),Gordon EDGAR (Ind),Kenneth GUNN (Ind),skipped,skipped,skipped,skipped,skipped,,9
3776,Nancy NORMAN (LD),Barbara HARVIE (Grn),Gordon EDGAR (Ind),Kenneth GUNN (Ind),Elaine THORNTON-NICOL (SNP),David BLACK (Ind),Michelle BALLANTYNE (Con),Scott REDPATH (Lab),skipped,,9
3777,Nancy NORMAN (LD),Barbara HARVIE (Grn),Gordon EDGAR (Ind),Michelle BALLANTYNE (Con),skipped,skipped,skipped,skipped,skipped,,9
3778,Nancy NORMAN (LD),Barbara HARVIE (Grn),Scott REDPATH (Lab),skipped,skipped,skipped,skipped,skipped,skipped,,9
3779,Nancy NORMAN (LD),Barbara HARVIE (Grn),Scott REDPATH (Lab),Elaine THORNTON-NICOL (SNP),skipped,skipped,skipped,skipped,skipped,,9
3780,Nancy NORMAN (LD),Barbara HARVIE (Grn),Scott REDPATH (Lab),Michelle BALLANTYNE (Con),skipped,skipped,skipped,skipped,skipped,,9
3781,Nancy NORMAN (LD),Michelle BALLANTYNE (Con),skipped,skipped,skipped,skipped,skipped,skipped,skipped,,9
3782,Nancy NORMAN (LD),Michelle BALLANTYNE (Con),Kenneth GUNN (Ind),Gordon EDGAR (Ind),skipped,skipped,skipped,skipped,skipped,,9
3783,Nancy NORMAN (LD),Michelle BALLANTYNE (Con),Elaine THORNTON-NICOL (SNP),Kenneth GUNN (Ind),skipped,skipped,skipped,skipped,skipped,,9
3784,Nancy NORMAN (LD),Michelle BALLANTYNE (Con),Elaine THORNTON-NICOL (SNP),Gordon EDGAR (Ind),Scott REDPATH (Lab),Barbara HARVIE (Grn),David BLACK (Ind),Kenneth GUNN (Ind),skipped,,9
3785,Nancy NORMAN (LD),Michelle BALLANTYNE (Con),Barbara HARVIE (Grn),Gordon EDGAR (Ind),Scott REDPATH (Lab),Elaine THORNTON-NICOL (SNP),David BLACK (Ind),Kenneth GUNN (Ind),skipped,,9
3786,Nancy NORMAN (LD),Michelle BALLANTYNE (Con),skipped,skipped,skipped,skipped,skipped,skipped,skipped,,9
3787,Nancy NORMAN (LD),Michelle BALLANTYNE (Con),skipped,skipped,skipped,skipped,skipped,skipped,skipped,,9
3788,Nancy NORMAN (LD),Michelle BALLANTYNE (Con),skipped,skipped,skipped,skipped,skipped,skipped,skipped,,9
3789,Nancy NORMAN (LD),Michelle BALLANTYNE (Con),Barbara HARVIE (Grn),skipped,skipped,skipped,skipped,skipped,skipped,,9
3790,Nancy NORMAN (LD),Michelle BALLANTYNE (Con),David BLACK (Ind),Kenneth GUNN (Ind),Scott REDPATH (Lab),Gordon EDGAR (Ind),Barbara HARVIE (Grn),Elaine THORNTON-NICOL (SNP),skipped,,9
3791,Nancy NORMAN (LD),Michelle BALLANTYNE (Con),David BLACK (Ind),Kenneth GUNN (Ind),Scott REDPATH (Lab),Gordon EDGAR (Ind),Barbara HARVIE (Grn),Elaine THORNTON-NICOL (SNP),skipped,,9
3792,Nancy NORMAN (LD),Michelle BALLANTYNE (Con),Gordon EDGAR (Ind),David BLACK (Ind),Kenneth GUNN (Ind),Barbara HARVIE (Grn),Scott REDPATH (Lab),Elaine THORNTON-NICOL (SNP),skipped,,9
3793,Nancy NORMAN (LD),Michelle BALLANTYNE (Con),Scott REDPATH (Lab),skipped,skipped,skipped,skipped,skipped,skipped,,9
3794,Nancy NORMAN (LD),Michelle BALLANTYNE (Con),Scott REDPATH (Lab),skipped,skipped,skipped,skipped,skipped,skipped,,9
3795,Nancy NORMAN (LD),Michelle BALLANTYNE (Con),Scott REDPATH (Lab),Kenneth GUNN (Ind),skipped,skipped,skipped,skipped,skipped,,9
3796,Nancy NORMAN (LD),Michelle BALLANTYNE (Con),Gordon EDGAR (Ind),skipped,skipped,skipped,skipped,skipped,skipped,,9
3797,Nancy NORMAN (LD),Michelle BALLANTYNE (Con),Scott REDPATH (Lab),Gordon EDGAR (Ind),Kenneth GUNN (Ind),Barbara HARVIE (Grn),David BLACK (Ind),Elaine THORNTON-NICOL (SNP),skipped,,9
3798,Nancy NORMAN (LD),Michelle BALLANTYNE (Con),skipped,skipped,skipped,skipped,skipped,skipped,skipped,,9
3799,Nancy NORMAN (LD),Michelle BALLANTYNE (Con),skipped,skipped,skipped,skipped,skipped,skipped,skipped,,9
3800,Nancy NORMAN (LD),Michelle BALLANTYNE (Con),skipped,skipped,skipped,skipped,skipped,skipped,skipped,,9
3801,Nancy NORMAN (LD),Michelle BALLANTYNE (Con),David BLACK (Ind),skipped,skipped,skipped,skipped,skipped,skipped,,9
3802,Nancy NORMAN (LD),Michelle BALLANTYNE (Con),Gordon EDGAR (Ind),skipped,skipped,skipped,skipped,skipped,skipped,,9
3803,Nancy NORMAN (LD),Michelle BALLANTYNE (Con),Scott REDPATH (Lab),skipped,skipped,skipped,skipped,skipped,skipped,,9
3804,Nancy NORMAN (LD),Scott REDPATH (Lab),skipped,skipped,skipped,skipped,skipped,skipped,skipped,,9
3805,Nancy NORMAN (LD),David BLACK (Ind),skipped,skipped,skipped,skipped,skipped,skipped,skipped,,9
3806,Nancy NORMAN (LD),David BLACK (Ind),Elaine THORNTON-NICOL (SNP),skipped,skipped,skipped,skipped,skipped,skipped,,9
3807,Nancy NORMAN (LD),David BLACK (Ind),Barbara HARVIE (Grn),skipped,skipped,skipped,skipped,skipped,skipped,,9
3808,Nancy NORMAN (LD),David BLACK (Ind),Michelle BALLANTYNE (Con),Scott REDPATH (Lab),skipped,skipped,skipped,skipped,skipped,,9
3809,Nancy NORMAN (LD),David BLACK (Ind),skipped,skipped,skipped,skipped,skipped,skipped,skipped,,9
3810,Nancy NORMAN (LD),David BLACK (Ind),Gordon EDGAR (Ind),Kenneth GUNN (Ind),skipped,skipped,skipped,skipped,skipped,,9
3811,Nancy NORMAN (LD),Gordon EDGAR (Ind),skipped,skipped,skipped,skipped,skipped,skipped,skipped,,9
3812,Nancy NORMAN (LD),Gordon EDGAR (Ind),skipped,skipped,skipped,skipped,skipped,skipped,skipped,,9
3813,Nancy NORMAN (LD),Gordon EDGAR (Ind),skipped,skipped,skipped,skipped,skipped,skipped,skipped,,9
3814,Nancy NORMAN (LD),Gordon EDGAR (Ind),skipped,skipped,skipped,skipped,skipped,skipped,skipped,,9
3815,Nancy NORMAN (LD),Gordon EDGAR (Ind),Kenneth GUNN (Ind),skipped,skipped,skipped,skipped,skipped,skipped,,9
3816,Nancy NORMAN (LD),Gordon EDGAR (Ind),Kenneth GUNN (Ind),skipped,skipped,skipped,skipped,skipped,skipped,,9
3817,Nancy NORMAN (LD),Gordon EDGAR (Ind),Kenneth GUNN (Ind),skipped,skipped,skipped,skipped,skipped,skipped,,9
3818,Nancy NORMAN (LD),Gordon EDGAR (Ind),Kenneth GUNN (Ind),skipped,skipped,skipped,skipped,skipped,skipped,,9
3819,Nancy NORMAN (LD),Gordon EDGAR (Ind),Kenneth GUNN (Ind),Barbara HARVIE (Grn),skipped,skipped,skipped,skipped,skipped,,9
3820,Nancy NORMAN (LD),Gordon EDGAR (Ind),Kenneth GUNN (Ind),David BLACK (Ind),skipped,skipped,skipped,skipped,skipped,,9
3821,Nancy NORMAN (LD),Gordon EDGAR (Ind),Kenneth GUNN (Ind),Scott REDPATH (Lab),Barbara HARVIE (Grn),skipped,skipped,skipped,skipped,,9
3822,Nancy NORMAN (LD),Gordon EDGAR (Ind),Barbara HARVIE (Grn),skipped,skipped,skipped,skipped,skipped,skipped,,9
3823,Nancy NORMAN (LD),Gordon EDGAR (Ind),Barbara HARVIE (Grn),skipped,skipped,skipped,skipped,skipped,skipped,,9
3824,Nancy NORMAN (LD),Gordon EDGAR (Ind),Barbara HARVIE (Grn),skipped,skipped,skipped,skipped,skipped,skipped,,9
3825,Nancy NORMAN (LD),Gordon EDGAR (Ind),Barbara HARVIE (Grn),skipped,skipped,skipped,skipped,skipped,skipped,,9
3826,Nancy NORMAN (LD),Gordon EDGAR (Ind),Barbara HARVIE (Grn),skipped,skipped,skipped,skipped,skipped,skipped,,9
3827,Nancy NORMAN (LD),Gordon EDGAR (Ind),Barbara HARVIE (Grn),skipped,skipped,skipped,skipped,skipped,skipped,,9
3828,Nancy NORMAN (LD),Gordon EDGAR (Ind),Barbara HARVIE (Grn),skipped,skipped,skipped,skipped,skipped,skipped,,9
3829,Nancy NORMAN (LD),Gordon EDGAR (Ind),skipped,skipped,skipped,skipped,skipped,skipped,skipped,,9
3830,Nancy NORMAN (LD),Gordon EDGAR (Ind),David BLACK (Ind),skipped,skipped,skipped,skipped,skipped,skipped,,9
3831,Nancy NORMAN (LD),Gordon EDGAR (Ind),Scott REDPATH (Lab),skipped,skipped,skipped,skipped,skipped,skipped,,9
3832,Nancy NORMAN (LD),Gordon EDGAR (Ind),Scott REDPATH (Lab),skipped,skipped,skipped,skipped,skipped,skipped,,9
3833,Nancy NORMAN (LD),Gordon EDGAR (Ind),Scott REDPATH (Lab),skipped,skipped,skipped,skipped,skipped,skipped,,9
3834,Nancy NORMAN (LD),Gordon EDGAR (Ind),Scott REDPATH (Lab),Barbara HARVIE (Grn),skipped,skipped,skipped,skipped,skipped,,9
3835,Nancy NORMAN (LD),Scott REDPATH (Lab),skipped,skipped,skipped,skipped,skipped,skipped,skipped,,9
3836,Nancy NORMAN (LD),Scott REDPATH (Lab),skipped,skipped,skipped,skipped,skipped,skipped,skipped,,9
3837,Nancy NORMAN (LD),Scott REDPATH (Lab),skipped,skipped,skipped,skipped,skipped,skipped,skipped,,9
3838,Nancy NORMAN (LD),Scott REDPATH (Lab),skipped,skipped,skipped,skipped,skipped,skipped,skipped,,9
3839,Nancy NORMAN (LD),Scott REDPATH (Lab),skipped,skipped,skipped,skipped,skipped,skipped,skipped,,9
3840,Nancy NORMAN (LD),Scott REDPATH (Lab),skipped,skipped,skipped,skipped,skipped,skipped,skipped,,9
3841,Nancy NORMAN (LD),Scott REDPATH (Lab),Kenneth GUNN (Ind),skipped,skipped,skipped,skipped,skipped,skipped,,9
3842,Nancy NORMAN (LD),Scott REDPATH (Lab),Kenneth GUNN (Ind),Gordon EDGAR (Ind),David BLACK (Ind),skipped,skipped,skipped,skipped,,9
3843,Nancy NORMAN (LD),Scott REDPATH (Lab),Elaine THORNTON-NICOL (SNP),skipped,skipped,skipped,skipped,skipped,skipped,,9
3844,Nancy NORMAN (LD),Scott REDPATH (Lab),Elaine THORNTON-NICOL (SNP),skipped,skipped,skipped,skipped,skipped,skipped,,9
3845,Nancy NORMAN (LD),Scott REDPATH (Lab),Elaine THORNTON-NICOL (SNP),skipped,skipped,skipped,skipped,skipped,skipped,,9
3846,Nancy NORMAN (LD),Scott REDPATH (Lab),Elaine THORNTON-NICOL (SNP),skipped,skipped,skipped,skipped,skipped,skipped,,9
3847,Nancy NORMAN (LD),Scott REDPATH (Lab),Barbara HARVIE (Grn),skipped,skipped,skipped,skipped,skipped,skipped,,9
3848,Nancy NORMAN (LD),Scott REDPATH (Lab),Barbara HARVIE (Grn),skipped,skipped,skipped,skipped,skipped,skipped,,9
3849,Nancy NORMAN (LD),Scott REDPATH (Lab),Barbara HARVIE (Grn),skipped,skipped,skipped,skipped,skipped,skipped,,9
3850,Nancy NORMAN (LD),Scott REDPATH (Lab),Barbara HARVIE (Grn),Kenneth GUNN (Ind),David BLACK (Ind),skipped,skipped,skipped,skipped,,9
3851,Nancy NORMAN (LD),Scott REDPATH (Lab),Barbara HARVIE (Grn),Elaine THORNTON-NICOL (SNP),David BLACK (Ind),skipped,skipped,skipped,skipped,,9
3852,Nancy NORMAN (LD),Scott REDPATH (Lab),Michelle BALLANTYNE (Con),skipped,skipped,skipped,skipped,skipped,skipped,,9
3853,Nancy NORMAN (LD),Scott REDPATH (Lab),skipped,skipped,skipped,skipped,skipped,skipped,skipped,,9
3854,Nancy NORMAN (LD),Scott REDPATH (Lab),Michelle BALLANTYNE (Con),skipped,skipped,skipped,skipped,skipped,skipped,,9
3855,Nancy NORMAN (LD),Scott REDPATH (Lab),Michelle BALLANTYNE (Con),skipped,skipped,skipped,skipped,skipped,skipped,,9
3856,Nancy NORMAN (LD),Scott REDPATH (Lab),David BLACK (Ind),skipped,skipped,skipped,skipped,skipped,skipped,,9
3857,Nancy NORMAN (LD),Scott REDPATH (Lab),David BLACK (Ind),skipped,skipped,skipped,skipped,skipped,skipped,,9
3858,Nancy NORMAN (LD),Scott REDPATH (Lab),David BLACK (Ind),Barbara HARVIE (Grn),Kenneth GUNN (Ind),skipped,skipped,skipped,skipped,,9
3859,Nancy NORMAN (LD),Scott REDPATH (Lab),Gordon EDGAR (Ind),Barbara HARVIE (Grn),skipped,skipped,skipped,skipped,skipped,,9
3860,Scott REDPATH (Lab),skipped,skipped,skipped,skipped,skipped,skipped,skipped,skipped,,9
3861,Scott REDPATH (Lab),skipped,skipped,skipped,skipped,skipped,skipped,skipped,skipped,,9
3862,Scott REDPATH (Lab),skipped,skipped,skipped,skipped,skipped,skipped,skipped,skipped,,9
3863,Scott REDPATH (Lab),skipped,skipped,skipped,skipped,skipped,skipped,skipped,skipped,,9
3864,Scott REDPATH (Lab),skipped,skipped,skipped,skipped,skipped,skipped,skipped,skipped,,9
3865,Scott REDPATH (Lab),skipped,skipped,skipped,skipped,skipped,skipped,skipped,skipped,,9
3866,Scott REDPATH (Lab),skipped,skipped,skipped,skipped,skipped,skipped,skipped,skipped,,9
3867,Scott REDPATH (Lab),skipped,skipped,skipped,skipped,skipped,skipped,skipped,skipped,,9
3868,Scott REDPATH (Lab),skipped,skipped,skipped,skipped,skipped,skipped,skipped,skipped,,9
3869,Scott REDPATH (Lab),skipped,skipped,skipped,skipped,skipped,skipped,skipped,skipped,,9
3870,Scott REDPATH (Lab),skipped,skipped,skipped,skipped,skipped,skipped,skipped,skipped,,9
3871,Scott REDPATH (Lab),skipped,skipped,skipped,skipped,skipped,skipped,skipped,skipped,,9
3872,Scott REDPATH (Lab),skipped,skipped,skipped,skipped,skipped,skipped,skipped,skipped,,9
3873,Scott REDPATH (Lab),skipped,skipped,skipped,skipped,skipped,skipped,skipped,skipped,,9
3874,Scott REDPATH (Lab),skipped,skipped,skipped,skipped,skipped,skipped,skipped,skipped,,9
3875,Scott REDPATH (Lab),skipped,skipped,skipped,skipped,skipped,skipped,skipped,skipped,,9
3876,Scott REDPATH (Lab),skipped,skipped,skipped,skipped,skipped,skipped,skipped,skipped,,9
3877,Scott REDPATH (Lab),skipped,skipped,skipped,skipped,skipped,skipped,skipped,skipped,,9
3878,Scott REDPATH (Lab),skipped,skipped,skipped,skipped,skipped,skipped,skipped,skipped,,9
3879,Scott REDPATH (Lab),skipped,skipped,skipped,skipped,skipped,skipped,skipped,skipped,,9
3880,Scott REDPATH (Lab),skipped,skipped,skipped,skipped,skipped,skipped,skipped,skipped,,9
3881,Scott REDPATH (Lab),skipped,skipped,skipped,skipped,skipped,skipped,skipped,skipped,,9
3882,Scott REDPATH (Lab),skipped,skipped,skipped,skipped,skipped,skipped,skipped,skipped,,9
3883,Scott REDPATH (Lab),skipped,skipped,skipped,skipped,skipped,skipped,skipped,skipped,,9
3884,Scott REDPATH (Lab),skipped,skipped,skipped,skipped,skipped,skipped,skipped,skipped,,9
3885,Scott REDPATH (Lab),skipped,skipped,skipped,skipped,skipped,skipped,skipped,skipped,,9
3886,Scott REDPATH (Lab),Kenneth GUNN (Ind),skipped,skipped,skipped,skipped,skipped,skipped,skipped,,9
3887,Scott REDPATH (Lab),Kenneth GUNN (Ind),Elaine THORNTON-NICOL (SNP),skipped,skipped,skipped,skipped,skipped,skipped,,9
3888,Scott REDPATH (Lab),Kenneth GUNN (Ind),Barbara HARVIE (Grn),Nancy NORMAN (LD),Elaine THORNTON-NICOL (SNP),Gordon EDGAR (Ind),David BLACK (Ind),Michelle BALLANTYNE (Con),skipped,,9
3889,Scott REDPATH (Lab),Kenneth GUNN (Ind),Michelle BALLANTYNE (Con),skipped,skipped,skipped,skipped,skipped,skipped,,9
3890,Scott REDPATH (Lab),Kenneth GUNN (Ind),Michelle BALLANTYNE (Con),David BLACK (Ind),Barbara HARVIE (Grn),Nancy NORMAN (LD),Elaine THORNTON-NICOL (SNP),Gordon EDGAR (Ind),skipped,,9
3891,Scott REDPATH (Lab),Kenneth GUNN (Ind),Gordon EDGAR (Ind),skipped,skipped,skipped,skipped,skipped,skipped,,9
3892,Scott REDPATH (Lab),Kenneth GUNN (Ind),Gordon EDGAR (Ind),skipped,skipped,skipped,skipped,skipped,skipped,,9
3893,Scott REDPATH (Lab),Kenneth GUNN (Ind),Gordon EDGAR (Ind),David BLACK (Ind),Nancy NORMAN (LD),Barbara HARVIE (Grn),skipped,skipped,skipped,,9
3894,Scott REDPATH (Lab),Elaine THORNTON-NICOL (SNP),skipped,skipped,skipped,skipped,skipped,skipped,skipped,,9
3895,Scott REDPATH (Lab),Elaine THORNTON-NICOL (SNP),skipped,skipped,skipped,skipped,skipped,skipped,skipped,,9
3896,Scott REDPATH (Lab),Elaine THORNTON-NICOL (SNP),skipped,skipped,skipped,skipped,skipped,skipped,skipped,,9
3897,Scott REDPATH (Lab),Elaine THORNTON-NICOL (SNP),skipped,skipped,skipped,skipped,skipped,skipped,skipped,,9
3898,Scott REDPATH (Lab),Elaine THORNTON-NICOL (SNP),Kenneth GUNN (Ind),skipped,skipped,skipped,skipped,skipped,skipped,,9
3899,Scott REDPATH (Lab),Elaine THORNTON-NICOL (SNP),Kenneth GUNN (Ind),skipped,skipped,skipped,skipped,skipped,skipped,,9
3900,Scott REDPATH (Lab),Elaine THORNTON-NICOL (SNP),Kenneth GUNN (Ind),skipped,skipped,skipped,skipped,skipped,skipped,,9
3901,Scott REDPATH (Lab),Elaine THORNTON-NICOL (SNP),Barbara HARVIE (Grn),skipped,skipped,skipped,skipped,skipped,skipped,,9
3902,Scott REDPATH (Lab),Elaine THORNTON-NICOL (SNP),Barbara HARVIE (Grn),skipped,skipped,skipped,skipped,skipped,skipped,,9
3903,Scott REDPATH (Lab),Elaine THORNTON-NICOL (SNP),Barbara HARVIE (Grn),skipped,skipped,skipped,skipped,skipped,skipped,,9
3904,Scott REDPATH (Lab),Elaine THORNTON-NICOL (SNP),Barbara HARVIE (Grn),skipped,skipped,skipped,skipped,skipped,skipped,,9
3905,Scott REDPATH (Lab),Elaine THORNTON-NICOL (SNP),Barbara HARVIE (Grn),skipped,skipped,skipped,skipped,skipped,skipped,,9
3906,Scott REDPATH (Lab),Elaine THORNTON-NICOL (SNP),Barbara HARVIE (Grn),skipped,skipped,skipped,skipped,skipped,skipped,,9
3907,Scott REDPATH (Lab),Elaine THORNTON-NICOL (SNP),Barbara HARVIE (Grn),skipped,skipped,skipped,skipped,skipped,skipped,,9
3908,Scott REDPATH (Lab),Elaine THORNTON-NICOL (SNP),Barbara HARVIE (Grn),skipped,skipped,skipped,skipped,skipped,skipped,,9
3909,Scott REDPATH (Lab),Elaine THORNTON-NICOL (SNP),Barbara HARVIE (Grn),skipped,skipped,skipped,skipped,skipped,skipped,,9
3910,Scott REDPATH (Lab),Elaine THORNTON-NICOL (SNP),Barbara HARVIE (Grn),David BLACK (Ind),skipped,skipped,skipped,skipped,skipped,,9
3911,Scott REDPATH (Lab),Elaine THORNTON-NICOL (SNP),Barbara HARVIE (Grn),Nancy NORMAN (LD),skipped,skipped,skipped,skipped,skipped,,9
3912,Scott REDPATH (Lab),Elaine THORNTON-NICOL (SNP),Barbara HARVIE (Grn),Nancy NORMAN (LD),Kenneth GUNN (Ind),skipped,skipped,skipped,skipped,,9
3913,Scott REDPATH (Lab),Elaine THORNTON-NICOL (SNP),Michelle BALLANTYNE (Con),skipped,skipped,skipped,skipped,skipped,skipped,,9
3914,Scott REDPATH (Lab),Elaine THORNTON-NICOL (SNP),David BLACK (Ind),skipped,skipped,skipped,skipped,skipped,skipped,,9
3915,Scott REDPATH (Lab),Elaine THORNTON-NICOL (SNP),David BLACK (Ind),Gordon EDGAR (Ind),Nancy NORMAN (LD),Michelle BALLANTYNE (Con),Barbara HARVIE (Grn),Kenneth GUNN (Ind),skipped,,9
3916,Scott REDPATH (Lab),Elaine THORNTON-NICOL (SNP),Nancy NORMAN (LD),skipped,skipped,skipped,skipped,skipped,skipped,,9
3917,Scott REDPATH (Lab),Elaine THORNTON-NICOL (SNP),Nancy NORMAN (LD),skipped,skipped,skipped,skipped,skipped,skipped,,9
3918,Scott REDPATH (Lab),Elaine THORNTON-NICOL (SNP),Nancy NORMAN (LD),Barbara HARVIE (Grn),skipped,skipped,skipped,skipped,skipped,,9
3919,Scott REDPATH (Lab),Elaine THORNTON-NICOL (SNP),Nancy NORMAN (LD),Barbara HARVIE (Grn),Kenneth GUNN (Ind),Gordon EDGAR (Ind),David BLACK (Ind),skipped,skipped,,9
3920,Scott REDPATH (Lab),Barbara HARVIE (Grn),skipped,skipped,skipped,skipped,skipped,skipped,skipped,,9
3921,Scott REDPATH (Lab),Barbara HARVIE (Grn),skipped,skipped,skipped,skipped,skipped,skipped,skipped,,9
3922,Scott REDPATH (Lab),Barbara HARVIE (Grn),skipped,skipped,skipped,skipped,skipped,skipped,skipped,,9
3923,Scott REDPATH (Lab),Barbara HARVIE (Grn),Kenneth GUNN (Ind),Gordon EDGAR (Ind),Nancy NORMAN (LD),David BLACK (Ind),Michelle BALLANTYNE (Con),skipped,skipped,,9
3924,Scott REDPATH (Lab),Barbara HARVIE (Grn),Kenneth GUNN (Ind),Gordon EDGAR (Ind),David BLACK (Ind),Nancy NORMAN (LD),Michelle BALLANTYNE (Con),Elaine THORNTON-NICOL (SNP),skipped,,9
3925,Scott REDPATH (Lab),Barbara HARVIE (Grn),Kenneth GUNN (Ind),Nancy NORMAN (LD),Elaine THORNTON-NICOL (SNP),David BLACK (Ind),Gordon EDGAR (Ind),Michelle BALLANTYNE (Con),skipped,,9
3926,Scott REDPATH (Lab),Barbara HARVIE (Grn),Elaine THORNTON-NICOL (SNP),Gordon EDGAR (Ind),Nancy NORMAN (LD),skipped,skipped,skipped,skipped,,9
3927,Scott REDPATH (Lab),Barbara HARVIE (Grn),Elaine THORNTON-NICOL (SNP),Nancy NORMAN (LD),skipped,skipped,skipped,skipped,skipped,,9
3928,Scott REDPATH (Lab),Barbara HARVIE (Grn),Elaine THORNTON-NICOL (SNP),Nancy NORMAN (LD),Kenneth GUNN (Ind),Gordon EDGAR (Ind),David BLACK (Ind),Michelle BALLANTYNE (Con),skipped,,9
3929,Scott REDPATH (Lab),Barbara HARVIE (Grn),Elaine THORNTON-NICOL (SNP),Nancy NORMAN (LD),Gordon EDGAR (Ind),Kenneth GUNN (Ind),David BLACK (Ind),Michelle BALLANTYNE (Con),skipped,,9
3930,Scott REDPATH (Lab),Barbara HARVIE (Grn),David BLACK (Ind),Kenneth GUNN (Ind),Nancy NORMAN (LD),Elaine THORNTON-NICOL (SNP),Gordon EDGAR (Ind),skipped,skipped,,9
3931,Scott REDPATH (Lab),Barbara HARVIE (Grn),Gordon EDGAR (Ind),skipped,skipped,skipped,skipped,skipped,skipped,,9
3932,Scott REDPATH (Lab),Barbara HARVIE (Grn),Gordon EDGAR (Ind),skipped,skipped,skipped,skipped,skipped,skipped,,9
3933,Scott REDPATH (Lab),Barbara HARVIE (Grn),Gordon EDGAR (Ind),skipped,skipped,skipped,skipped,skipped,skipped,,9
3934,Scott REDPATH (Lab),Barbara HARVIE (Grn),Gordon EDGAR (Ind),Kenneth GUNN (Ind),David BLACK (Ind),skipped,skipped,skipped,skipped,,9
3935,Scott REDPATH (Lab),Barbara HARVIE (Grn),Gordon EDGAR (Ind),Nancy NORMAN (LD),Kenneth GUNN (Ind),David BLACK (Ind),Elaine THORNTON-NICOL (SNP),skipped,skipped,,9
3936,Scott REDPATH (Lab),Barbara HARVIE (Grn),Nancy NORMAN (LD),skipped,skipped,skipped,skipped,skipped,skipped,,9
3937,Scott REDPATH (Lab),Barbara HARVIE (Grn),Nancy NORMAN (LD),skipped,skipped,skipped,skipped,skipped,skipped,,9
3938,Scott REDPATH (Lab),Barbara HARVIE (Grn),Nancy NORMAN (LD),skipped,skipped,skipped,skipped,skipped,skipped,,9
3939,Scott REDPATH (Lab),Barbara HARVIE (Grn),Nancy NORMAN (LD),skipped,skipped,skipped,skipped,skipped,skipped,,9
3940,Scott REDPATH (Lab),Barbara HARVIE (Grn),Nancy NORMAN (LD),skipped,skipped,skipped,skipped,skipped,skipped,,9
3941,Scott REDPATH (Lab),Barbara HARVIE (Grn),Nancy NORMAN (LD),Kenneth GUNN (Ind),skipped,skipped,skipped,skipped,skipped,,9
3942,Scott REDPATH (Lab),Barbara HARVIE (Grn),Nancy NORMAN (LD),Elaine THORNTON-NICOL (SNP),David BLACK (Ind),Gordon EDGAR (Ind),Kenneth GUNN (Ind),skipped,skipped,,9
3943,Scott REDPATH (Lab),Barbara HARVIE (Grn),Nancy NORMAN (LD),David BLACK (Ind),Gordon EDGAR (Ind),Kenneth GUNN (Ind),skipped,skipped,skipped,,9
3944,Scott REDPATH (Lab),Michelle BALLANTYNE (Con),skipped,skipped,skipped,skipped,skipped,skipped,skipped,,9
3945,Scott REDPATH (Lab),Michelle BALLANTYNE (Con),skipped,skipped,skipped,skipped,skipped,skipped,skipped,,9
3946,Scott REDPATH (Lab),Michelle BALLANTYNE (Con),skipped,skipped,skipped,skipped,skipped,skipped,skipped,,9
3947,Scott REDPATH (Lab),Michelle BALLANTYNE (Con),skipped,skipped,skipped,skipped,skipped,skipped,skipped,,9
3948,Scott REDPATH (Lab),Michelle BALLANTYNE (Con),skipped,skipped,skipped,skipped,skipped,skipped,skipped,,9
3949,Scott REDPATH (Lab),Michelle BALLANTYNE (Con),skipped,skipped,skipped,skipped,skipped,skipped,skipped,,9
3950,Scott REDPATH (Lab),Michelle BALLANTYNE (Con),Kenneth GUNN (Ind),skipped,skipped,skipped,skipped,skipped,skipped,,9
3951,Scott REDPATH (Lab),Michelle BALLANTYNE (Con),Barbara HARVIE (Grn),skipped,skipped,skipped,skipped,skipped,skipped,,9
3952,Scott REDPATH (Lab),Michelle BALLANTYNE (Con),Barbara HARVIE (Grn),skipped,skipped,skipped,skipped,skipped,skipped,,9
3953,Scott REDPATH (Lab),Michelle BALLANTYNE (Con),skipped,skipped,skipped,skipped,skipped,skipped,skipped,,9
3954,Scott REDPATH (Lab),Michelle BALLANTYNE (Con),skipped,skipped,skipped,skipped,skipped,skipped,skipped,,9
3955,Scott REDPATH (Lab),Michelle BALLANTYNE (Con),skipped,skipped,skipped,skipped,skipped,skipped,skipped,,9
3956,Scott REDPATH (Lab),Michelle BALLANTYNE (Con),skipped,skipped,skipped,skipped,skipped,skipped,skipped,,9
3957,Scott REDPATH (Lab),Nancy NORMAN (LD),Michelle BALLANTYNE (Con),David BLACK (Ind),Gordon EDGAR (Ind),Barbara HARVIE (Grn),Kenneth GUNN (Ind),Elaine THORNTON-NICOL (SNP),skipped,,9
3958,Scott REDPATH (Lab),David BLACK (Ind),Kenneth GUNN (Ind),skipped,skipped,skipped,skipped,skipped,skipped,,9
3959,Scott REDPATH (Lab),David BLACK (Ind),Kenneth GUNN (Ind),skipped,skipped,skipped,skipped,skipped,skipped,,9
3960,Scott REDPATH (Lab),David BLACK (Ind),Elaine THORNTON-NICOL (SNP),skipped,skipped,skipped,skipped,skipped,skipped,,9
3961,Scott REDPATH (Lab),David BLACK (Ind),Gordon EDGAR (Ind),skipped,skipped,skipped,skipped,skipped,skipped,,9
3962,Scott REDPATH (Lab),David BLACK (Ind),Gordon EDGAR (Ind),skipped,skipped,skipped,skipped,skipped,skipped,,9
3963,Scott REDPATH (Lab),David BLACK (Ind),Gordon EDGAR (Ind),skipped,skipped,skipped,skipped,skipped,skipped,,9
3964,Scott REDPATH (Lab),David BLACK (Ind),Nancy NORMAN (LD),skipped,skipped,skipped,skipped,skipped,skipped,,9
3965,Scott REDPATH (Lab),David BLACK (Ind),Nancy NORMAN (LD),skipped,skipped,skipped,skipped,skipped,skipped,,9
3966,Scott REDPATH (Lab),Gordon EDGAR (Ind),skipped,skipped,skipped,skipped,skipped,skipped,skipped,,9
3967,Scott REDPATH (Lab),Gordon EDGAR (Ind),skipped,skipped,skipped,skipped,skipped,skipped,skipped,,9
3968,Scott REDPATH (Lab),Gordon EDGAR (Ind),skipped,skipped,skipped,skipped,skipped,skipped,skipped,,9
3969,Scott REDPATH (Lab),Gordon EDGAR (Ind),skipped,skipped,skipped,skipped,skipped,skipped,skipped,,9
3970,Scott REDPATH (Lab),Gordon EDGAR (Ind),skipped,skipped,skipped,skipped,skipped,skipped,skipped,,9
3971,Scott REDPATH (Lab),Gordon EDGAR (Ind),skipped,skipped,skipped,skipped,skipped,skipped,skipped,,9
3972,Scott REDPATH (Lab),Gordon EDGAR (Ind),Kenneth GUNN (Ind),skipped,skipped,skipped,skipped,skipped,skipped,,9
3973,Scott REDPATH (Lab),Gordon EDGAR (Ind),Kenneth GUNN (Ind),skipped,skipped,skipped,skipped,skipped,skipped,,9
3974,Scott REDPATH (Lab),Gordon EDGAR (Ind),Kenneth GUNN (Ind),skipped,skipped,skipped,skipped,skipped,skipped,,9
3975,Scott REDPATH (Lab),Gordon EDGAR (Ind),Kenneth GUNN (Ind),Elaine THORNTON-NICOL (SNP),Barbara HARVIE (Grn),David BLACK (Ind),Michelle BALLANTYNE (Con),Nancy NORMAN (LD),skipped,,9
3976,Scott REDPATH (Lab),Gordon EDGAR (Ind),Kenneth GUNN (Ind),Barbara HARVIE (Grn),skipped,skipped,skipped,skipped,skipped,,9
3977,Scott REDPATH (Lab),Gordon EDGAR (Ind),Kenneth GUNN (Ind),Barbara HARVIE (Grn),Elaine THORNTON-NICOL (SNP),David BLACK (Ind),Nancy NORMAN (LD),Michelle BALLANTYNE (Con),skipped,,9
3978,Scott REDPATH (Lab),Gordon EDGAR (Ind),Kenneth GUNN (Ind),Nancy NORMAN (LD),David BLACK (Ind),Barbara HARVIE (Grn),Michelle BALLANTYNE (Con),Elaine THORNTON-NICOL (SNP),skipped,,9
3979,Scott REDPATH (Lab),Gordon EDGAR (Ind),Elaine THORNTON-NICOL (SNP),skipped,skipped,skipped,skipped,skipped,skipped,,9
3980,Scott REDPATH (Lab),Gordon EDGAR (Ind),David BLACK (Ind),Barbara HARVIE (Grn),Nancy NORMAN (LD),Elaine THORNTON-NICOL (SNP),Kenneth GUNN (Ind),Michelle BALLANTYNE (Con),skipped,,9
3981,Scott REDPATH (Lab),Gordon EDGAR (Ind),David BLACK (Ind),Barbara HARVIE (Grn),Nancy NORMAN (LD),Michelle BALLANTYNE (Con),Elaine THORNTON-NICOL (SNP),skipped,skipped,,9
3982,Scott REDPATH (Lab),Gordon EDGAR (Ind),Nancy NORMAN (LD),skipped,skipped,skipped,skipped,skipped,skipped,,9
3983,Scott REDPATH (Lab),Gordon EDGAR (Ind),Nancy NORMAN (LD),skipped,skipped,skipped,skipped,skipped,skipped,,9
3984,Scott REDPATH (Lab),Nancy NORMAN (LD),skipped,skipped,skipped,skipped,skipped,skipped,skipped,,9
3985,Scott REDPATH (Lab),Nancy NORMAN (LD),skipped,skipped,skipped,skipped,skipped,skipped,skipped,,9
3986,Scott REDPATH (Lab),Nancy NORMAN (LD),skipped,skipped,skipped,skipped,skipped,skipped,skipped,,9
3987,Scott REDPATH (Lab),Nancy NORMAN (LD),Kenneth GUNN (Ind),Barbara HARVIE (Grn),Gordon EDGAR (Ind),David BLACK (Ind),Michelle BALLANTYNE (Con),Elaine THORNTON-NICOL (SNP),skipped,,9
3988,Scott REDPATH (Lab),Nancy NORMAN (LD),Barbara HARVIE (Grn),skipped,skipped,skipped,skipped,skipped,skipped,,9
3989,Scott REDPATH (Lab),Nancy NORMAN (LD),Barbara HARVIE (Grn),skipped,skipped,skipped,skipped,skipped,skipped,,9
3990,Scott REDPATH (Lab),Nancy NORMAN (LD),Barbara HARVIE (Grn),skipped,skipped,skipped,skipped,skipped,skipped,,9
3991,Scott REDPATH (Lab),Nancy NORMAN (LD),Barbara HARVIE (Grn),skipped,skipped,skipped,skipped,skipped,skipped,,9
3992,Scott REDPATH (Lab),Nancy NORMAN (LD),Barbara HARVIE (Grn),skipped,skipped,skipped,skipped,skipped,skipped,,9
3993,Scott REDPATH (Lab),Nancy NORMAN (LD),Barbara HARVIE (Grn),skipped,skipped,skipped,skipped,skipped,skipped,,9
3994,Scott REDPATH (Lab),Nancy NORMAN (LD),Barbara HARVIE (Grn),skipped,skipped,skipped,skipped,skipped,skipped,,9
3995,Scott REDPATH (Lab),Nancy NORMAN (LD),Barbara HARVIE (Grn),skipped,skipped,skipped,skipped,skipped,skipped,,9
3996,Scott REDPATH (Lab),Nancy NORMAN (LD),Barbara HARVIE (Grn),Kenneth GUNN (Ind),Gordon EDGAR (Ind),skipped,skipped,skipped,skipped,,9
3997,Scott REDPATH (Lab),Nancy NORMAN (LD),Barbara HARVIE (Grn),Elaine THORNTON-NICOL (SNP),Kenneth GUNN (Ind),Gordon EDGAR (Ind),David BLACK (Ind),skipped,skipped,,9
3998,Scott REDPATH (Lab),Nancy NORMAN (LD),Barbara HARVIE (Grn),Michelle BALLANTYNE (Con),skipped,skipped,skipped,skipped,skipped,,9
3999,Scott REDPATH (Lab),Nancy NORMAN (LD),Barbara HARVIE (Grn),Michelle BALLANTYNE (Con),skipped,skipped,skipped,skipped,skipped,,9
4000,Scott REDPATH (Lab),Nancy NORMAN (LD),Barbara HARVIE (Grn),David BLACK (Ind),skipped,skipped,skipped,skipped,skipped,,9
4001,Scott REDPATH (Lab),Nancy NORMAN (LD),Barbara HARVIE (Grn),Gordon EDGAR (Ind),David BLACK (Ind),skipped,skipped,skipped,skipped,,9
4002,Scott REDPATH (Lab),Nancy NORMAN (LD),Michelle BALLANTYNE (Con),skipped,skipped,skipped,skipped,skipped,skipped,,9
4003,Scott REDPATH (Lab),Nancy NORMAN (LD),Michelle BALLANTYNE (Con),David BLACK (Ind),Gordon EDGAR (Ind),Kenneth GUNN (Ind),skipped,skipped,skipped,,9
4004,Scott REDPATH (Lab),Nancy NORMAN (LD),Michelle BALLANTYNE (Con),skipped,skipped,skipped,skipped,skipped,skipped,,9
4005,Scott REDPATH (Lab),Nancy NORMAN (LD),David BLACK (Ind),Michelle BALLANTYNE (Con),skipped,skipped,skipped,skipped,skipped,,9
4006,Scott REDPATH (Lab),Nancy NORMAN (LD),Gordon EDGAR (Ind),Barbara HARVIE (Grn),David BLACK (Ind),Michelle BALLANTYNE (Con),Kenneth GUNN (Ind),Elaine THORNTON-NICOL (SNP),skipped,,9
