voterId,rank1,rank2,rank3,rank4,rank5,rank6,numSeats,numCands
0,SNP,SNP,skipped,skipped,skipped,skipped,4,6
1,SNP,SNP,skipped,skipped,skipped,skipped,4,6
2,SNP,SNP,skipped,skipped,skipped,skipped,4,6
3,SNP,SNP,skipped,skipped,skipped,skipped,4,6
4,SNP,SNP,skipped,skipped,skipped,skipped,4,6
5,SNP,SNP,skipped,skipped,skipped,skipped,4,6
6,SNP,SNP,skipped,skipped,skipped,skipped,4,6
7,SNP,SNP,skipped,skipped,skipped,skipped,4,6
8,SNP,SNP,skipped,skipped,skipped,skipped,4,6
9,SNP,SNP,skipped,skipped,skipped,skipped,4,6
10,SNP,SNP,skipped,skipped,skipped,skipped,4,6
11,SNP,SNP,skipped,skipped,skipped,skipped,4,6
12,SNP,SNP,skipped,skipped,skipped,skipped,4,6
13,SNP,SNP,skipped,skipped,skipped,skipped,4,6
14,SNP,SNP,skipped,skipped,skipped,skipped,4,6
15,SNP,SNP,skipped,skipped,skipped,skipped,4,6
16,SNP,SNP,skipped,skipped,skipped,skipped,4,6
17,SNP,SNP,skipped,skipped,skipped,skipped,4,6
18,SNP,SNP,skipped,skipped,skipped,skipped,4,6
19,SNP,SNP,skipped,skipped,skipped,skipped,4,6
20,SNP,SNP,skipped,skipped,skipped,skipped,4,6
21,SNP,SNP,skipped,skipped,skipped,skipped,4,6
22,SNP,SNP,skipped,skipped,skipped,skipped,4,6
23,SNP,SNP,skipped,skipped,skipped,skipped,4,6
24,SNP,SNP,skipped,skipped,skipped,skipped,4,6
25,SNP,SNP,skipped,skipped,skipped,skipped,4,6
26,SNP,SNP,skipped,skipped,skipped,skipped,4,6
27,SNP,SNP,skipped,skipped,skipped,skipped,4,6
28,SNP,SNP,skipped,skipped,skipped,skipped,4,6
29,SNP,SNP,skipped,skipped,skipped,skipped,4,6
30,SNP,SNP,skipped,skipped,skipped,skipped,4,6
31,SNP,SNP,skipped,skipped,skipped,skipped,4,6
32,SNP,SNP,skipped,skipped,skipped,skipped,4,6
33,SNP,SNP,skipped,skipped,skipped,skipped,4,6
34,SNP,SNP,skipped,skipped,skipped,skipped,4,6
35,SNP,SNP,skipped,skipped,skipped,skipped,4,6
36,SNP,SNP,skipped,skipped,skipped,skipped,4,6
37,SNP,SNP,skipped,skipped,skipped,skipped,4,6
38,SNP,SNP,skipped,skipped,skipped,skipped,4,6
39,SNP,SNP,skipped,skipped,skipped,skipped,4,6
40,SNP,SNP,skipped,skipped,skipped,skipped,4,6
41,SNP,SNP,skipped,skipped,skipped,skipped,4,6
42,SNP,SNP,skipped,skipped,skipped,skipped,4,6
43,SNP,SNP,skipped,skipped,skipped,skipped,4,6
44,SNP,SNP,skipped,skipped,skipped,skipped,4,6
45,SNP,SNP,skipped,skipped,skipped,skipped,4,6
46,SNP,SNP,skipped,skipped,skipped,skipped,4,6
47,SNP,SNP,skipped,skipped,skipped,skipped,4,6
48,SNP,SNP,skipped,skipped,skipped,skipped,4,6
49,SNP,SNP,skipped,skipped,skipped,skipped,4,6
50,SNP,SNP,skipped,skipped,skipped,skipped,4,6
51,SNP,SNP,skipped,skipped,skipped,skipped,4,6
52,SNP,SNP,skipped,skipped,skipped,skipped,4,6
53,SNP,SNP,skipped,skipped,skipped,skipped,4,6
54,SNP,SNP,skipped,skipped,skipped,skipped,4,6
55,SNP,SNP,skipped,skipped,skipped,skipped,4,6
56,SNP,SNP,skipped,skipped,skipped,skipped,4,6
57,SNP,SNP,skipped,skipped,skipped,skipped,4,6
58,SNP,SNP,skipped,skipped,skipped,skipped,4,6
59,SNP,SNP,skipped,skipped,skipped,skipped,4,6
60,SNP,SNP,skipped,skipped,skipped,skipped,4,6
61,SNP,SNP,skipped,skipped,skipped,skipped,4,6
62,SNP,SNP,skipped,skipped,skipped,skipped,4,6
63,SNP,SNP,skipped,skipped,skipped,skipped,4,6
64,SNP,SNP,skipped,skipped,skipped,skipped,4,6
65,SNP,SNP,skipped,skipped,skipped,skipped,4,6
66,SNP,SNP,skipped,skipped,skipped,skipped,4,6
67,SNP,SNP,skipped,skipped,skipped,skipped,4,6
68,SNP,SNP,skipped,skipped,skipped,skipped,4,6
69,SNP,SNP,skipped,skipped,skipped,skipped,4,6
70,SNP,SNP,skipped,skipped,skipped,skipped,4,6
71,SNP,SNP,skipped,skipped,skipped,skipped,4,6
72,SNP,SNP,skipped,skipped,skipped,skipped,4,6
73,SNP,SNP,skipped,skipped,skipped,skipped,4,6
74,SNP,SNP,skipped,skipped,skipped,skipped,4,6
75,SNP,SNP,skipped,skipped,skipped,skipped,4,6
76,SNP,SNP,skipped,skipped,skipped,skipped,4,6
77,SNP,SNP,skipped,skipped,skipped,skipped,4,6
78,SNP,SNP,skipped,skipped,skipped,skipped,4,6
79,SNP,SNP,skipped,skipped,skipped,skipped,4,6
80,SNP,SNP,skipped,skipped,skipped,skipped,4,6
81,SNP,SNP,skipped,skipped,skipped,skipped,4,6
82,SNP,SNP,skipped,skipped,skipped,skipped,4,6
83,SNP,SNP,skipped,skipped,skipped,skipped,4,6
84,SNP,SNP,skipped,skipped,skipped,skipped,4,6
85,SNP,SNP,skipped,skipped,skipped,skipped,4,6
86,SNP,SNP,skipped,skipped,skipped,skipped,4,6
87,SNP,SNP,skipped,skipped,skipped,skipped,4,6
88,SNP,SNP,skipped,skipped,skipped,skipped,4,6
89,SNP,SNP,skipped,skipped,skipped,skipped,4,6
90,SNP,SNP,skipped,skipped,skipped,skipped,4,6
91,SNP,SNP,skipped,skipped,skipped,skipped,4,6
92,SNP,SNP,skipped,skipped,skipped,skipped,4,6
93,SNP,SNP,skipped,skipped,skipped,skipped,4,6
94,SNP,SNP,skipped,skipped,skipped,skipped,4,6
95,SNP,SNP,skipped,skipped,skipped,skipped,4,6
96,SNP,SNP,skipped,skipped,skipped,skipped,4,6
97,SNP,SNP,skipped,skipped,skipped,skipped,4,6
98,SNP,SNP,skipped,skipped,skipped,skipped,4,6
99,SNP,SNP,skipped,skipped,skipped,skipped,4,6
100,SNP,SNP,skipped,skipped,skipped,skipped,4,6
101,SNP,SNP,skipped,skipped,skipped,skipped,4,6
102,SNP,SNP,skipped,skipped,skipped,skipped,4,6
103,SNP,SNP,skipped,skipped,skipped,skipped,4,6
104,SNP,SNP,skipped,skipped,skipped,skipped,4,6
105,SNP,SNP,skipped,skipped,skipped,skipped,4,6
106,SNP,SNP,skipped,skipped,skipped,skipped,4,6
107,SNP,SNP,skipped,skipped,skipped,skipped,4,6
108,SNP,SNP,skipped,skipped,skipped,skipped,4,6
109,SNP,SNP,skipped,skipped,skipped,skipped,4,6
110,SNP,SNP,skipped,skipped,skipped,skipped,4,6
111,SNP,SNP,skipped,skipped,skipped,skipped,4,6
112,SNP,SNP,skipped,skipped,skipped,skipped,4,6
113,SNP,SNP,skipped,skipped,skipped,skipped,4,6
114,SNP,SNP,skipped,skipped,skipped,skipped,4,6
115,SNP,SNP,skipped,skipped,skipped,skipped,4,6
116,SNP,SNP,skipped,skipped,skipped,skipped,4,6
117,SNP,SNP,skipped,skipped,skipped,skipped,4,6
118,SNP,SNP,skipped,skipped,skipped,skipped,4,6
119,SNP,SNP,skipped,skipped,skipped,skipped,4,6
120,SNP,SNP,skipped,skipped,skipped,skipped,4,6
121,SNP,SNP,skipped,skipped,skipped,skipped,4,6
122,SNP,SNP,skipped,skipped,skipped,skipped,4,6
123,SNP,SNP,skipped,skipped,skipped,skipped,4,6
124,SNP,SNP,skipped,skipped,skipped,skipped,4,6
125,SNP,SNP,skipped,skipped,skipped,skipped,4,6
126,SNP,SNP,skipped,skipped,skipped,skipped,4,6
127,SNP,SNP,skipped,skipped,skipped,skipped,4,6
128,SNP,SNP,skipped,skipped,skipped,skipped,4,6
129,SNP,SNP,skipped,skipped,skipped,skipped,4,6
130,SNP,SNP,skipped,skipped,skipped,skipped,4,6
131,SNP,SNP,skipped,skipped,skipped,skipped,4,6
132,SNP,SNP,skipped,skipped,skipped,skipped,4,6
133,SNP,SNP,skipped,skipped,skipped,skipped,4,6
134,SNP,SNP,skipped,skipped,skipped,skipped,4,6
135,SNP,SNP,skipped,skipped,skipped,skipped,4,6
136,SNP,SNP,skipped,skipped,skipped,skipped,4,6
137,SNP,SNP,skipped,skipped,skipped,skipped,4,6
138,SNP,SNP,skipped,skipped,skipped,skipped,4,6
139,SNP,SNP,skipped,skipped,skipped,skipped,4,6
140,SNP,SNP,skipped,skipped,skipped,skipped,4,6
141,SNP,SNP,skipped,skipped,skipped,skipped,4,6
142,SNP,SNP,skipped,skipped,skipped,skipped,4,6
143,SNP,SNP,skipped,skipped,skipped,skipped,4,6
144,SNP,SNP,skipped,skipped,skipped,skipped,4,6
145,SNP,SNP,skipped,skipped,skipped,skipped,4,6
146,SNP,SNP,skipped,skipped,skipped,skipped,4,6
147,SNP,SNP,skipped,skipped,skipped,skipped,4,6
148,SNP,SNP,skipped,skipped,skipped,skipped,4,6
149,SNP,SNP,skipped,skipped,skipped,skipped,4,6
150,SNP,SNP,skipped,skipped,skipped,skipped,4,6
151,SNP,SNP,skipped,skipped,skipped,skipped,4,6
152,SNP,SNP,skipped,skipped,skipped,skipped,4,6
153,SNP,SNP,skipped,skipped,skipped,skipped,4,6
154,SNP,SNP,skipped,skipped,skipped,skipped,4,6
155,SNP,SNP,skipped,skipped,skipped,skipped,4,6
156,SNP,SNP,skipped,skipped,skipped,skipped,4,6
157,SNP,SNP,skipped,skipped,skipped,skipped,4,6
158,SNP,SNP,skipped,skipped,skipped,skipped,4,6
159,SNP,SNP,skipped,skipped,skipped,skipped,4,6
160,SNP,SNP,skipped,skipped,skipped,skipped,4,6
161,SNP,SNP,skipped,skipped,skipped,skipped,4,6
162,SNP,SNP,skipped,skipped,skipped,skipped,4,6
163,SNP,SNP,skipped,skipped,skipped,skipped,4,6
164,SNP,SNP,skipped,skipped,skipped,skipped,4,6
165,SNP,SNP,skipped,skipped,skipped,skipped,4,6
166,SNP,SNP,skipped,skipped,skipped,skipped,4,6
167,SNP,SNP,skipped,skipped,skipped,skipped,4,6
168,SNP,SNP,skipped,skipped,skipped,skipped,4,6
169,SNP,SNP,skipped,skipped,skipped,skipped,4,6
170,SNP,SNP,skipped,skipped,skipped,skipped,4,6
171,SNP,SNP,skipped,skipped,skipped,skipped,4,6
172,SNP,SNP,skipped,skipped,skipped,skipped,4,6
173,SNP,SNP,skipped,skipped,skipped,skipped,4,6
174,SNP,SNP,skipped,skipped,skipped,skipped,4,6
175,SNP,SNP,skipped,skipped,skipped,skipped,4,6
176,SNP,SNP,skipped,skipped,skipped,skipped,4,6
177,SNP,SNP,skipped,skipped,skipped,skipped,4,6
178,SNP,SNP,skipped,skipped,skipped,skipped,4,6
179,SNP,SNP,skipped,skipped,skipped,skipped,4,6
180,SNP,SNP,skipped,skipped,skipped,skipped,4,6
181,SNP,SNP,skipped,skipped,skipped,skipped,4,6
182,SNP,SNP,skipped,skipped,skipped,skipped,4,6
183,SNP,SNP,skipped,skipped,skipped,skipped,4,6
184,SNP,SNP,skipped,skipped,skipped,skipped,4,6
185,SNP,SNP,skipped,skipped,skipped,skipped,4,6
186,SNP,SNP,skipped,skipped,skipped,skipped,4,6
187,SNP,SNP,skipped,skipped,skipped,skipped,4,6
188,SNP,SNP,skipped,skipped,skipped,skipped,4,6
189,SNP,SNP,skipped,skipped,skipped,skipped,4,6
190,SNP,SNP,skipped,skipped,skipped,skipped,4,6
191,SNP,SNP,skipped,skipped,skipped,skipped,4,6
192,SNP,SNP,skipped,skipped,skipped,skipped,4,6
193,SNP,SNP,skipped,skipped,skipped,skipped,4,6
194,SNP,SNP,skipped,skipped,skipped,skipped,4,6
195,SNP,SNP,skipped,skipped,skipped,skipped,4,6
196,SNP,SNP,skipped,skipped,skipped,skipped,4,6
197,SNP,SNP,skipped,skipped,skipped,skipped,4,6
198,SNP,SNP,skipped,skipped,skipped,skipped,4,6
199,SNP,SNP,skipped,skipped,skipped,skipped,4,6
200,SNP,SNP,skipped,skipped,skipped,skipped,4,6
201,SNP,SNP,skipped,skipped,skipped,skipped,4,6
202,SNP,SNP,skipped,skipped,skipped,skipped,4,6
203,SNP,SNP,skipped,skipped,skipped,skipped,4,6
204,SNP,SNP,skipped,skipped,skipped,skipped,4,6
205,SNP,SNP,skipped,skipped,skipped,skipped,4,6
206,SNP,SNP,skipped,skipped,skipped,skipped,4,6
207,SNP,SNP,skipped,skipped,skipped,skipped,4,6
208,SNP,SNP,skipped,skipped,skipped,skipped,4,6
209,SNP,SNP,skipped,skipped,skipped,skipped,4,6
210,SNP,SNP,skipped,skipped,skipped,skipped,4,6
211,SNP,SNP,skipped,skipped,skipped,skipped,4,6
212,SNP,SNP,skipped,skipped,skipped,skipped,4,6
213,SNP,SNP,skipped,skipped,skipped,skipped,4,6
214,SNP,SNP,skipped,skipped,skipped,skipped,4,6
215,SNP,SNP,skipped,skipped,skipped,skipped,4,6
216,SNP,SNP,skipped,skipped,skipped,skipped,4,6
217,SNP,SNP,skipped,skipped,skipped,skipped,4,6
218,SNP,SNP,skipped,skipped,skipped,skipped,4,6
219,SNP,SNP,skipped,skipped,skipped,skipped,4,6
220,SNP,SNP,skipped,skipped,skipped,skipped,4,6
221,SNP,SNP,skipped,skipped,skipped,skipped,4,6
222,SNP,SNP,skipped,skipped,skipped,skipped,4,6
223,SNP,SNP,skipped,skipped,skipped,skipped,4,6
224,SNP,SNP,skipped,skipped,skipped,skipped,4,6
225,SNP,SNP,skipped,skipped,skipped,skipped,4,6
226,SNP,SNP,skipped,skipped,skipped,skipped,4,6
227,SNP,SNP,skipped,skipped,skipped,skipped,4,6
228,SNP,SNP,skipped,skipped,skipped,skipped,4,6
229,SNP,SNP,skipped,skipped,skipped,skipped,4,6
230,SNP,SNP,skipped,skipped,skipped,skipped,4,6
231,SNP,SNP,skipped,skipped,skipped,skipped,4,6
232,SNP,SNP,skipped,skipped,skipped,skipped,4,6
233,SNP,SNP,skipped,skipped,skipped,skipped,4,6
234,SNP,SNP,skipped,skipped,skipped,skipped,4,6
235,SNP,SNP,skipped,skipped,skipped,skipped,4,6
236,SNP,SNP,skipped,skipped,skipped,skipped,4,6
237,SNP,SNP,skipped,skipped,skipped,skipped,4,6
238,SNP,SNP,skipped,skipped,skipped,skipped,4,6
239,SNP,SNP,skipped,skipped,skipped,skipped,4,6
240,SNP,SNP,skipped,skipped,skipped,skipped,4,6
241,SNP,SNP,skipped,skipped,skipped,skipped,4,6
242,SNP,SNP,skipped,skipped,skipped,skipped,4,6
243,SNP,SNP,skipped,skipped,skipped,skipped,4,6
244,SNP,SNP,skipped,skipped,skipped,skipped,4,6
245,SNP,SNP,skipped,skipped,skipped,skipped,4,6
246,SNP,SNP,skipped,skipped,skipped,skipped,4,6
247,SNP,SNP,skipped,skipped,skipped,skipped,4,6
248,SNP,SNP,skipped,skipped,skipped,skipped,4,6
249,SNP,SNP,skipped,skipped,skipped,skipped,4,6
250,SNP,SNP,skipped,skipped,skipped,skipped,4,6
251,SNP,SNP,skipped,skipped,skipped,skipped,4,6
252,SNP,SNP,skipped,skipped,skipped,skipped,4,6
253,SNP,SNP,skipped,skipped,skipped,skipped,4,6
254,SNP,SNP,skipped,skipped,skipped,skipped,4,6
255,SNP,SNP,skipped,skipped,skipped,skipped,4,6
256,SNP,SNP,skipped,skipped,skipped,skipped,4,6
257,SNP,SNP,skipped,skipped,skipped,skipped,4,6
258,SNP,SNP,skipped,skipped,skipped,skipped,4,6
259,SNP,SNP,skipped,skipped,skipped,skipped,4,6
260,SNP,SNP,skipped,skipped,skipped,skipped,4,6
261,SNP,SNP,skipped,skipped,skipped,skipped,4,6
262,SNP,SNP,skipped,skipped,skipped,skipped,4,6
263,SNP,SNP,skipped,skipped,skipped,skipped,4,6
264,SNP,SNP,skipped,skipped,skipped,skipped,4,6
265,SNP,SNP,skipped,skipped,skipped,skipped,4,6
266,SNP,SNP,skipped,skipped,skipped,skipped,4,6
267,SNP,SNP,skipped,skipped,skipped,skipped,4,6
268,SNP,SNP,skipped,skipped,skipped,skipped,4,6
269,SNP,SNP,skipped,skipped,skipped,skipped,4,6
270,SNP,SNP,skipped,skipped,skipped,skipped,4,6
271,SNP,SNP,skipped,skipped,skipped,skipped,4,6
272,SNP,SNP,skipped,skipped,skipped,skipped,4,6
273,SNP,SNP,skipped,skipped,skipped,skipped,4,6
274,SNP,SNP,skipped,skipped,skipped,skipped,4,6
275,SNP,SNP,skipped,skipped,skipped,skipped,4,6
276,SNP,SNP,skipped,skipped,skipped,skipped,4,6
277,SNP,SNP,skipped,skipped,skipped,skipped,4,6
278,SNP,SNP,skipped,skipped,skipped,skipped,4,6
279,SNP,SNP,skipped,skipped,skipped,skipped,4,6
280,SNP,SNP,skipped,skipped,skipped,skipped,4,6
281,SNP,SNP,skipped,skipped,skipped,skipped,4,6
282,SNP,SNP,skipped,skipped,skipped,skipped,4,6
283,SNP,Lab,SNP,skipped,skipped,skipped,4,6
284,SNP,Lab,SNP,skipped,skipped,skipped,4,6
285,Lab,SNP,SNP,Lab,Con,LD,4,6
286,Con,Lab,LD,Lab,skipped,skipped,4,6
287,Con,Lab,LD,Lab,skipped,skipped,4,6
288,LD,Con,SNP,skipped,skipped,skipped,4,6
289,SNP,SNP,Lab,LD,Con,Lab,4,6
290,SNP,SNP,Lab,LD,Con,Lab,4,6
291,Lab,SNP,SNP,skipped,skipped,skipped,4,6
292,Lab,SNP,SNP,skipped,skipped,skipped,4,6
293,Lab,SNP,SNP,skipped,skipped,skipped,4,6
294,Lab,Lab,LD,Con,SNP,SNP,4,6
295,Lab,Lab,LD,Con,SNP,SNP,4,6
296,Lab,Lab,LD,Con,SNP,SNP,4,6
297,Lab,Lab,LD,Con,SNP,SNP,4,6
298,Lab,Lab,LD,Con,SNP,SNP,4,6
299,Lab,Lab,LD,Con,SNP,SNP,4,6
300,Lab,Lab,LD,Con,SNP,SNP,4,6
301,Lab,Lab,LD,Con,SNP,SNP,4,6
302,Lab,Lab,LD,Con,SNP,SNP,4,6
303,Lab,Lab,LD,Con,SNP,SNP,4,6
304,Lab,Lab,LD,Con,SNP,SNP,4,6
305,Lab,Lab,LD,Con,SNP,SNP,4,6
306,Lab,Lab,LD,Con,SNP,SNP,4,6
307,Lab,Lab,LD,Con,SNP,SNP,4,6
308,Lab,Lab,LD,Con,SNP,SNP,4,6
309,Lab,Lab,LD,Con,SNP,SNP,4,6
310,Lab,Lab,LD,Con,SNP,SNP,4,6
311,Lab,Lab,LD,Con,SNP,SNP,4,6
312,Lab,Lab,LD,Con,SNP,SNP,4,6
313,Lab,Lab,LD,Con,SNP,SNP,4,6
314,Lab,Lab,LD,Con,SNP,SNP,4,6
315,Lab,Lab,LD,Con,SNP,SNP,4,6
316,Lab,Lab,LD,Con,SNP,SNP,4,6
317,Lab,Lab,LD,Con,SNP,SNP,4,6
318,Lab,Lab,LD,Con,SNP,SNP,4,6
319,SNP,SNP,Lab,LD,Lab,Con,4,6
320,SNP,SNP,Lab,LD,Lab,Con,4,6
321,SNP,SNP,Lab,LD,Lab,Con,4,6
322,SNP,SNP,Lab,LD,Lab,Con,4,6
323,SNP,SNP,Lab,LD,Lab,Con,4,6
324,SNP,SNP,Lab,LD,Lab,Con,4,6
325,SNP,SNP,Lab,LD,Lab,Con,4,6
326,Lab,Con,Lab,skipped,skipped,skipped,4,6
327,Lab,Con,Lab,skipped,skipped,skipped,4,6
328,Lab,Con,Lab,skipped,skipped,skipped,4,6
329,Lab,Con,Lab,skipped,skipped,skipped,4,6
330,Lab,Con,Lab,skipped,skipped,skipped,4,6
331,Lab,Con,Lab,skipped,skipped,skipped,4,6
332,Lab,Con,Lab,skipped,skipped,skipped,4,6
333,Lab,Con,Lab,skipped,skipped,skipped,4,6
334,Lab,Con,Lab,skipped,skipped,skipped,4,6
335,Lab,Con,Lab,skipped,skipped,skipped,4,6
336,Lab,Con,Lab,skipped,skipped,skipped,4,6
337,Lab,Con,Lab,skipped,skipped,skipped,4,6
338,Lab,SNP,Lab,SNP,LD,Con,4,6
339,Lab,Con,LD,SNP,skipped,skipped,4,6
340,Con,SNP,SNP,Lab,Lab,LD,4,6
341,Con,Lab,Lab,LD,skipped,skipped,4,6
342,Con,Lab,Lab,LD,skipped,skipped,4,6
343,Con,Lab,Lab,LD,skipped,skipped,4,6
344,Con,Lab,Lab,LD,skipped,skipped,4,6
345,Con,Lab,Lab,LD,skipped,skipped,4,6
346,Con,Lab,Lab,LD,skipped,skipped,4,6
347,Con,Lab,Lab,LD,skipped,skipped,4,6
348,Con,Lab,Lab,LD,skipped,skipped,4,6
349,Con,Lab,Lab,LD,skipped,skipped,4,6
350,Con,Lab,Lab,LD,skipped,skipped,4,6
351,Con,Lab,Lab,LD,skipped,skipped,4,6
352,Con,Lab,Lab,LD,skipped,skipped,4,6
353,Con,Lab,Lab,LD,skipped,skipped,4,6
354,Con,Lab,Lab,LD,skipped,skipped,4,6
355,Con,Lab,Lab,LD,skipped,skipped,4,6
356,Lab,Lab,SNP,SNP,LD,Con,4,6
357,Lab,Lab,SNP,SNP,LD,Con,4,6
358,Lab,Lab,SNP,SNP,LD,Con,4,6
359,Lab,Lab,SNP,SNP,LD,Con,4,6
360,Lab,Lab,SNP,SNP,LD,Con,4,6
361,Lab,Lab,SNP,SNP,LD,Con,4,6
362,Lab,Lab,SNP,SNP,LD,Con,4,6
363,Lab,Lab,SNP,SNP,LD,Con,4,6
364,Lab,Lab,SNP,SNP,LD,Con,4,6
365,SNP,Lab,Lab,SNP,Con,LD,4,6
366,Con,SNP,SNP,skipped,skipped,skipped,4,6
367,Con,SNP,SNP,skipped,skipped,skipped,4,6
368,Con,SNP,SNP,skipped,skipped,skipped,4,6
369,Con,SNP,SNP,skipped,skipped,skipped,4,6
370,Lab,LD,SNP,skipped,skipped,skipped,4,6
371,SNP,LD,skipped,skipped,skipped,skipped,4,6
372,SNP,LD,skipped,skipped,skipped,skipped,4,6
373,SNP,LD,skipped,skipped,skipped,skipped,4,6
374,SNP,LD,skipped,skipped,skipped,skipped,4,6
375,SNP,SNP,Lab,LD,skipped,skipped,4,6
376,SNP,SNP,Lab,LD,skipped,skipped,4,6
377,SNP,SNP,Lab,LD,skipped,skipped,4,6
378,SNP,SNP,Lab,LD,skipped,skipped,4,6
379,SNP,SNP,Lab,Lab,LD,Con,4,6
380,SNP,SNP,Lab,Lab,LD,Con,4,6
381,SNP,SNP,Lab,Lab,LD,Con,4,6
382,SNP,SNP,Lab,Lab,LD,Con,4,6
383,SNP,SNP,Lab,Lab,LD,Con,4,6
384,SNP,SNP,Lab,Lab,LD,Con,4,6
385,SNP,SNP,Lab,Lab,LD,Con,4,6
386,SNP,SNP,Lab,Lab,LD,Con,4,6
387,SNP,SNP,Lab,Lab,LD,Con,4,6
388,SNP,SNP,Lab,Lab,LD,Con,4,6
389,SNP,SNP,Lab,Lab,LD,Con,4,6
390,SNP,SNP,Lab,Lab,LD,Con,4,6
391,SNP,SNP,Lab,Lab,LD,Con,4,6
392,SNP,SNP,Lab,Lab,LD,Con,4,6
393,SNP,SNP,Lab,Lab,LD,Con,4,6
394,SNP,SNP,Lab,Lab,LD,Con,4,6
395,SNP,SNP,Lab,Lab,LD,Con,4,6
396,SNP,SNP,Lab,Lab,LD,Con,4,6
397,SNP,SNP,Lab,Lab,LD,Con,4,6
398,SNP,SNP,Lab,Lab,LD,Con,4,6
399,SNP,SNP,Lab,Lab,LD,Con,4,6
400,SNP,SNP,Lab,Lab,LD,Con,4,6
401,SNP,SNP,Lab,Lab,LD,Con,4,6
402,SNP,SNP,Lab,Lab,LD,Con,4,6
403,SNP,SNP,Lab,Lab,LD,Con,4,6
404,SNP,SNP,Lab,Lab,LD,Con,4,6
405,SNP,SNP,Lab,Lab,LD,Con,4,6
406,SNP,SNP,Lab,Lab,LD,Con,4,6
407,SNP,SNP,Lab,Lab,LD,Con,4,6
408,SNP,SNP,Lab,Lab,LD,Con,4,6
409,SNP,SNP,Lab,Lab,LD,Con,4,6
410,SNP,SNP,Lab,Lab,LD,Con,4,6
411,SNP,SNP,Lab,Lab,LD,Con,4,6
412,SNP,SNP,Lab,Lab,LD,Con,4,6
413,SNP,SNP,Lab,Lab,LD,Con,4,6
414,SNP,SNP,Lab,Lab,LD,Con,4,6
415,SNP,SNP,Lab,Lab,LD,Con,4,6
416,SNP,SNP,Lab,Lab,LD,Con,4,6
417,SNP,SNP,Lab,Lab,LD,Con,4,6
418,SNP,SNP,Lab,Lab,LD,Con,4,6
419,SNP,SNP,Lab,Lab,LD,Con,4,6
420,SNP,SNP,Lab,Lab,LD,Con,4,6
421,SNP,SNP,Lab,Lab,LD,Con,4,6
422,SNP,SNP,Lab,Lab,LD,Con,4,6
423,LD,Con,Lab,Lab,SNP,SNP,4,6
424,LD,Con,Lab,Lab,SNP,SNP,4,6
425,LD,Con,Lab,Lab,SNP,SNP,4,6
426,LD,Con,Lab,Lab,SNP,SNP,4,6
427,LD,Con,Lab,Lab,SNP,SNP,4,6
428,LD,Con,Lab,Lab,SNP,SNP,4,6
429,Lab,Lab,LD,SNP,Con,SNP,4,6
430,Lab,Lab,LD,SNP,skipped,skipped,4,6
431,Lab,Lab,LD,SNP,skipped,skipped,4,6
432,Con,LD,Lab,skipped,skipped,skipped,4,6
433,Con,LD,Lab,skipped,skipped,skipped,4,6
434,Con,LD,Lab,skipped,skipped,skipped,4,6
435,Con,LD,Lab,skipped,skipped,skipped,4,6
436,Con,LD,Lab,skipped,skipped,skipped,4,6
437,Con,LD,Lab,skipped,skipped,skipped,4,6
438,Con,LD,Lab,skipped,skipped,skipped,4,6
439,Con,LD,Lab,skipped,skipped,skipped,4,6
440,Con,LD,Lab,skipped,skipped,skipped,4,6
441,Con,LD,Lab,skipped,skipped,skipped,4,6
442,Con,LD,Lab,skipped,skipped,skipped,4,6
443,Con,LD,Lab,skipped,skipped,skipped,4,6
444,Con,LD,Lab,skipped,skipped,skipped,4,6
445,Con,LD,Lab,skipped,skipped,skipped,4,6
446,Lab,LD,Con,SNP,skipped,skipped,4,6
447,SNP,SNP,Lab,LD,Lab,skipped,4,6
448,SNP,SNP,Lab,LD,Lab,skipped,4,6
449,SNP,SNP,Lab,LD,Lab,skipped,4,6
450,Lab,Lab,Con,SNP,SNP,LD,4,6
451,SNP,Lab,SNP,skipped,skipped,skipped,4,6
452,LD,Con,Lab,SNP,skipped,skipped,4,6
453,LD,Con,Lab,SNP,skipped,skipped,4,6
454,LD,Con,Lab,SNP,skipped,skipped,4,6
455,LD,Lab,Lab,SNP,SNP,Con,4,6
456,SNP,SNP,LD,Con,Lab,Lab,4,6
457,Lab,Lab,SNP,SNP,Con,skipped,4,6
458,SNP,SNP,Con,Lab,Lab,LD,4,6
459,SNP,SNP,Con,Lab,Lab,LD,4,6
460,SNP,SNP,Con,Lab,Lab,LD,4,6
461,Lab,Con,LD,skipped,skipped,skipped,4,6
462,Lab,Con,LD,skipped,skipped,skipped,4,6
463,SNP,SNP,Con,LD,Lab,Lab,4,6
464,SNP,SNP,Con,LD,Lab,Lab,4,6
465,Con,SNP,LD,skipped,skipped,skipped,4,6
466,SNP,LD,Lab,skipped,skipped,skipped,4,6
467,Lab,LD,Con,SNP,Lab,SNP,4,6
468,SNP,Lab,SNP,Lab,LD,Con,4,6
469,SNP,Lab,SNP,Lab,LD,Con,4,6
470,SNP,SNP,Lab,LD,Lab,Con,4,6
471,SNP,SNP,Lab,LD,Lab,Con,4,6
472,Lab,Lab,SNP,SNP,Con,LD,4,6
473,Lab,Lab,SNP,SNP,Con,LD,4,6
474,Lab,Lab,SNP,SNP,Con,LD,4,6
475,Lab,Lab,SNP,SNP,Con,LD,4,6
476,Lab,Lab,SNP,SNP,Con,LD,4,6
477,Lab,Lab,SNP,SNP,Con,LD,4,6
478,Lab,Lab,SNP,SNP,Con,LD,4,6
479,Lab,Lab,SNP,SNP,Con,LD,4,6
480,Lab,Lab,SNP,SNP,Con,LD,4,6
481,Lab,Lab,SNP,SNP,Con,LD,4,6
482,Lab,Lab,SNP,SNP,Con,LD,4,6
483,Lab,Lab,SNP,SNP,Con,LD,4,6
484,Lab,Lab,SNP,SNP,Con,LD,4,6
485,Lab,Lab,SNP,SNP,Con,LD,4,6
486,Lab,Lab,SNP,SNP,Con,LD,4,6
487,Lab,Lab,SNP,SNP,Con,LD,4,6
488,Lab,Lab,SNP,SNP,Con,LD,4,6
489,Lab,Lab,SNP,SNP,Con,LD,4,6
490,Lab,Lab,SNP,SNP,Con,LD,4,6
491,Lab,Lab,SNP,SNP,Con,LD,4,6
492,Lab,Lab,SNP,SNP,Con,LD,4,6
493,Lab,Lab,SNP,SNP,Con,LD,4,6
494,Lab,Lab,SNP,SNP,Con,LD,4,6
495,Lab,Lab,SNP,SNP,Con,LD,4,6
496,Lab,Lab,SNP,SNP,Con,LD,4,6
497,Lab,Lab,SNP,SNP,Con,LD,4,6
498,SNP,Con,SNP,skipped,skipped,skipped,4,6
499,LD,SNP,SNP,skipped,skipped,skipped,4,6
500,Lab,Lab,LD,Con,SNP,SNP,4,6
501,Lab,Lab,LD,Con,SNP,SNP,4,6
502,Lab,Lab,LD,Con,SNP,SNP,4,6
503,Lab,Lab,LD,Con,SNP,SNP,4,6
504,Lab,Lab,LD,Con,SNP,SNP,4,6
505,Lab,Lab,LD,Con,SNP,SNP,4,6
506,Lab,Lab,LD,Con,SNP,SNP,4,6
507,Lab,Con,Lab,LD,SNP,SNP,4,6
508,Lab,Con,Lab,LD,SNP,SNP,4,6
509,Con,Lab,SNP,LD,SNP,Lab,4,6
510,LD,SNP,SNP,Lab,Lab,Con,4,6
511,LD,SNP,SNP,Lab,Lab,Con,4,6
512,LD,SNP,SNP,Lab,Lab,Con,4,6
513,LD,SNP,SNP,Lab,Lab,Con,4,6
514,Lab,SNP,SNP,skipped,skipped,skipped,4,6
515,Lab,SNP,SNP,skipped,skipped,skipped,4,6
516,Lab,SNP,SNP,skipped,skipped,skipped,4,6
517,Lab,SNP,SNP,skipped,skipped,skipped,4,6
518,Lab,SNP,SNP,skipped,skipped,skipped,4,6
519,Lab,SNP,SNP,skipped,skipped,skipped,4,6
520,Lab,SNP,SNP,skipped,skipped,skipped,4,6
521,Lab,SNP,SNP,skipped,skipped,skipped,4,6
522,Lab,SNP,SNP,skipped,skipped,skipped,4,6
523,Lab,SNP,SNP,LD,Con,Lab,4,6
524,Lab,SNP,SNP,LD,Con,Lab,4,6
525,SNP,SNP,LD,Con,Lab,Lab,4,6
526,SNP,SNP,LD,Con,Lab,Lab,4,6
527,SNP,Lab,Lab,SNP,Con,LD,4,6
528,Lab,SNP,Lab,SNP,Con,LD,4,6
529,Lab,Lab,LD,Con,SNP,SNP,4,6
530,Lab,Lab,LD,Con,SNP,SNP,4,6
531,Lab,Lab,LD,Con,SNP,SNP,4,6
532,Lab,Lab,LD,Con,SNP,SNP,4,6
533,Lab,Lab,LD,Con,SNP,SNP,4,6
534,Lab,Lab,LD,Con,SNP,SNP,4,6
535,Lab,Lab,LD,Con,SNP,SNP,4,6
536,Lab,Lab,LD,Con,SNP,SNP,4,6
537,Lab,Lab,LD,Con,SNP,SNP,4,6
538,Lab,Lab,LD,Con,SNP,SNP,4,6
539,Lab,Lab,LD,Con,SNP,SNP,4,6
540,SNP,Lab,Con,SNP,LD,Lab,4,6
541,LD,Lab,Con,Lab,skipped,skipped,4,6
542,LD,Lab,Con,Lab,skipped,skipped,4,6
543,SNP,SNP,LD,Lab,skipped,skipped,4,6
544,SNP,SNP,LD,Lab,skipped,skipped,4,6
545,SNP,SNP,LD,Lab,skipped,skipped,4,6
546,Lab,Lab,SNP,SNP,LD,skipped,4,6
547,Lab,Lab,SNP,SNP,LD,skipped,4,6
548,Lab,Lab,SNP,SNP,LD,skipped,4,6
549,Lab,Lab,SNP,SNP,LD,skipped,4,6
550,Lab,Lab,SNP,SNP,LD,skipped,4,6
551,Lab,Con,SNP,skipped,skipped,skipped,4,6
552,SNP,SNP,Lab,LD,skipped,skipped,4,6
553,SNP,SNP,Lab,LD,skipped,skipped,4,6
554,Con,LD,SNP,Lab,Lab,SNP,4,6
555,SNP,SNP,skipped,skipped,skipped,skipped,4,6
556,SNP,SNP,skipped,skipped,skipped,skipped,4,6
557,SNP,SNP,skipped,skipped,skipped,skipped,4,6
558,SNP,SNP,skipped,skipped,skipped,skipped,4,6
559,SNP,SNP,skipped,skipped,skipped,skipped,4,6
560,SNP,SNP,skipped,skipped,skipped,skipped,4,6
561,SNP,SNP,skipped,skipped,skipped,skipped,4,6
562,SNP,SNP,skipped,skipped,skipped,skipped,4,6
563,SNP,SNP,skipped,skipped,skipped,skipped,4,6
564,SNP,SNP,skipped,skipped,skipped,skipped,4,6
565,SNP,SNP,skipped,skipped,skipped,skipped,4,6
566,SNP,SNP,skipped,skipped,skipped,skipped,4,6
567,SNP,SNP,skipped,skipped,skipped,skipped,4,6
568,SNP,SNP,skipped,skipped,skipped,skipped,4,6
569,SNP,SNP,skipped,skipped,skipped,skipped,4,6
570,SNP,SNP,skipped,skipped,skipped,skipped,4,6
571,SNP,SNP,skipped,skipped,skipped,skipped,4,6
572,SNP,SNP,skipped,skipped,skipped,skipped,4,6
573,SNP,SNP,skipped,skipped,skipped,skipped,4,6
574,SNP,SNP,skipped,skipped,skipped,skipped,4,6
575,SNP,SNP,skipped,skipped,skipped,skipped,4,6
576,SNP,SNP,skipped,skipped,skipped,skipped,4,6
577,SNP,SNP,skipped,skipped,skipped,skipped,4,6
578,SNP,SNP,skipped,skipped,skipped,skipped,4,6
579,SNP,SNP,skipped,skipped,skipped,skipped,4,6
580,SNP,SNP,skipped,skipped,skipped,skipped,4,6
581,SNP,SNP,skipped,skipped,skipped,skipped,4,6
582,SNP,SNP,skipped,skipped,skipped,skipped,4,6
583,SNP,SNP,skipped,skipped,skipped,skipped,4,6
584,SNP,SNP,skipped,skipped,skipped,skipped,4,6
585,SNP,SNP,skipped,skipped,skipped,skipped,4,6
586,SNP,SNP,skipped,skipped,skipped,skipped,4,6
587,SNP,SNP,skipped,skipped,skipped,skipped,4,6
588,SNP,SNP,skipped,skipped,skipped,skipped,4,6
589,SNP,SNP,skipped,skipped,skipped,skipped,4,6
590,SNP,SNP,skipped,skipped,skipped,skipped,4,6
591,SNP,SNP,skipped,skipped,skipped,skipped,4,6
592,SNP,SNP,skipped,skipped,skipped,skipped,4,6
593,SNP,SNP,skipped,skipped,skipped,skipped,4,6
594,SNP,SNP,skipped,skipped,skipped,skipped,4,6
595,SNP,SNP,skipped,skipped,skipped,skipped,4,6
596,SNP,SNP,skipped,skipped,skipped,skipped,4,6
597,SNP,SNP,skipped,skipped,skipped,skipped,4,6
598,SNP,SNP,skipped,skipped,skipped,skipped,4,6
599,SNP,SNP,skipped,skipped,skipped,skipped,4,6
600,SNP,SNP,skipped,skipped,skipped,skipped,4,6
601,SNP,SNP,skipped,skipped,skipped,skipped,4,6
602,SNP,SNP,skipped,skipped,skipped,skipped,4,6
603,SNP,SNP,skipped,skipped,skipped,skipped,4,6
604,SNP,SNP,skipped,skipped,skipped,skipped,4,6
605,SNP,SNP,skipped,skipped,skipped,skipped,4,6
606,SNP,SNP,skipped,skipped,skipped,skipped,4,6
607,SNP,SNP,skipped,skipped,skipped,skipped,4,6
608,SNP,SNP,skipped,skipped,skipped,skipped,4,6
609,SNP,SNP,skipped,skipped,skipped,skipped,4,6
610,SNP,SNP,skipped,skipped,skipped,skipped,4,6
611,SNP,SNP,skipped,skipped,skipped,skipped,4,6
612,SNP,SNP,skipped,skipped,skipped,skipped,4,6
613,SNP,SNP,skipped,skipped,skipped,skipped,4,6
614,SNP,SNP,skipped,skipped,skipped,skipped,4,6
615,SNP,SNP,skipped,skipped,skipped,skipped,4,6
616,SNP,SNP,skipped,skipped,skipped,skipped,4,6
617,SNP,SNP,skipped,skipped,skipped,skipped,4,6
618,SNP,SNP,skipped,skipped,skipped,skipped,4,6
619,SNP,SNP,skipped,skipped,skipped,skipped,4,6
620,SNP,SNP,skipped,skipped,skipped,skipped,4,6
621,SNP,SNP,skipped,skipped,skipped,skipped,4,6
622,SNP,SNP,skipped,skipped,skipped,skipped,4,6
623,SNP,SNP,skipped,skipped,skipped,skipped,4,6
624,SNP,SNP,skipped,skipped,skipped,skipped,4,6
625,SNP,SNP,skipped,skipped,skipped,skipped,4,6
626,SNP,SNP,skipped,skipped,skipped,skipped,4,6
627,SNP,SNP,skipped,skipped,skipped,skipped,4,6
628,SNP,SNP,skipped,skipped,skipped,skipped,4,6
629,SNP,SNP,skipped,skipped,skipped,skipped,4,6
630,SNP,SNP,skipped,skipped,skipped,skipped,4,6
631,SNP,SNP,skipped,skipped,skipped,skipped,4,6
632,SNP,SNP,skipped,skipped,skipped,skipped,4,6
633,SNP,SNP,skipped,skipped,skipped,skipped,4,6
634,SNP,SNP,skipped,skipped,skipped,skipped,4,6
635,SNP,SNP,skipped,skipped,skipped,skipped,4,6
636,SNP,SNP,skipped,skipped,skipped,skipped,4,6
637,SNP,SNP,skipped,skipped,skipped,skipped,4,6
638,SNP,SNP,skipped,skipped,skipped,skipped,4,6
639,SNP,SNP,skipped,skipped,skipped,skipped,4,6
640,SNP,SNP,skipped,skipped,skipped,skipped,4,6
641,SNP,SNP,skipped,skipped,skipped,skipped,4,6
642,SNP,SNP,skipped,skipped,skipped,skipped,4,6
643,SNP,SNP,skipped,skipped,skipped,skipped,4,6
644,SNP,SNP,skipped,skipped,skipped,skipped,4,6
645,SNP,SNP,skipped,skipped,skipped,skipped,4,6
646,SNP,SNP,skipped,skipped,skipped,skipped,4,6
647,SNP,SNP,skipped,skipped,skipped,skipped,4,6
648,SNP,SNP,skipped,skipped,skipped,skipped,4,6
649,SNP,SNP,skipped,skipped,skipped,skipped,4,6
650,SNP,SNP,skipped,skipped,skipped,skipped,4,6
651,SNP,SNP,skipped,skipped,skipped,skipped,4,6
652,SNP,SNP,skipped,skipped,skipped,skipped,4,6
653,SNP,SNP,skipped,skipped,skipped,skipped,4,6
654,SNP,SNP,skipped,skipped,skipped,skipped,4,6
655,SNP,SNP,skipped,skipped,skipped,skipped,4,6
656,SNP,SNP,skipped,skipped,skipped,skipped,4,6
657,SNP,SNP,skipped,skipped,skipped,skipped,4,6
658,SNP,SNP,skipped,skipped,skipped,skipped,4,6
659,SNP,SNP,skipped,skipped,skipped,skipped,4,6
660,SNP,SNP,skipped,skipped,skipped,skipped,4,6
661,SNP,SNP,skipped,skipped,skipped,skipped,4,6
662,SNP,SNP,skipped,skipped,skipped,skipped,4,6
663,SNP,SNP,skipped,skipped,skipped,skipped,4,6
664,SNP,SNP,skipped,skipped,skipped,skipped,4,6
665,SNP,SNP,skipped,skipped,skipped,skipped,4,6
666,SNP,SNP,skipped,skipped,skipped,skipped,4,6
667,SNP,SNP,skipped,skipped,skipped,skipped,4,6
668,SNP,SNP,skipped,skipped,skipped,skipped,4,6
669,SNP,SNP,skipped,skipped,skipped,skipped,4,6
670,SNP,SNP,skipped,skipped,skipped,skipped,4,6
671,SNP,SNP,skipped,skipped,skipped,skipped,4,6
672,SNP,SNP,skipped,skipped,skipped,skipped,4,6
673,SNP,SNP,skipped,skipped,skipped,skipped,4,6
674,SNP,SNP,skipped,skipped,skipped,skipped,4,6
675,SNP,SNP,skipped,skipped,skipped,skipped,4,6
676,SNP,SNP,skipped,skipped,skipped,skipped,4,6
677,SNP,SNP,skipped,skipped,skipped,skipped,4,6
678,SNP,SNP,skipped,skipped,skipped,skipped,4,6
679,SNP,SNP,skipped,skipped,skipped,skipped,4,6
680,SNP,SNP,skipped,skipped,skipped,skipped,4,6
681,SNP,SNP,skipped,skipped,skipped,skipped,4,6
682,SNP,SNP,skipped,skipped,skipped,skipped,4,6
683,SNP,SNP,skipped,skipped,skipped,skipped,4,6
684,SNP,SNP,skipped,skipped,skipped,skipped,4,6
685,SNP,SNP,skipped,skipped,skipped,skipped,4,6
686,SNP,SNP,skipped,skipped,skipped,skipped,4,6
687,SNP,SNP,skipped,skipped,skipped,skipped,4,6
688,SNP,SNP,skipped,skipped,skipped,skipped,4,6
689,SNP,SNP,skipped,skipped,skipped,skipped,4,6
690,SNP,SNP,skipped,skipped,skipped,skipped,4,6
691,SNP,SNP,skipped,skipped,skipped,skipped,4,6
692,SNP,SNP,skipped,skipped,skipped,skipped,4,6
693,SNP,SNP,skipped,skipped,skipped,skipped,4,6
694,SNP,SNP,skipped,skipped,skipped,skipped,4,6
695,SNP,SNP,skipped,skipped,skipped,skipped,4,6
696,SNP,SNP,skipped,skipped,skipped,skipped,4,6
697,SNP,SNP,skipped,skipped,skipped,skipped,4,6
698,SNP,SNP,skipped,skipped,skipped,skipped,4,6
699,SNP,SNP,skipped,skipped,skipped,skipped,4,6
700,SNP,SNP,skipped,skipped,skipped,skipped,4,6
701,SNP,SNP,skipped,skipped,skipped,skipped,4,6
702,SNP,SNP,skipped,skipped,skipped,skipped,4,6
703,SNP,SNP,skipped,skipped,skipped,skipped,4,6
704,SNP,SNP,skipped,skipped,skipped,skipped,4,6
705,SNP,SNP,skipped,skipped,skipped,skipped,4,6
706,SNP,SNP,skipped,skipped,skipped,skipped,4,6
707,SNP,SNP,skipped,skipped,skipped,skipped,4,6
708,SNP,SNP,skipped,skipped,skipped,skipped,4,6
709,SNP,SNP,skipped,skipped,skipped,skipped,4,6
710,SNP,SNP,skipped,skipped,skipped,skipped,4,6
711,SNP,SNP,skipped,skipped,skipped,skipped,4,6
712,SNP,SNP,skipped,skipped,skipped,skipped,4,6
713,SNP,SNP,skipped,skipped,skipped,skipped,4,6
714,SNP,SNP,skipped,skipped,skipped,skipped,4,6
715,SNP,SNP,skipped,skipped,skipped,skipped,4,6
716,SNP,SNP,skipped,skipped,skipped,skipped,4,6
717,SNP,SNP,skipped,skipped,skipped,skipped,4,6
718,SNP,SNP,skipped,skipped,skipped,skipped,4,6
719,SNP,SNP,skipped,skipped,skipped,skipped,4,6
720,SNP,SNP,skipped,skipped,skipped,skipped,4,6
721,SNP,SNP,skipped,skipped,skipped,skipped,4,6
722,SNP,SNP,skipped,skipped,skipped,skipped,4,6
723,SNP,SNP,skipped,skipped,skipped,skipped,4,6
724,SNP,SNP,skipped,skipped,skipped,skipped,4,6
725,SNP,SNP,skipped,skipped,skipped,skipped,4,6
726,SNP,SNP,skipped,skipped,skipped,skipped,4,6
727,SNP,SNP,skipped,skipped,skipped,skipped,4,6
728,SNP,SNP,skipped,skipped,skipped,skipped,4,6
729,SNP,SNP,skipped,skipped,skipped,skipped,4,6
730,SNP,SNP,skipped,skipped,skipped,skipped,4,6
731,SNP,SNP,skipped,skipped,skipped,skipped,4,6
732,SNP,SNP,skipped,skipped,skipped,skipped,4,6
733,SNP,SNP,skipped,skipped,skipped,skipped,4,6
734,SNP,SNP,skipped,skipped,skipped,skipped,4,6
735,SNP,SNP,skipped,skipped,skipped,skipped,4,6
736,SNP,SNP,skipped,skipped,skipped,skipped,4,6
737,SNP,SNP,skipped,skipped,skipped,skipped,4,6
738,SNP,SNP,skipped,skipped,skipped,skipped,4,6
739,SNP,SNP,skipped,skipped,skipped,skipped,4,6
740,SNP,SNP,skipped,skipped,skipped,skipped,4,6
741,SNP,SNP,skipped,skipped,skipped,skipped,4,6
742,SNP,SNP,skipped,skipped,skipped,skipped,4,6
743,SNP,SNP,skipped,skipped,skipped,skipped,4,6
744,SNP,SNP,skipped,skipped,skipped,skipped,4,6
745,SNP,SNP,skipped,skipped,skipped,skipped,4,6
746,SNP,SNP,skipped,skipped,skipped,skipped,4,6
747,SNP,SNP,skipped,skipped,skipped,skipped,4,6
748,SNP,SNP,skipped,skipped,skipped,skipped,4,6
749,SNP,SNP,skipped,skipped,skipped,skipped,4,6
750,SNP,SNP,skipped,skipped,skipped,skipped,4,6
751,SNP,SNP,skipped,skipped,skipped,skipped,4,6
752,SNP,SNP,skipped,skipped,skipped,skipped,4,6
753,SNP,SNP,skipped,skipped,skipped,skipped,4,6
754,SNP,SNP,skipped,skipped,skipped,skipped,4,6
755,SNP,SNP,skipped,skipped,skipped,skipped,4,6
756,SNP,SNP,skipped,skipped,skipped,skipped,4,6
757,SNP,SNP,skipped,skipped,skipped,skipped,4,6
758,SNP,SNP,skipped,skipped,skipped,skipped,4,6
759,SNP,SNP,skipped,skipped,skipped,skipped,4,6
760,SNP,SNP,skipped,skipped,skipped,skipped,4,6
761,SNP,SNP,skipped,skipped,skipped,skipped,4,6
762,SNP,SNP,skipped,skipped,skipped,skipped,4,6
763,SNP,SNP,skipped,skipped,skipped,skipped,4,6
764,SNP,SNP,skipped,skipped,skipped,skipped,4,6
765,SNP,SNP,skipped,skipped,skipped,skipped,4,6
766,SNP,SNP,skipped,skipped,skipped,skipped,4,6
767,SNP,SNP,skipped,skipped,skipped,skipped,4,6
768,SNP,SNP,skipped,skipped,skipped,skipped,4,6
769,SNP,SNP,skipped,skipped,skipped,skipped,4,6
770,SNP,SNP,skipped,skipped,skipped,skipped,4,6
771,SNP,SNP,skipped,skipped,skipped,skipped,4,6
772,SNP,SNP,skipped,skipped,skipped,skipped,4,6
773,SNP,SNP,skipped,skipped,skipped,skipped,4,6
774,SNP,SNP,skipped,skipped,skipped,skipped,4,6
775,SNP,SNP,skipped,skipped,skipped,skipped,4,6
776,SNP,SNP,skipped,skipped,skipped,skipped,4,6
777,SNP,SNP,skipped,skipped,skipped,skipped,4,6
778,SNP,SNP,skipped,skipped,skipped,skipped,4,6
779,SNP,SNP,skipped,skipped,skipped,skipped,4,6
780,SNP,SNP,skipped,skipped,skipped,skipped,4,6
781,SNP,SNP,skipped,skipped,skipped,skipped,4,6
782,SNP,SNP,skipped,skipped,skipped,skipped,4,6
783,SNP,SNP,skipped,skipped,skipped,skipped,4,6
784,SNP,SNP,skipped,skipped,skipped,skipped,4,6
785,SNP,SNP,skipped,skipped,skipped,skipped,4,6
786,SNP,SNP,skipped,skipped,skipped,skipped,4,6
787,SNP,SNP,skipped,skipped,skipped,skipped,4,6
788,SNP,SNP,skipped,skipped,skipped,skipped,4,6
789,SNP,SNP,skipped,skipped,skipped,skipped,4,6
790,SNP,SNP,skipped,skipped,skipped,skipped,4,6
791,SNP,SNP,skipped,skipped,skipped,skipped,4,6
792,SNP,SNP,skipped,skipped,skipped,skipped,4,6
793,SNP,SNP,skipped,skipped,skipped,skipped,4,6
794,SNP,SNP,skipped,skipped,skipped,skipped,4,6
795,SNP,SNP,skipped,skipped,skipped,skipped,4,6
796,SNP,SNP,skipped,skipped,skipped,skipped,4,6
797,SNP,SNP,skipped,skipped,skipped,skipped,4,6
798,SNP,SNP,skipped,skipped,skipped,skipped,4,6
799,SNP,SNP,skipped,skipped,skipped,skipped,4,6
800,SNP,SNP,skipped,skipped,skipped,skipped,4,6
801,SNP,SNP,skipped,skipped,skipped,skipped,4,6
802,SNP,SNP,skipped,skipped,skipped,skipped,4,6
803,SNP,SNP,skipped,skipped,skipped,skipped,4,6
804,SNP,SNP,skipped,skipped,skipped,skipped,4,6
805,SNP,SNP,skipped,skipped,skipped,skipped,4,6
806,SNP,SNP,skipped,skipped,skipped,skipped,4,6
807,SNP,SNP,skipped,skipped,skipped,skipped,4,6
808,SNP,SNP,skipped,skipped,skipped,skipped,4,6
809,SNP,SNP,skipped,skipped,skipped,skipped,4,6
810,SNP,SNP,skipped,skipped,skipped,skipped,4,6
811,SNP,SNP,skipped,skipped,skipped,skipped,4,6
812,SNP,SNP,skipped,skipped,skipped,skipped,4,6
813,SNP,SNP,skipped,skipped,skipped,skipped,4,6
814,SNP,SNP,skipped,skipped,skipped,skipped,4,6
815,SNP,SNP,skipped,skipped,skipped,skipped,4,6
816,SNP,SNP,skipped,skipped,skipped,skipped,4,6
817,SNP,SNP,skipped,skipped,skipped,skipped,4,6
818,SNP,SNP,skipped,skipped,skipped,skipped,4,6
819,SNP,SNP,skipped,skipped,skipped,skipped,4,6
820,SNP,SNP,skipped,skipped,skipped,skipped,4,6
821,SNP,SNP,skipped,skipped,skipped,skipped,4,6
822,SNP,SNP,skipped,skipped,skipped,skipped,4,6
823,SNP,SNP,skipped,skipped,skipped,skipped,4,6
824,SNP,SNP,skipped,skipped,skipped,skipped,4,6
825,SNP,SNP,skipped,skipped,skipped,skipped,4,6
826,SNP,SNP,skipped,skipped,skipped,skipped,4,6
827,SNP,SNP,skipped,skipped,skipped,skipped,4,6
828,SNP,SNP,skipped,skipped,skipped,skipped,4,6
829,SNP,SNP,skipped,skipped,skipped,skipped,4,6
830,SNP,SNP,skipped,skipped,skipped,skipped,4,6
831,SNP,SNP,skipped,skipped,skipped,skipped,4,6
832,SNP,SNP,skipped,skipped,skipped,skipped,4,6
833,SNP,SNP,skipped,skipped,skipped,skipped,4,6
834,SNP,SNP,skipped,skipped,skipped,skipped,4,6
835,SNP,SNP,skipped,skipped,skipped,skipped,4,6
836,SNP,SNP,skipped,skipped,skipped,skipped,4,6
837,SNP,SNP,skipped,skipped,skipped,skipped,4,6
838,SNP,SNP,skipped,skipped,skipped,skipped,4,6
839,SNP,SNP,skipped,skipped,skipped,skipped,4,6
840,SNP,SNP,skipped,skipped,skipped,skipped,4,6
841,SNP,SNP,skipped,skipped,skipped,skipped,4,6
842,SNP,SNP,skipped,skipped,skipped,skipped,4,6
843,SNP,SNP,skipped,skipped,skipped,skipped,4,6
844,SNP,SNP,skipped,skipped,skipped,skipped,4,6
845,SNP,SNP,skipped,skipped,skipped,skipped,4,6
846,SNP,SNP,skipped,skipped,skipped,skipped,4,6
847,SNP,SNP,skipped,skipped,skipped,skipped,4,6
848,SNP,SNP,skipped,skipped,skipped,skipped,4,6
849,SNP,SNP,skipped,skipped,skipped,skipped,4,6
850,SNP,SNP,skipped,skipped,skipped,skipped,4,6
851,SNP,SNP,skipped,skipped,skipped,skipped,4,6
852,SNP,SNP,skipped,skipped,skipped,skipped,4,6
853,SNP,SNP,skipped,skipped,skipped,skipped,4,6
854,SNP,SNP,skipped,skipped,skipped,skipped,4,6
855,SNP,SNP,skipped,skipped,skipped,skipped,4,6
856,SNP,SNP,skipped,skipped,skipped,skipped,4,6
857,SNP,SNP,skipped,skipped,skipped,skipped,4,6
858,SNP,SNP,skipped,skipped,skipped,skipped,4,6
859,SNP,SNP,skipped,skipped,skipped,skipped,4,6
860,SNP,SNP,skipped,skipped,skipped,skipped,4,6
861,SNP,SNP,skipped,skipped,skipped,skipped,4,6
862,SNP,SNP,skipped,skipped,skipped,skipped,4,6
863,SNP,SNP,skipped,skipped,skipped,skipped,4,6
864,SNP,SNP,skipped,skipped,skipped,skipped,4,6
865,SNP,SNP,skipped,skipped,skipped,skipped,4,6
866,SNP,SNP,skipped,skipped,skipped,skipped,4,6
867,SNP,SNP,skipped,skipped,skipped,skipped,4,6
868,SNP,SNP,skipped,skipped,skipped,skipped,4,6
869,SNP,SNP,skipped,skipped,skipped,skipped,4,6
870,SNP,SNP,skipped,skipped,skipped,skipped,4,6
871,SNP,SNP,skipped,skipped,skipped,skipped,4,6
872,SNP,SNP,skipped,skipped,skipped,skipped,4,6
873,SNP,SNP,skipped,skipped,skipped,skipped,4,6
874,SNP,SNP,skipped,skipped,skipped,skipped,4,6
875,SNP,SNP,skipped,skipped,skipped,skipped,4,6
876,SNP,SNP,skipped,skipped,skipped,skipped,4,6
877,SNP,SNP,skipped,skipped,skipped,skipped,4,6
878,SNP,SNP,skipped,skipped,skipped,skipped,4,6
879,SNP,SNP,skipped,skipped,skipped,skipped,4,6
880,SNP,SNP,skipped,skipped,skipped,skipped,4,6
881,SNP,SNP,skipped,skipped,skipped,skipped,4,6
882,SNP,SNP,skipped,skipped,skipped,skipped,4,6
883,SNP,SNP,skipped,skipped,skipped,skipped,4,6
884,SNP,SNP,skipped,skipped,skipped,skipped,4,6
885,SNP,SNP,skipped,skipped,skipped,skipped,4,6
886,SNP,SNP,skipped,skipped,skipped,skipped,4,6
887,SNP,SNP,skipped,skipped,skipped,skipped,4,6
888,SNP,SNP,skipped,skipped,skipped,skipped,4,6
889,SNP,SNP,skipped,skipped,skipped,skipped,4,6
890,SNP,SNP,skipped,skipped,skipped,skipped,4,6
891,SNP,SNP,skipped,skipped,skipped,skipped,4,6
892,SNP,SNP,skipped,skipped,skipped,skipped,4,6
893,SNP,SNP,skipped,skipped,skipped,skipped,4,6
894,SNP,SNP,skipped,skipped,skipped,skipped,4,6
895,SNP,SNP,skipped,skipped,skipped,skipped,4,6
896,SNP,SNP,skipped,skipped,skipped,skipped,4,6
897,SNP,SNP,skipped,skipped,skipped,skipped,4,6
898,SNP,SNP,skipped,skipped,skipped,skipped,4,6
899,SNP,SNP,skipped,skipped,skipped,skipped,4,6
900,SNP,SNP,skipped,skipped,skipped,skipped,4,6
901,SNP,SNP,skipped,skipped,skipped,skipped,4,6
902,SNP,SNP,skipped,skipped,skipped,skipped,4,6
903,SNP,SNP,skipped,skipped,skipped,skipped,4,6
904,SNP,SNP,skipped,skipped,skipped,skipped,4,6
905,SNP,SNP,skipped,skipped,skipped,skipped,4,6
906,SNP,SNP,skipped,skipped,skipped,skipped,4,6
907,SNP,SNP,skipped,skipped,skipped,skipped,4,6
908,SNP,SNP,skipped,skipped,skipped,skipped,4,6
909,SNP,SNP,skipped,skipped,skipped,skipped,4,6
910,SNP,SNP,skipped,skipped,skipped,skipped,4,6
911,SNP,SNP,skipped,skipped,skipped,skipped,4,6
912,SNP,SNP,skipped,skipped,skipped,skipped,4,6
913,SNP,SNP,skipped,skipped,skipped,skipped,4,6
914,SNP,SNP,skipped,skipped,skipped,skipped,4,6
915,SNP,SNP,skipped,skipped,skipped,skipped,4,6
916,SNP,SNP,skipped,skipped,skipped,skipped,4,6
917,SNP,SNP,skipped,skipped,skipped,skipped,4,6
918,SNP,SNP,skipped,skipped,skipped,skipped,4,6
919,SNP,SNP,skipped,skipped,skipped,skipped,4,6
920,SNP,SNP,skipped,skipped,skipped,skipped,4,6
921,SNP,SNP,skipped,skipped,skipped,skipped,4,6
922,SNP,SNP,skipped,skipped,skipped,skipped,4,6
923,SNP,SNP,skipped,skipped,skipped,skipped,4,6
924,SNP,SNP,skipped,skipped,skipped,skipped,4,6
925,SNP,SNP,skipped,skipped,skipped,skipped,4,6
926,SNP,SNP,skipped,skipped,skipped,skipped,4,6
927,SNP,SNP,skipped,skipped,skipped,skipped,4,6
928,SNP,SNP,skipped,skipped,skipped,skipped,4,6
929,SNP,SNP,skipped,skipped,skipped,skipped,4,6
930,SNP,SNP,skipped,skipped,skipped,skipped,4,6
931,SNP,SNP,skipped,skipped,skipped,skipped,4,6
932,SNP,SNP,skipped,skipped,skipped,skipped,4,6
933,SNP,SNP,skipped,skipped,skipped,skipped,4,6
934,SNP,SNP,skipped,skipped,skipped,skipped,4,6
935,SNP,SNP,skipped,skipped,skipped,skipped,4,6
936,SNP,SNP,skipped,skipped,skipped,skipped,4,6
937,SNP,SNP,skipped,skipped,skipped,skipped,4,6
938,SNP,SNP,skipped,skipped,skipped,skipped,4,6
939,Con,Lab,skipped,skipped,skipped,skipped,4,6
940,Con,Lab,skipped,skipped,skipped,skipped,4,6
941,Con,Lab,skipped,skipped,skipped,skipped,4,6
942,Con,Lab,skipped,skipped,skipped,skipped,4,6
943,Con,Lab,skipped,skipped,skipped,skipped,4,6
944,Con,Lab,skipped,skipped,skipped,skipped,4,6
945,Con,Lab,skipped,skipped,skipped,skipped,4,6
946,Con,Lab,skipped,skipped,skipped,skipped,4,6
947,Con,Lab,skipped,skipped,skipped,skipped,4,6
948,Con,Lab,skipped,skipped,skipped,skipped,4,6
949,Con,Lab,skipped,skipped,skipped,skipped,4,6
950,Con,Lab,skipped,skipped,skipped,skipped,4,6
951,Con,Lab,skipped,skipped,skipped,skipped,4,6
952,Con,Lab,skipped,skipped,skipped,skipped,4,6
953,Con,Lab,skipped,skipped,skipped,skipped,4,6
954,Con,Lab,skipped,skipped,skipped,skipped,4,6
955,Con,Lab,skipped,skipped,skipped,skipped,4,6
956,Con,Lab,skipped,skipped,skipped,skipped,4,6
957,Con,Lab,skipped,skipped,skipped,skipped,4,6
958,Con,Lab,skipped,skipped,skipped,skipped,4,6
959,Con,Lab,skipped,skipped,skipped,skipped,4,6
960,Con,Lab,skipped,skipped,skipped,skipped,4,6
961,Con,Lab,skipped,skipped,skipped,skipped,4,6
962,Con,Lab,skipped,skipped,skipped,skipped,4,6
963,Con,Lab,skipped,skipped,skipped,skipped,4,6
964,Con,Lab,skipped,skipped,skipped,skipped,4,6
965,Con,Lab,skipped,skipped,skipped,skipped,4,6
966,Con,Lab,skipped,skipped,skipped,skipped,4,6
967,SNP,Lab,SNP,Lab,LD,Con,4,6
968,Lab,Lab,SNP,SNP,skipped,skipped,4,6
969,Lab,Lab,SNP,SNP,skipped,skipped,4,6
970,Lab,Lab,SNP,SNP,skipped,skipped,4,6
971,Lab,Lab,SNP,SNP,skipped,skipped,4,6
972,Lab,Lab,SNP,SNP,skipped,skipped,4,6
973,Lab,Lab,SNP,SNP,skipped,skipped,4,6
974,Lab,Lab,SNP,SNP,skipped,skipped,4,6
975,Lab,Lab,SNP,SNP,skipped,skipped,4,6
976,LD,Lab,Lab,Con,SNP,SNP,4,6
977,LD,Lab,Lab,Con,SNP,SNP,4,6
978,LD,Lab,Lab,Con,SNP,SNP,4,6
979,SNP,Lab,SNP,Lab,LD,Con,4,6
980,SNP,Lab,SNP,Lab,LD,Con,4,6
981,SNP,LD,SNP,Con,skipped,skipped,4,6
982,Lab,Lab,SNP,LD,skipped,skipped,4,6
983,Lab,Lab,Con,LD,SNP,SNP,4,6
984,Lab,Lab,Con,LD,SNP,SNP,4,6
985,Lab,Lab,Con,LD,SNP,SNP,4,6
986,Lab,Lab,Con,LD,SNP,SNP,4,6
987,Lab,Lab,Con,LD,SNP,SNP,4,6
988,Lab,Lab,Con,LD,SNP,SNP,4,6
989,Lab,Lab,Con,LD,SNP,SNP,4,6
990,Lab,Lab,Con,LD,SNP,SNP,4,6
991,Lab,Lab,Con,LD,SNP,SNP,4,6
992,Lab,Lab,Con,LD,SNP,SNP,4,6
993,Lab,Lab,Con,LD,SNP,SNP,4,6
994,Lab,Lab,Con,LD,SNP,SNP,4,6
995,Lab,Lab,Con,LD,SNP,SNP,4,6
996,Lab,Lab,SNP,SNP,LD,Con,4,6
997,Lab,Lab,SNP,SNP,LD,Con,4,6
998,Lab,Lab,SNP,SNP,LD,Con,4,6
999,Lab,Lab,SNP,SNP,LD,Con,4,6
1000,Lab,Lab,SNP,SNP,LD,Con,4,6
1001,Lab,Lab,SNP,SNP,LD,Con,4,6
1002,Lab,Lab,SNP,SNP,LD,Con,4,6
1003,Lab,Lab,SNP,SNP,LD,Con,4,6
1004,Lab,Lab,SNP,SNP,LD,Con,4,6
1005,Lab,Lab,SNP,SNP,LD,Con,4,6
1006,Lab,Lab,SNP,SNP,LD,Con,4,6
1007,SNP,Lab,Lab,SNP,LD,Con,4,6
1008,SNP,Lab,Lab,SNP,LD,Con,4,6
1009,Lab,Con,Lab,LD,skipped,skipped,4,6
1010,Lab,Con,Lab,LD,skipped,skipped,4,6
1011,Lab,Con,Lab,LD,skipped,skipped,4,6
1012,Lab,Con,Lab,LD,skipped,skipped,4,6
1013,SNP,SNP,LD,Lab,skipped,skipped,4,6
1014,SNP,SNP,LD,Lab,skipped,skipped,4,6
1015,SNP,SNP,LD,Lab,Lab,skipped,4,6
1016,SNP,SNP,LD,Lab,Lab,skipped,4,6
1017,SNP,SNP,LD,Lab,Lab,skipped,4,6
1018,SNP,SNP,LD,Lab,Lab,skipped,4,6
1019,Lab,SNP,Lab,SNP,skipped,skipped,4,6
1020,Lab,SNP,Lab,SNP,skipped,skipped,4,6
1021,SNP,Lab,SNP,LD,Con,Lab,4,6
1022,Lab,LD,Con,skipped,skipped,skipped,4,6
1023,Lab,skipped,skipped,skipped,skipped,skipped,4,6
1024,Lab,skipped,skipped,skipped,skipped,skipped,4,6
1025,Lab,skipped,skipped,skipped,skipped,skipped,4,6
1026,Lab,skipped,skipped,skipped,skipped,skipped,4,6
1027,Lab,skipped,skipped,skipped,skipped,skipped,4,6
1028,Lab,skipped,skipped,skipped,skipped,skipped,4,6
1029,Lab,skipped,skipped,skipped,skipped,skipped,4,6
1030,Lab,skipped,skipped,skipped,skipped,skipped,4,6
1031,Lab,skipped,skipped,skipped,skipped,skipped,4,6
1032,Lab,skipped,skipped,skipped,skipped,skipped,4,6
1033,Lab,skipped,skipped,skipped,skipped,skipped,4,6
1034,Lab,skipped,skipped,skipped,skipped,skipped,4,6
1035,Lab,skipped,skipped,skipped,skipped,skipped,4,6
1036,Lab,skipped,skipped,skipped,skipped,skipped,4,6
1037,Lab,skipped,skipped,skipped,skipped,skipped,4,6
1038,Lab,skipped,skipped,skipped,skipped,skipped,4,6
1039,Lab,skipped,skipped,skipped,skipped,skipped,4,6
1040,Lab,skipped,skipped,skipped,skipped,skipped,4,6
1041,Lab,skipped,skipped,skipped,skipped,skipped,4,6
1042,Lab,skipped,skipped,skipped,skipped,skipped,4,6
1043,Lab,skipped,skipped,skipped,skipped,skipped,4,6
1044,Lab,skipped,skipped,skipped,skipped,skipped,4,6
1045,Lab,skipped,skipped,skipped,skipped,skipped,4,6
1046,Lab,skipped,skipped,skipped,skipped,skipped,4,6
1047,Lab,skipped,skipped,skipped,skipped,skipped,4,6
1048,Lab,skipped,skipped,skipped,skipped,skipped,4,6
1049,Lab,skipped,skipped,skipped,skipped,skipped,4,6
1050,Lab,skipped,skipped,skipped,skipped,skipped,4,6
1051,Lab,skipped,skipped,skipped,skipped,skipped,4,6
1052,Lab,skipped,skipped,skipped,skipped,skipped,4,6
1053,Lab,skipped,skipped,skipped,skipped,skipped,4,6
1054,Lab,skipped,skipped,skipped,skipped,skipped,4,6
1055,Lab,skipped,skipped,skipped,skipped,skipped,4,6
1056,Lab,skipped,skipped,skipped,skipped,skipped,4,6
1057,Lab,skipped,skipped,skipped,skipped,skipped,4,6
1058,Lab,skipped,skipped,skipped,skipped,skipped,4,6
1059,Lab,skipped,skipped,skipped,skipped,skipped,4,6
1060,Lab,skipped,skipped,skipped,skipped,skipped,4,6
1061,Lab,skipped,skipped,skipped,skipped,skipped,4,6
1062,Lab,skipped,skipped,skipped,skipped,skipped,4,6
1063,Lab,skipped,skipped,skipped,skipped,skipped,4,6
1064,Lab,skipped,skipped,skipped,skipped,skipped,4,6
1065,Lab,skipped,skipped,skipped,skipped,skipped,4,6
1066,Lab,skipped,skipped,skipped,skipped,skipped,4,6
1067,Lab,skipped,skipped,skipped,skipped,skipped,4,6
1068,Lab,skipped,skipped,skipped,skipped,skipped,4,6
1069,Lab,skipped,skipped,skipped,skipped,skipped,4,6
1070,Lab,skipped,skipped,skipped,skipped,skipped,4,6
1071,Lab,skipped,skipped,skipped,skipped,skipped,4,6
1072,Lab,skipped,skipped,skipped,skipped,skipped,4,6
1073,Lab,skipped,skipped,skipped,skipped,skipped,4,6
1074,Lab,skipped,skipped,skipped,skipped,skipped,4,6
1075,Lab,skipped,skipped,skipped,skipped,skipped,4,6
1076,Lab,skipped,skipped,skipped,skipped,skipped,4,6
1077,Lab,skipped,skipped,skipped,skipped,skipped,4,6
1078,Lab,skipped,skipped,skipped,skipped,skipped,4,6
1079,Lab,skipped,skipped,skipped,skipped,skipped,4,6
1080,Lab,skipped,skipped,skipped,skipped,skipped,4,6
1081,Lab,skipped,skipped,skipped,skipped,skipped,4,6
1082,Lab,skipped,skipped,skipped,skipped,skipped,4,6
1083,Lab,skipped,skipped,skipped,skipped,skipped,4,6
1084,Lab,skipped,skipped,skipped,skipped,skipped,4,6
1085,Lab,skipped,skipped,skipped,skipped,skipped,4,6
1086,Lab,skipped,skipped,skipped,skipped,skipped,4,6
1087,Lab,skipped,skipped,skipped,skipped,skipped,4,6
1088,Lab,skipped,skipped,skipped,skipped,skipped,4,6
1089,Lab,skipped,skipped,skipped,skipped,skipped,4,6
1090,Lab,skipped,skipped,skipped,skipped,skipped,4,6
1091,Lab,skipped,skipped,skipped,skipped,skipped,4,6
1092,Lab,skipped,skipped,skipped,skipped,skipped,4,6
1093,Lab,skipped,skipped,skipped,skipped,skipped,4,6
1094,Lab,skipped,skipped,skipped,skipped,skipped,4,6
1095,Lab,skipped,skipped,skipped,skipped,skipped,4,6
1096,Lab,skipped,skipped,skipped,skipped,skipped,4,6
1097,Lab,skipped,skipped,skipped,skipped,skipped,4,6
1098,Lab,skipped,skipped,skipped,skipped,skipped,4,6
1099,Lab,skipped,skipped,skipped,skipped,skipped,4,6
1100,Lab,skipped,skipped,skipped,skipped,skipped,4,6
1101,Lab,skipped,skipped,skipped,skipped,skipped,4,6
1102,Lab,skipped,skipped,skipped,skipped,skipped,4,6
1103,Lab,skipped,skipped,skipped,skipped,skipped,4,6
1104,Lab,skipped,skipped,skipped,skipped,skipped,4,6
1105,Lab,skipped,skipped,skipped,skipped,skipped,4,6
1106,Lab,skipped,skipped,skipped,skipped,skipped,4,6
1107,Lab,skipped,skipped,skipped,skipped,skipped,4,6
1108,Lab,skipped,skipped,skipped,skipped,skipped,4,6
1109,Lab,skipped,skipped,skipped,skipped,skipped,4,6
1110,Lab,skipped,skipped,skipped,skipped,skipped,4,6
1111,Lab,skipped,skipped,skipped,skipped,skipped,4,6
1112,Lab,skipped,skipped,skipped,skipped,skipped,4,6
1113,Lab,skipped,skipped,skipped,skipped,skipped,4,6
1114,Lab,skipped,skipped,skipped,skipped,skipped,4,6
1115,Lab,skipped,skipped,skipped,skipped,skipped,4,6
1116,Lab,skipped,skipped,skipped,skipped,skipped,4,6
1117,Lab,skipped,skipped,skipped,skipped,skipped,4,6
1118,Lab,skipped,skipped,skipped,skipped,skipped,4,6
1119,Lab,skipped,skipped,skipped,skipped,skipped,4,6
1120,Lab,skipped,skipped,skipped,skipped,skipped,4,6
1121,Lab,skipped,skipped,skipped,skipped,skipped,4,6
1122,Lab,skipped,skipped,skipped,skipped,skipped,4,6
1123,Lab,skipped,skipped,skipped,skipped,skipped,4,6
1124,Lab,skipped,skipped,skipped,skipped,skipped,4,6
1125,Lab,skipped,skipped,skipped,skipped,skipped,4,6
1126,Lab,skipped,skipped,skipped,skipped,skipped,4,6
1127,Lab,skipped,skipped,skipped,skipped,skipped,4,6
1128,Lab,skipped,skipped,skipped,skipped,skipped,4,6
1129,Lab,skipped,skipped,skipped,skipped,skipped,4,6
1130,Lab,skipped,skipped,skipped,skipped,skipped,4,6
1131,Lab,skipped,skipped,skipped,skipped,skipped,4,6
1132,Lab,skipped,skipped,skipped,skipped,skipped,4,6
1133,Lab,skipped,skipped,skipped,skipped,skipped,4,6
1134,Lab,skipped,skipped,skipped,skipped,skipped,4,6
1135,Lab,skipped,skipped,skipped,skipped,skipped,4,6
1136,Lab,skipped,skipped,skipped,skipped,skipped,4,6
1137,Lab,skipped,skipped,skipped,skipped,skipped,4,6
1138,Lab,skipped,skipped,skipped,skipped,skipped,4,6
1139,Lab,skipped,skipped,skipped,skipped,skipped,4,6
1140,Lab,skipped,skipped,skipped,skipped,skipped,4,6
1141,Lab,skipped,skipped,skipped,skipped,skipped,4,6
1142,Lab,skipped,skipped,skipped,skipped,skipped,4,6
1143,Lab,skipped,skipped,skipped,skipped,skipped,4,6
1144,SNP,Lab,skipped,skipped,skipped,skipped,4,6
1145,SNP,Lab,skipped,skipped,skipped,skipped,4,6
1146,SNP,Lab,skipped,skipped,skipped,skipped,4,6
1147,SNP,Lab,skipped,skipped,skipped,skipped,4,6
1148,SNP,Lab,skipped,skipped,skipped,skipped,4,6
1149,SNP,SNP,Lab,Lab,LD,Con,4,6
1150,SNP,SNP,Lab,Lab,LD,Con,4,6
1151,SNP,SNP,Lab,Lab,LD,Con,4,6
1152,SNP,SNP,Lab,Lab,LD,Con,4,6
1153,SNP,SNP,Lab,Lab,LD,Con,4,6
1154,SNP,SNP,Lab,Lab,LD,Con,4,6
1155,SNP,SNP,Lab,Lab,LD,Con,4,6
1156,SNP,SNP,Lab,Lab,LD,Con,4,6
1157,SNP,SNP,Lab,Lab,LD,Con,4,6
1158,SNP,SNP,Lab,Lab,LD,Con,4,6
1159,SNP,SNP,Lab,Lab,LD,Con,4,6
1160,SNP,SNP,Lab,Lab,LD,Con,4,6
1161,SNP,SNP,Lab,Lab,LD,Con,4,6
1162,SNP,SNP,Lab,Lab,LD,Con,4,6
1163,SNP,SNP,Lab,Lab,LD,Con,4,6
1164,SNP,SNP,Lab,Lab,LD,Con,4,6
1165,SNP,SNP,Lab,Lab,LD,Con,4,6
1166,SNP,SNP,Lab,Lab,LD,Con,4,6
1167,SNP,SNP,Lab,Lab,LD,Con,4,6
1168,SNP,SNP,Lab,Lab,LD,Con,4,6
1169,SNP,SNP,Lab,Lab,LD,Con,4,6
1170,SNP,SNP,Lab,Lab,LD,Con,4,6
1171,SNP,SNP,Lab,Lab,LD,Con,4,6
1172,SNP,SNP,Lab,Lab,LD,Con,4,6
1173,SNP,SNP,Lab,Lab,LD,Con,4,6
1174,SNP,SNP,Lab,Lab,LD,Con,4,6
1175,SNP,SNP,Lab,Lab,LD,Con,4,6
1176,SNP,SNP,Lab,Lab,LD,Con,4,6
1177,SNP,SNP,Lab,Lab,LD,Con,4,6
1178,SNP,SNP,Lab,Lab,LD,Con,4,6
1179,SNP,SNP,Lab,Lab,LD,Con,4,6
1180,SNP,SNP,Lab,Lab,LD,Con,4,6
1181,SNP,SNP,Lab,Lab,LD,Con,4,6
1182,SNP,SNP,Lab,Lab,LD,Con,4,6
1183,SNP,SNP,Lab,Lab,LD,Con,4,6
1184,SNP,SNP,Lab,Lab,LD,Con,4,6
1185,SNP,SNP,Lab,Lab,LD,Con,4,6
1186,SNP,SNP,Lab,Lab,LD,Con,4,6
1187,SNP,SNP,Lab,Lab,LD,Con,4,6
1188,SNP,SNP,Lab,Lab,LD,Con,4,6
1189,SNP,SNP,Lab,Lab,LD,Con,4,6
1190,SNP,SNP,Lab,Lab,LD,Con,4,6
1191,SNP,SNP,Lab,Lab,LD,Con,4,6
1192,SNP,SNP,Lab,Lab,LD,Con,4,6
1193,SNP,SNP,Lab,Lab,LD,Con,4,6
1194,SNP,SNP,Lab,Lab,LD,Con,4,6
1195,SNP,SNP,Lab,Lab,LD,Con,4,6
1196,SNP,SNP,Lab,Lab,LD,Con,4,6
1197,SNP,SNP,Lab,Lab,LD,Con,4,6
1198,SNP,SNP,Lab,Lab,LD,Con,4,6
1199,SNP,SNP,Lab,Lab,LD,Con,4,6
1200,SNP,SNP,Lab,Lab,LD,Con,4,6
1201,SNP,Lab,LD,skipped,skipped,skipped,4,6
1202,SNP,Lab,LD,skipped,skipped,skipped,4,6
1203,Lab,LD,Lab,skipped,skipped,skipped,4,6
1204,Lab,SNP,Lab,SNP,skipped,skipped,4,6
1205,SNP,Lab,SNP,Lab,Con,LD,4,6
1206,SNP,Lab,SNP,Lab,skipped,skipped,4,6
1207,Lab,Lab,SNP,SNP,skipped,skipped,4,6
1208,Lab,Lab,SNP,SNP,skipped,skipped,4,6
1209,Lab,Lab,SNP,SNP,skipped,skipped,4,6
1210,Lab,Lab,SNP,SNP,skipped,skipped,4,6
1211,Lab,Lab,SNP,SNP,skipped,skipped,4,6
1212,Lab,Lab,SNP,SNP,skipped,skipped,4,6
1213,Lab,Lab,SNP,SNP,skipped,skipped,4,6
1214,Lab,Lab,SNP,SNP,Con,LD,4,6
1215,Lab,Lab,SNP,SNP,Con,LD,4,6
1216,Lab,Lab,SNP,SNP,Con,LD,4,6
1217,Lab,Lab,SNP,SNP,Con,LD,4,6
1218,Lab,Lab,SNP,SNP,Con,LD,4,6
1219,Lab,Lab,SNP,SNP,Con,LD,4,6
1220,Lab,Lab,SNP,SNP,Con,LD,4,6
1221,Lab,Lab,SNP,SNP,Con,LD,4,6
1222,Lab,Lab,SNP,SNP,Con,LD,4,6
1223,Lab,Lab,SNP,SNP,Con,LD,4,6
1224,Lab,Lab,Con,SNP,SNP,LD,4,6
1225,Lab,SNP,skipped,skipped,skipped,skipped,4,6
1226,Lab,SNP,skipped,skipped,skipped,skipped,4,6
1227,Lab,SNP,skipped,skipped,skipped,skipped,4,6
1228,Lab,SNP,Con,SNP,Lab,LD,4,6
1229,Lab,Lab,SNP,SNP,skipped,skipped,4,6
1230,Lab,Lab,SNP,SNP,skipped,skipped,4,6
1231,Lab,Lab,SNP,SNP,skipped,skipped,4,6
1232,Lab,Lab,SNP,SNP,skipped,skipped,4,6
1233,Lab,Lab,SNP,SNP,skipped,skipped,4,6
1234,Lab,Lab,SNP,SNP,skipped,skipped,4,6
1235,Lab,Lab,SNP,SNP,skipped,skipped,4,6
1236,Lab,Lab,SNP,SNP,skipped,skipped,4,6
1237,Lab,Lab,SNP,SNP,skipped,skipped,4,6
1238,Lab,Lab,SNP,SNP,skipped,skipped,4,6
1239,Lab,Lab,SNP,SNP,skipped,skipped,4,6
1240,Lab,Lab,SNP,SNP,skipped,skipped,4,6
1241,Lab,Lab,SNP,SNP,skipped,skipped,4,6
1242,Lab,Lab,SNP,SNP,skipped,skipped,4,6
1243,Lab,Lab,SNP,SNP,skipped,skipped,4,6
1244,Lab,Lab,SNP,SNP,skipped,skipped,4,6
1245,Lab,Lab,SNP,SNP,skipped,skipped,4,6
1246,Lab,Lab,SNP,SNP,skipped,skipped,4,6
1247,Lab,Lab,SNP,SNP,skipped,skipped,4,6
1248,Lab,Lab,SNP,SNP,skipped,skipped,4,6
1249,Lab,Lab,SNP,SNP,skipped,skipped,4,6
1250,Lab,Lab,SNP,SNP,skipped,skipped,4,6
1251,Lab,Lab,SNP,SNP,skipped,skipped,4,6
1252,Lab,Lab,SNP,SNP,skipped,skipped,4,6
1253,Lab,Lab,SNP,SNP,skipped,skipped,4,6
1254,Lab,Lab,SNP,SNP,skipped,skipped,4,6
1255,Lab,Lab,SNP,SNP,skipped,skipped,4,6
1256,Lab,Lab,SNP,SNP,skipped,skipped,4,6
1257,Lab,Lab,SNP,SNP,skipped,skipped,4,6
1258,Lab,Lab,SNP,SNP,skipped,skipped,4,6
1259,Lab,Lab,SNP,SNP,skipped,skipped,4,6
1260,Lab,Lab,SNP,SNP,skipped,skipped,4,6
1261,Lab,Lab,SNP,SNP,skipped,skipped,4,6
1262,Lab,Lab,SNP,SNP,skipped,skipped,4,6
1263,Lab,Lab,SNP,SNP,skipped,skipped,4,6
1264,Lab,Lab,SNP,SNP,skipped,skipped,4,6
1265,Lab,Lab,SNP,SNP,skipped,skipped,4,6
1266,SNP,SNP,Lab,skipped,skipped,skipped,4,6
1267,SNP,SNP,Lab,skipped,skipped,skipped,4,6
1268,SNP,SNP,Lab,skipped,skipped,skipped,4,6
1269,SNP,SNP,Lab,skipped,skipped,skipped,4,6
1270,SNP,SNP,Lab,skipped,skipped,skipped,4,6
1271,SNP,SNP,Lab,skipped,skipped,skipped,4,6
1272,SNP,SNP,Lab,skipped,skipped,skipped,4,6
1273,SNP,SNP,Lab,skipped,skipped,skipped,4,6
1274,SNP,SNP,Lab,skipped,skipped,skipped,4,6
1275,SNP,SNP,Lab,skipped,skipped,skipped,4,6
1276,SNP,SNP,Lab,skipped,skipped,skipped,4,6
1277,SNP,SNP,Lab,skipped,skipped,skipped,4,6
1278,SNP,SNP,Lab,skipped,skipped,skipped,4,6
1279,SNP,SNP,Lab,skipped,skipped,skipped,4,6
1280,SNP,SNP,Lab,skipped,skipped,skipped,4,6
1281,SNP,SNP,Lab,skipped,skipped,skipped,4,6
1282,SNP,SNP,Lab,skipped,skipped,skipped,4,6
1283,SNP,SNP,Lab,skipped,skipped,skipped,4,6
1284,SNP,SNP,Lab,skipped,skipped,skipped,4,6
1285,SNP,SNP,Lab,skipped,skipped,skipped,4,6
1286,SNP,SNP,Lab,skipped,skipped,skipped,4,6
1287,SNP,SNP,Lab,skipped,skipped,skipped,4,6
1288,SNP,SNP,Lab,skipped,skipped,skipped,4,6
1289,SNP,SNP,Lab,skipped,skipped,skipped,4,6
1290,SNP,SNP,Lab,skipped,skipped,skipped,4,6
1291,SNP,SNP,Lab,skipped,skipped,skipped,4,6
1292,SNP,SNP,Lab,skipped,skipped,skipped,4,6
1293,SNP,SNP,Lab,skipped,skipped,skipped,4,6
1294,SNP,SNP,Lab,skipped,skipped,skipped,4,6
1295,SNP,SNP,Lab,skipped,skipped,skipped,4,6
1296,SNP,SNP,Lab,skipped,skipped,skipped,4,6
1297,SNP,SNP,Lab,skipped,skipped,skipped,4,6
1298,SNP,SNP,Lab,skipped,skipped,skipped,4,6
1299,SNP,SNP,Lab,skipped,skipped,skipped,4,6
1300,Con,SNP,Lab,skipped,skipped,skipped,4,6
1301,Con,SNP,Lab,skipped,skipped,skipped,4,6
1302,Con,LD,SNP,Lab,Lab,SNP,4,6
1303,Lab,Con,LD,Lab,skipped,skipped,4,6
1304,Lab,Con,LD,Lab,skipped,skipped,4,6
1305,Con,SNP,SNP,Lab,Lab,LD,4,6
1306,Con,SNP,SNP,Lab,Lab,LD,4,6
1307,LD,SNP,SNP,Lab,Lab,skipped,4,6
1308,Con,SNP,skipped,skipped,skipped,skipped,4,6
1309,Con,SNP,skipped,skipped,skipped,skipped,4,6
1310,Con,SNP,skipped,skipped,skipped,skipped,4,6
1311,Con,LD,Lab,Lab,skipped,skipped,4,6
1312,Con,LD,Lab,Lab,skipped,skipped,4,6
1313,Con,LD,Lab,Lab,skipped,skipped,4,6
1314,Con,LD,Lab,Lab,skipped,skipped,4,6
1315,Con,LD,Lab,Lab,skipped,skipped,4,6
1316,Con,LD,Lab,Lab,skipped,skipped,4,6
1317,Con,LD,Lab,Lab,skipped,skipped,4,6
1318,Con,LD,Lab,Lab,skipped,skipped,4,6
1319,Con,LD,Lab,Lab,skipped,skipped,4,6
1320,Con,LD,Lab,Lab,skipped,skipped,4,6
1321,Con,LD,Lab,Lab,skipped,skipped,4,6
1322,Con,LD,Lab,Lab,skipped,skipped,4,6
1323,Con,LD,Lab,Lab,skipped,skipped,4,6
1324,Con,LD,Lab,Lab,skipped,skipped,4,6
1325,Con,LD,Lab,Lab,skipped,skipped,4,6
1326,Con,LD,Lab,Lab,skipped,skipped,4,6
1327,Con,LD,Lab,Lab,skipped,skipped,4,6
1328,Con,LD,Lab,Lab,skipped,skipped,4,6
1329,Con,LD,Lab,Lab,skipped,skipped,4,6
1330,Con,LD,Lab,Lab,skipped,skipped,4,6
1331,Con,LD,Lab,Lab,skipped,skipped,4,6
1332,Con,LD,Lab,Lab,skipped,skipped,4,6
1333,Con,LD,Lab,Lab,skipped,skipped,4,6
1334,Con,LD,Lab,Lab,skipped,skipped,4,6
1335,Con,LD,Lab,Lab,skipped,skipped,4,6
1336,Con,LD,Lab,Lab,skipped,skipped,4,6
1337,Con,LD,Lab,Lab,skipped,skipped,4,6
1338,Con,LD,Lab,Lab,skipped,skipped,4,6
1339,Con,LD,Lab,Lab,skipped,skipped,4,6
1340,Con,LD,Lab,Lab,skipped,skipped,4,6
1341,Con,LD,Lab,Lab,skipped,skipped,4,6
1342,Lab,SNP,SNP,LD,skipped,skipped,4,6
1343,Lab,LD,skipped,skipped,skipped,skipped,4,6
1344,Lab,LD,skipped,skipped,skipped,skipped,4,6
1345,Lab,LD,skipped,skipped,skipped,skipped,4,6
1346,Lab,LD,skipped,skipped,skipped,skipped,4,6
1347,Lab,LD,skipped,skipped,skipped,skipped,4,6
1348,SNP,Lab,SNP,LD,Con,Lab,4,6
1349,Con,Lab,LD,SNP,SNP,Lab,4,6
1350,Con,Lab,SNP,LD,Lab,SNP,4,6
1351,SNP,SNP,LD,Con,Lab,Lab,4,6
1352,SNP,SNP,LD,Con,Lab,Lab,4,6
1353,SNP,Lab,SNP,Lab,skipped,skipped,4,6
1354,SNP,Lab,SNP,Lab,skipped,skipped,4,6
1355,SNP,Lab,SNP,Lab,skipped,skipped,4,6
1356,SNP,Lab,SNP,Lab,skipped,skipped,4,6
1357,SNP,Con,LD,skipped,skipped,skipped,4,6
1358,SNP,Con,LD,skipped,skipped,skipped,4,6
1359,SNP,Con,LD,skipped,skipped,skipped,4,6
1360,Con,LD,Lab,SNP,SNP,Lab,4,6
1361,LD,SNP,Lab,skipped,skipped,skipped,4,6
1362,LD,SNP,Lab,skipped,skipped,skipped,4,6
1363,SNP,Lab,SNP,Lab,LD,skipped,4,6
1364,SNP,Lab,Lab,SNP,LD,Con,4,6
1365,Lab,Con,Lab,SNP,SNP,LD,4,6
1366,Lab,Lab,SNP,SNP,skipped,skipped,4,6
1367,Lab,Lab,SNP,SNP,skipped,skipped,4,6
1368,Lab,Lab,SNP,SNP,skipped,skipped,4,6
1369,Lab,Lab,SNP,SNP,skipped,skipped,4,6
1370,Lab,Lab,SNP,SNP,skipped,skipped,4,6
1371,Lab,Lab,SNP,SNP,skipped,skipped,4,6
1372,Lab,Lab,SNP,SNP,skipped,skipped,4,6
1373,Lab,Lab,SNP,SNP,skipped,skipped,4,6
1374,Lab,Lab,SNP,SNP,skipped,skipped,4,6
1375,SNP,Con,skipped,skipped,skipped,skipped,4,6
1376,SNP,Con,skipped,skipped,skipped,skipped,4,6
1377,SNP,Con,skipped,skipped,skipped,skipped,4,6
1378,SNP,Con,skipped,skipped,skipped,skipped,4,6
1379,Lab,Con,Lab,LD,skipped,skipped,4,6
1380,Lab,Con,Lab,LD,skipped,skipped,4,6
1381,Lab,Con,Lab,LD,skipped,skipped,4,6
1382,Lab,Con,skipped,skipped,skipped,skipped,4,6
1383,Lab,Con,skipped,skipped,skipped,skipped,4,6
1384,Lab,Con,skipped,skipped,skipped,skipped,4,6
1385,Lab,Con,skipped,skipped,skipped,skipped,4,6
1386,Lab,Con,skipped,skipped,skipped,skipped,4,6
1387,Lab,Con,skipped,skipped,skipped,skipped,4,6
1388,Lab,Con,skipped,skipped,skipped,skipped,4,6
1389,Lab,Con,skipped,skipped,skipped,skipped,4,6
1390,Lab,Con,skipped,skipped,skipped,skipped,4,6
1391,Lab,Con,skipped,skipped,skipped,skipped,4,6
1392,Lab,Con,skipped,skipped,skipped,skipped,4,6
1393,Lab,Con,skipped,skipped,skipped,skipped,4,6
1394,Lab,Con,skipped,skipped,skipped,skipped,4,6
1395,Lab,Con,skipped,skipped,skipped,skipped,4,6
1396,Lab,Con,skipped,skipped,skipped,skipped,4,6
1397,Lab,Con,skipped,skipped,skipped,skipped,4,6
1398,Lab,Con,skipped,skipped,skipped,skipped,4,6
1399,Lab,Con,skipped,skipped,skipped,skipped,4,6
1400,Lab,Con,skipped,skipped,skipped,skipped,4,6
1401,Lab,Lab,SNP,SNP,LD,skipped,4,6
1402,Lab,Lab,SNP,SNP,LD,skipped,4,6
1403,SNP,SNP,Lab,Con,Lab,LD,4,6
1404,Con,Lab,LD,Lab,SNP,SNP,4,6
1405,Con,Lab,LD,Lab,SNP,SNP,4,6
1406,Con,Lab,LD,Lab,SNP,SNP,4,6
1407,Con,Lab,LD,Lab,SNP,SNP,4,6
1408,Con,Lab,LD,Lab,SNP,SNP,4,6
1409,SNP,SNP,Lab,skipped,skipped,skipped,4,6
1410,SNP,SNP,Lab,skipped,skipped,skipped,4,6
1411,SNP,SNP,Lab,skipped,skipped,skipped,4,6
1412,SNP,SNP,Lab,skipped,skipped,skipped,4,6
1413,SNP,SNP,Lab,skipped,skipped,skipped,4,6
1414,SNP,SNP,Lab,skipped,skipped,skipped,4,6
1415,SNP,SNP,Lab,skipped,skipped,skipped,4,6
1416,SNP,SNP,Lab,skipped,skipped,skipped,4,6
1417,SNP,SNP,Lab,skipped,skipped,skipped,4,6
1418,SNP,SNP,Lab,skipped,skipped,skipped,4,6
1419,SNP,SNP,Lab,skipped,skipped,skipped,4,6
1420,SNP,SNP,Lab,skipped,skipped,skipped,4,6
1421,SNP,SNP,Lab,skipped,skipped,skipped,4,6
1422,SNP,SNP,Lab,skipped,skipped,skipped,4,6
1423,SNP,SNP,Lab,skipped,skipped,skipped,4,6
1424,SNP,SNP,Lab,skipped,skipped,skipped,4,6
1425,SNP,SNP,Lab,skipped,skipped,skipped,4,6
1426,SNP,SNP,Lab,skipped,skipped,skipped,4,6
1427,SNP,SNP,Lab,skipped,skipped,skipped,4,6
1428,SNP,SNP,Lab,skipped,skipped,skipped,4,6
1429,SNP,SNP,Lab,skipped,skipped,skipped,4,6
1430,SNP,SNP,Lab,skipped,skipped,skipped,4,6
1431,SNP,SNP,Lab,skipped,skipped,skipped,4,6
1432,SNP,SNP,Lab,skipped,skipped,skipped,4,6
1433,SNP,SNP,Lab,skipped,skipped,skipped,4,6
1434,SNP,SNP,Lab,skipped,skipped,skipped,4,6
1435,SNP,SNP,Lab,skipped,skipped,skipped,4,6
1436,SNP,SNP,Lab,skipped,skipped,skipped,4,6
1437,SNP,SNP,Lab,skipped,skipped,skipped,4,6
1438,SNP,SNP,Lab,skipped,skipped,skipped,4,6
1439,SNP,SNP,Lab,skipped,skipped,skipped,4,6
1440,SNP,SNP,Lab,skipped,skipped,skipped,4,6
1441,SNP,SNP,Lab,Lab,Con,LD,4,6
1442,SNP,SNP,Lab,Lab,Con,LD,4,6
1443,SNP,SNP,Lab,Lab,Con,LD,4,6
1444,SNP,SNP,Lab,Lab,Con,LD,4,6
1445,SNP,SNP,Lab,Lab,Con,LD,4,6
1446,SNP,SNP,Lab,Lab,Con,LD,4,6
1447,SNP,SNP,Lab,Lab,Con,LD,4,6
1448,SNP,SNP,Lab,Lab,Con,LD,4,6
1449,LD,Lab,SNP,Lab,SNP,Con,4,6
1450,SNP,SNP,Lab,Con,Lab,LD,4,6
1451,SNP,SNP,LD,Lab,Lab,Con,4,6
1452,SNP,SNP,LD,Lab,Lab,Con,4,6
1453,SNP,SNP,LD,Lab,Lab,Con,4,6
1454,SNP,SNP,LD,Lab,Lab,Con,4,6
1455,SNP,SNP,LD,Lab,Lab,Con,4,6
1456,SNP,SNP,LD,Lab,Lab,Con,4,6
1457,SNP,SNP,LD,Lab,Lab,Con,4,6
1458,SNP,SNP,LD,Lab,Lab,Con,4,6
1459,SNP,SNP,LD,Lab,Lab,Con,4,6
1460,SNP,SNP,LD,Lab,Lab,Con,4,6
1461,SNP,SNP,LD,Lab,Lab,Con,4,6
1462,SNP,SNP,LD,Lab,Lab,Con,4,6
1463,SNP,SNP,LD,Lab,Lab,Con,4,6
1464,SNP,SNP,LD,Lab,Lab,Con,4,6
1465,SNP,SNP,LD,Lab,Lab,Con,4,6
1466,SNP,SNP,LD,Lab,Lab,Con,4,6
1467,SNP,SNP,LD,Lab,Lab,Con,4,6
1468,SNP,SNP,LD,Lab,Lab,Con,4,6
1469,SNP,SNP,LD,Lab,Lab,Con,4,6
1470,SNP,SNP,LD,Lab,Lab,Con,4,6
1471,LD,Con,SNP,SNP,skipped,skipped,4,6
1472,SNP,Lab,Lab,SNP,Con,LD,4,6
1473,Lab,LD,Lab,skipped,skipped,skipped,4,6
1474,Lab,skipped,skipped,skipped,skipped,skipped,4,6
1475,Lab,skipped,skipped,skipped,skipped,skipped,4,6
1476,Lab,skipped,skipped,skipped,skipped,skipped,4,6
1477,Lab,skipped,skipped,skipped,skipped,skipped,4,6
1478,Lab,skipped,skipped,skipped,skipped,skipped,4,6
1479,Lab,skipped,skipped,skipped,skipped,skipped,4,6
1480,Lab,skipped,skipped,skipped,skipped,skipped,4,6
1481,Lab,skipped,skipped,skipped,skipped,skipped,4,6
1482,Lab,skipped,skipped,skipped,skipped,skipped,4,6
1483,Lab,skipped,skipped,skipped,skipped,skipped,4,6
1484,Lab,skipped,skipped,skipped,skipped,skipped,4,6
1485,Lab,skipped,skipped,skipped,skipped,skipped,4,6
1486,Lab,skipped,skipped,skipped,skipped,skipped,4,6
1487,Lab,skipped,skipped,skipped,skipped,skipped,4,6
1488,Lab,skipped,skipped,skipped,skipped,skipped,4,6
1489,Lab,skipped,skipped,skipped,skipped,skipped,4,6
1490,Lab,skipped,skipped,skipped,skipped,skipped,4,6
1491,Lab,skipped,skipped,skipped,skipped,skipped,4,6
1492,Lab,skipped,skipped,skipped,skipped,skipped,4,6
1493,Lab,skipped,skipped,skipped,skipped,skipped,4,6
1494,Lab,skipped,skipped,skipped,skipped,skipped,4,6
1495,Lab,skipped,skipped,skipped,skipped,skipped,4,6
1496,Lab,skipped,skipped,skipped,skipped,skipped,4,6
1497,Lab,skipped,skipped,skipped,skipped,skipped,4,6
1498,Lab,skipped,skipped,skipped,skipped,skipped,4,6
1499,Lab,skipped,skipped,skipped,skipped,skipped,4,6
1500,Lab,skipped,skipped,skipped,skipped,skipped,4,6
1501,Lab,skipped,skipped,skipped,skipped,skipped,4,6
1502,Lab,skipped,skipped,skipped,skipped,skipped,4,6
1503,Lab,skipped,skipped,skipped,skipped,skipped,4,6
1504,Lab,skipped,skipped,skipped,skipped,skipped,4,6
1505,Lab,skipped,skipped,skipped,skipped,skipped,4,6
1506,Lab,skipped,skipped,skipped,skipped,skipped,4,6
1507,Lab,skipped,skipped,skipped,skipped,skipped,4,6
1508,Lab,skipped,skipped,skipped,skipped,skipped,4,6
1509,Lab,skipped,skipped,skipped,skipped,skipped,4,6
1510,Lab,skipped,skipped,skipped,skipped,skipped,4,6
1511,Lab,skipped,skipped,skipped,skipped,skipped,4,6
1512,Lab,skipped,skipped,skipped,skipped,skipped,4,6
1513,Lab,skipped,skipped,skipped,skipped,skipped,4,6
1514,Lab,skipped,skipped,skipped,skipped,skipped,4,6
1515,Lab,skipped,skipped,skipped,skipped,skipped,4,6
1516,Lab,skipped,skipped,skipped,skipped,skipped,4,6
1517,Lab,skipped,skipped,skipped,skipped,skipped,4,6
1518,Lab,skipped,skipped,skipped,skipped,skipped,4,6
1519,Lab,skipped,skipped,skipped,skipped,skipped,4,6
1520,Lab,skipped,skipped,skipped,skipped,skipped,4,6
1521,Lab,skipped,skipped,skipped,skipped,skipped,4,6
1522,Lab,skipped,skipped,skipped,skipped,skipped,4,6
1523,Lab,skipped,skipped,skipped,skipped,skipped,4,6
1524,Lab,skipped,skipped,skipped,skipped,skipped,4,6
1525,SNP,SNP,Lab,Lab,Con,LD,4,6
1526,SNP,SNP,Lab,Lab,Con,LD,4,6
1527,SNP,SNP,Lab,Lab,Con,LD,4,6
1528,SNP,SNP,Lab,Lab,Con,LD,4,6
1529,SNP,SNP,Lab,Lab,Con,LD,4,6
1530,SNP,SNP,Con,skipped,skipped,skipped,4,6
1531,SNP,SNP,Con,skipped,skipped,skipped,4,6
1532,SNP,SNP,Con,skipped,skipped,skipped,4,6
1533,SNP,SNP,Con,skipped,skipped,skipped,4,6
1534,SNP,SNP,Con,skipped,skipped,skipped,4,6
1535,LD,Con,SNP,Lab,Lab,SNP,4,6
1536,Con,skipped,skipped,skipped,skipped,skipped,4,6
1537,Con,skipped,skipped,skipped,skipped,skipped,4,6
1538,Con,skipped,skipped,skipped,skipped,skipped,4,6
1539,Con,skipped,skipped,skipped,skipped,skipped,4,6
1540,Con,skipped,skipped,skipped,skipped,skipped,4,6
1541,Con,skipped,skipped,skipped,skipped,skipped,4,6
1542,Con,skipped,skipped,skipped,skipped,skipped,4,6
1543,Con,skipped,skipped,skipped,skipped,skipped,4,6
1544,Con,skipped,skipped,skipped,skipped,skipped,4,6
1545,Con,skipped,skipped,skipped,skipped,skipped,4,6
1546,Con,skipped,skipped,skipped,skipped,skipped,4,6
1547,Con,skipped,skipped,skipped,skipped,skipped,4,6
1548,Con,skipped,skipped,skipped,skipped,skipped,4,6
1549,Con,skipped,skipped,skipped,skipped,skipped,4,6
1550,Con,skipped,skipped,skipped,skipped,skipped,4,6
1551,Con,skipped,skipped,skipped,skipped,skipped,4,6
1552,Con,skipped,skipped,skipped,skipped,skipped,4,6
1553,Con,skipped,skipped,skipped,skipped,skipped,4,6
1554,Con,skipped,skipped,skipped,skipped,skipped,4,6
1555,Con,skipped,skipped,skipped,skipped,skipped,4,6
1556,Con,skipped,skipped,skipped,skipped,skipped,4,6
1557,Con,skipped,skipped,skipped,skipped,skipped,4,6
1558,Con,skipped,skipped,skipped,skipped,skipped,4,6
1559,Con,skipped,skipped,skipped,skipped,skipped,4,6
1560,Con,skipped,skipped,skipped,skipped,skipped,4,6
1561,Con,skipped,skipped,skipped,skipped,skipped,4,6
1562,Con,skipped,skipped,skipped,skipped,skipped,4,6
1563,Con,skipped,skipped,skipped,skipped,skipped,4,6
1564,Con,skipped,skipped,skipped,skipped,skipped,4,6
1565,Con,skipped,skipped,skipped,skipped,skipped,4,6
1566,Con,skipped,skipped,skipped,skipped,skipped,4,6
1567,Con,skipped,skipped,skipped,skipped,skipped,4,6
1568,Con,skipped,skipped,skipped,skipped,skipped,4,6
1569,Con,skipped,skipped,skipped,skipped,skipped,4,6
1570,Con,skipped,skipped,skipped,skipped,skipped,4,6
1571,Con,skipped,skipped,skipped,skipped,skipped,4,6
1572,Con,skipped,skipped,skipped,skipped,skipped,4,6
1573,Con,skipped,skipped,skipped,skipped,skipped,4,6
1574,Con,skipped,skipped,skipped,skipped,skipped,4,6
1575,Con,skipped,skipped,skipped,skipped,skipped,4,6
1576,Con,skipped,skipped,skipped,skipped,skipped,4,6
1577,Con,skipped,skipped,skipped,skipped,skipped,4,6
1578,Con,skipped,skipped,skipped,skipped,skipped,4,6
1579,Con,skipped,skipped,skipped,skipped,skipped,4,6
1580,Con,skipped,skipped,skipped,skipped,skipped,4,6
1581,Con,skipped,skipped,skipped,skipped,skipped,4,6
1582,Con,skipped,skipped,skipped,skipped,skipped,4,6
1583,Con,skipped,skipped,skipped,skipped,skipped,4,6
1584,Con,skipped,skipped,skipped,skipped,skipped,4,6
1585,Con,skipped,skipped,skipped,skipped,skipped,4,6
1586,Con,skipped,skipped,skipped,skipped,skipped,4,6
1587,Con,skipped,skipped,skipped,skipped,skipped,4,6
1588,Con,skipped,skipped,skipped,skipped,skipped,4,6
1589,Con,skipped,skipped,skipped,skipped,skipped,4,6
1590,Con,skipped,skipped,skipped,skipped,skipped,4,6
1591,Con,skipped,skipped,skipped,skipped,skipped,4,6
1592,Con,skipped,skipped,skipped,skipped,skipped,4,6
1593,Con,skipped,skipped,skipped,skipped,skipped,4,6
1594,Con,skipped,skipped,skipped,skipped,skipped,4,6
1595,Con,skipped,skipped,skipped,skipped,skipped,4,6
1596,Con,skipped,skipped,skipped,skipped,skipped,4,6
1597,Con,skipped,skipped,skipped,skipped,skipped,4,6
1598,Con,skipped,skipped,skipped,skipped,skipped,4,6
1599,Con,skipped,skipped,skipped,skipped,skipped,4,6
1600,Con,skipped,skipped,skipped,skipped,skipped,4,6
1601,Con,skipped,skipped,skipped,skipped,skipped,4,6
1602,Con,skipped,skipped,skipped,skipped,skipped,4,6
1603,Con,skipped,skipped,skipped,skipped,skipped,4,6
1604,Con,skipped,skipped,skipped,skipped,skipped,4,6
1605,Con,skipped,skipped,skipped,skipped,skipped,4,6
1606,Con,skipped,skipped,skipped,skipped,skipped,4,6
1607,Con,skipped,skipped,skipped,skipped,skipped,4,6
1608,Con,skipped,skipped,skipped,skipped,skipped,4,6
1609,Con,skipped,skipped,skipped,skipped,skipped,4,6
1610,Con,skipped,skipped,skipped,skipped,skipped,4,6
1611,Con,skipped,skipped,skipped,skipped,skipped,4,6
1612,Con,skipped,skipped,skipped,skipped,skipped,4,6
1613,Con,skipped,skipped,skipped,skipped,skipped,4,6
1614,Con,skipped,skipped,skipped,skipped,skipped,4,6
1615,Con,skipped,skipped,skipped,skipped,skipped,4,6
1616,Con,skipped,skipped,skipped,skipped,skipped,4,6
1617,Con,skipped,skipped,skipped,skipped,skipped,4,6
1618,Con,skipped,skipped,skipped,skipped,skipped,4,6
1619,Con,skipped,skipped,skipped,skipped,skipped,4,6
1620,Con,skipped,skipped,skipped,skipped,skipped,4,6
1621,Con,skipped,skipped,skipped,skipped,skipped,4,6
1622,Con,skipped,skipped,skipped,skipped,skipped,4,6
1623,Con,skipped,skipped,skipped,skipped,skipped,4,6
1624,Con,skipped,skipped,skipped,skipped,skipped,4,6
1625,Con,skipped,skipped,skipped,skipped,skipped,4,6
1626,Con,skipped,skipped,skipped,skipped,skipped,4,6
1627,Con,skipped,skipped,skipped,skipped,skipped,4,6
1628,Con,skipped,skipped,skipped,skipped,skipped,4,6
1629,Con,skipped,skipped,skipped,skipped,skipped,4,6
1630,Con,skipped,skipped,skipped,skipped,skipped,4,6
1631,Con,skipped,skipped,skipped,skipped,skipped,4,6
1632,Con,skipped,skipped,skipped,skipped,skipped,4,6
1633,Con,skipped,skipped,skipped,skipped,skipped,4,6
1634,Con,skipped,skipped,skipped,skipped,skipped,4,6
1635,Con,skipped,skipped,skipped,skipped,skipped,4,6
1636,Con,skipped,skipped,skipped,skipped,skipped,4,6
1637,Con,skipped,skipped,skipped,skipped,skipped,4,6
1638,Con,skipped,skipped,skipped,skipped,skipped,4,6
1639,Con,skipped,skipped,skipped,skipped,skipped,4,6
1640,Con,skipped,skipped,skipped,skipped,skipped,4,6
1641,Con,skipped,skipped,skipped,skipped,skipped,4,6
1642,Con,skipped,skipped,skipped,skipped,skipped,4,6
1643,Con,skipped,skipped,skipped,skipped,skipped,4,6
1644,Con,skipped,skipped,skipped,skipped,skipped,4,6
1645,Con,skipped,skipped,skipped,skipped,skipped,4,6
1646,Con,skipped,skipped,skipped,skipped,skipped,4,6
1647,Con,skipped,skipped,skipped,skipped,skipped,4,6
1648,Con,skipped,skipped,skipped,skipped,skipped,4,6
1649,Con,skipped,skipped,skipped,skipped,skipped,4,6
1650,Con,skipped,skipped,skipped,skipped,skipped,4,6
1651,Con,skipped,skipped,skipped,skipped,skipped,4,6
1652,Con,skipped,skipped,skipped,skipped,skipped,4,6
1653,Con,skipped,skipped,skipped,skipped,skipped,4,6
1654,Con,skipped,skipped,skipped,skipped,skipped,4,6
1655,Con,skipped,skipped,skipped,skipped,skipped,4,6
1656,Con,skipped,skipped,skipped,skipped,skipped,4,6
1657,Con,skipped,skipped,skipped,skipped,skipped,4,6
1658,Con,skipped,skipped,skipped,skipped,skipped,4,6
1659,Con,skipped,skipped,skipped,skipped,skipped,4,6
1660,Con,skipped,skipped,skipped,skipped,skipped,4,6
1661,Con,skipped,skipped,skipped,skipped,skipped,4,6
1662,Con,skipped,skipped,skipped,skipped,skipped,4,6
1663,Con,skipped,skipped,skipped,skipped,skipped,4,6
1664,Con,skipped,skipped,skipped,skipped,skipped,4,6
1665,Con,skipped,skipped,skipped,skipped,skipped,4,6
1666,Con,skipped,skipped,skipped,skipped,skipped,4,6
1667,Con,skipped,skipped,skipped,skipped,skipped,4,6
1668,Con,skipped,skipped,skipped,skipped,skipped,4,6
1669,Con,skipped,skipped,skipped,skipped,skipped,4,6
1670,Con,skipped,skipped,skipped,skipped,skipped,4,6
1671,Con,skipped,skipped,skipped,skipped,skipped,4,6
1672,Con,skipped,skipped,skipped,skipped,skipped,4,6
1673,Con,skipped,skipped,skipped,skipped,skipped,4,6
1674,Con,skipped,skipped,skipped,skipped,skipped,4,6
1675,Con,skipped,skipped,skipped,skipped,skipped,4,6
1676,Con,skipped,skipped,skipped,skipped,skipped,4,6
1677,Con,skipped,skipped,skipped,skipped,skipped,4,6
1678,Con,skipped,skipped,skipped,skipped,skipped,4,6
1679,Con,skipped,skipped,skipped,skipped,skipped,4,6
1680,Con,skipped,skipped,skipped,skipped,skipped,4,6
1681,Con,skipped,skipped,skipped,skipped,skipped,4,6
1682,Con,skipped,skipped,skipped,skipped,skipped,4,6
1683,Con,skipped,skipped,skipped,skipped,skipped,4,6
1684,Con,skipped,skipped,skipped,skipped,skipped,4,6
1685,Con,skipped,skipped,skipped,skipped,skipped,4,6
1686,Con,skipped,skipped,skipped,skipped,skipped,4,6
1687,Con,skipped,skipped,skipped,skipped,skipped,4,6
1688,Con,skipped,skipped,skipped,skipped,skipped,4,6
1689,Con,skipped,skipped,skipped,skipped,skipped,4,6
1690,Con,skipped,skipped,skipped,skipped,skipped,4,6
1691,Con,skipped,skipped,skipped,skipped,skipped,4,6
1692,Con,skipped,skipped,skipped,skipped,skipped,4,6
1693,Con,skipped,skipped,skipped,skipped,skipped,4,6
1694,Con,skipped,skipped,skipped,skipped,skipped,4,6
1695,Con,skipped,skipped,skipped,skipped,skipped,4,6
1696,Con,skipped,skipped,skipped,skipped,skipped,4,6
1697,Con,skipped,skipped,skipped,skipped,skipped,4,6
1698,Con,skipped,skipped,skipped,skipped,skipped,4,6
1699,Con,skipped,skipped,skipped,skipped,skipped,4,6
1700,Con,skipped,skipped,skipped,skipped,skipped,4,6
1701,Con,skipped,skipped,skipped,skipped,skipped,4,6
1702,Con,skipped,skipped,skipped,skipped,skipped,4,6
1703,Con,skipped,skipped,skipped,skipped,skipped,4,6
1704,Con,skipped,skipped,skipped,skipped,skipped,4,6
1705,Con,skipped,skipped,skipped,skipped,skipped,4,6
1706,Con,skipped,skipped,skipped,skipped,skipped,4,6
1707,Con,skipped,skipped,skipped,skipped,skipped,4,6
1708,Con,skipped,skipped,skipped,skipped,skipped,4,6
1709,Con,skipped,skipped,skipped,skipped,skipped,4,6
1710,Con,skipped,skipped,skipped,skipped,skipped,4,6
1711,Con,skipped,skipped,skipped,skipped,skipped,4,6
1712,Con,skipped,skipped,skipped,skipped,skipped,4,6
1713,Con,skipped,skipped,skipped,skipped,skipped,4,6
1714,Con,skipped,skipped,skipped,skipped,skipped,4,6
1715,Con,skipped,skipped,skipped,skipped,skipped,4,6
1716,Con,skipped,skipped,skipped,skipped,skipped,4,6
1717,Con,skipped,skipped,skipped,skipped,skipped,4,6
1718,Con,skipped,skipped,skipped,skipped,skipped,4,6
1719,Con,skipped,skipped,skipped,skipped,skipped,4,6
1720,Con,skipped,skipped,skipped,skipped,skipped,4,6
1721,Con,skipped,skipped,skipped,skipped,skipped,4,6
1722,Con,skipped,skipped,skipped,skipped,skipped,4,6
1723,Con,skipped,skipped,skipped,skipped,skipped,4,6
1724,Con,skipped,skipped,skipped,skipped,skipped,4,6
1725,Con,skipped,skipped,skipped,skipped,skipped,4,6
1726,Con,skipped,skipped,skipped,skipped,skipped,4,6
1727,Con,skipped,skipped,skipped,skipped,skipped,4,6
1728,Con,skipped,skipped,skipped,skipped,skipped,4,6
1729,Con,skipped,skipped,skipped,skipped,skipped,4,6
1730,Con,skipped,skipped,skipped,skipped,skipped,4,6
1731,Con,skipped,skipped,skipped,skipped,skipped,4,6
1732,Con,skipped,skipped,skipped,skipped,skipped,4,6
1733,Con,skipped,skipped,skipped,skipped,skipped,4,6
1734,Con,skipped,skipped,skipped,skipped,skipped,4,6
1735,Con,skipped,skipped,skipped,skipped,skipped,4,6
1736,Con,skipped,skipped,skipped,skipped,skipped,4,6
1737,Con,skipped,skipped,skipped,skipped,skipped,4,6
1738,Con,skipped,skipped,skipped,skipped,skipped,4,6
1739,Con,skipped,skipped,skipped,skipped,skipped,4,6
1740,Con,skipped,skipped,skipped,skipped,skipped,4,6
1741,Con,skipped,skipped,skipped,skipped,skipped,4,6
1742,Con,skipped,skipped,skipped,skipped,skipped,4,6
1743,Con,skipped,skipped,skipped,skipped,skipped,4,6
1744,Con,skipped,skipped,skipped,skipped,skipped,4,6
1745,Con,skipped,skipped,skipped,skipped,skipped,4,6
1746,Con,skipped,skipped,skipped,skipped,skipped,4,6
1747,Con,skipped,skipped,skipped,skipped,skipped,4,6
1748,Con,skipped,skipped,skipped,skipped,skipped,4,6
1749,Con,skipped,skipped,skipped,skipped,skipped,4,6
1750,Con,skipped,skipped,skipped,skipped,skipped,4,6
1751,Con,skipped,skipped,skipped,skipped,skipped,4,6
1752,Con,skipped,skipped,skipped,skipped,skipped,4,6
1753,Con,skipped,skipped,skipped,skipped,skipped,4,6
1754,Con,skipped,skipped,skipped,skipped,skipped,4,6
1755,Con,skipped,skipped,skipped,skipped,skipped,4,6
1756,Con,skipped,skipped,skipped,skipped,skipped,4,6
1757,Con,skipped,skipped,skipped,skipped,skipped,4,6
1758,Con,skipped,skipped,skipped,skipped,skipped,4,6
1759,Con,skipped,skipped,skipped,skipped,skipped,4,6
1760,Con,skipped,skipped,skipped,skipped,skipped,4,6
1761,Con,skipped,skipped,skipped,skipped,skipped,4,6
1762,Con,skipped,skipped,skipped,skipped,skipped,4,6
1763,Con,skipped,skipped,skipped,skipped,skipped,4,6
1764,Con,skipped,skipped,skipped,skipped,skipped,4,6
1765,Con,skipped,skipped,skipped,skipped,skipped,4,6
1766,Con,skipped,skipped,skipped,skipped,skipped,4,6
1767,Con,skipped,skipped,skipped,skipped,skipped,4,6
1768,Con,skipped,skipped,skipped,skipped,skipped,4,6
1769,Con,skipped,skipped,skipped,skipped,skipped,4,6
1770,Con,skipped,skipped,skipped,skipped,skipped,4,6
1771,Con,skipped,skipped,skipped,skipped,skipped,4,6
1772,Con,skipped,skipped,skipped,skipped,skipped,4,6
1773,Con,skipped,skipped,skipped,skipped,skipped,4,6
1774,Con,skipped,skipped,skipped,skipped,skipped,4,6
1775,Con,skipped,skipped,skipped,skipped,skipped,4,6
1776,Con,skipped,skipped,skipped,skipped,skipped,4,6
1777,Con,skipped,skipped,skipped,skipped,skipped,4,6
1778,Con,skipped,skipped,skipped,skipped,skipped,4,6
1779,Con,skipped,skipped,skipped,skipped,skipped,4,6
1780,Con,skipped,skipped,skipped,skipped,skipped,4,6
1781,Con,skipped,skipped,skipped,skipped,skipped,4,6
1782,Con,skipped,skipped,skipped,skipped,skipped,4,6
1783,Con,skipped,skipped,skipped,skipped,skipped,4,6
1784,Con,skipped,skipped,skipped,skipped,skipped,4,6
1785,Con,skipped,skipped,skipped,skipped,skipped,4,6
1786,Con,skipped,skipped,skipped,skipped,skipped,4,6
1787,Con,skipped,skipped,skipped,skipped,skipped,4,6
1788,Con,skipped,skipped,skipped,skipped,skipped,4,6
1789,Con,skipped,skipped,skipped,skipped,skipped,4,6
1790,Con,skipped,skipped,skipped,skipped,skipped,4,6
1791,Con,skipped,skipped,skipped,skipped,skipped,4,6
1792,Con,skipped,skipped,skipped,skipped,skipped,4,6
1793,Con,skipped,skipped,skipped,skipped,skipped,4,6
1794,Con,skipped,skipped,skipped,skipped,skipped,4,6
1795,Con,skipped,skipped,skipped,skipped,skipped,4,6
1796,Con,skipped,skipped,skipped,skipped,skipped,4,6
1797,Con,skipped,skipped,skipped,skipped,skipped,4,6
1798,Con,skipped,skipped,skipped,skipped,skipped,4,6
1799,Con,skipped,skipped,skipped,skipped,skipped,4,6
1800,Con,skipped,skipped,skipped,skipped,skipped,4,6
1801,Con,skipped,skipped,skipped,skipped,skipped,4,6
1802,Con,skipped,skipped,skipped,skipped,skipped,4,6
1803,Con,skipped,skipped,skipped,skipped,skipped,4,6
1804,Con,skipped,skipped,skipped,skipped,skipped,4,6
1805,Con,skipped,skipped,skipped,skipped,skipped,4,6
1806,Con,skipped,skipped,skipped,skipped,skipped,4,6
1807,Con,skipped,skipped,skipped,skipped,skipped,4,6
1808,Con,skipped,skipped,skipped,skipped,skipped,4,6
1809,Con,skipped,skipped,skipped,skipped,skipped,4,6
1810,Con,skipped,skipped,skipped,skipped,skipped,4,6
1811,Lab,Lab,LD,skipped,skipped,skipped,4,6
1812,Lab,Lab,LD,skipped,skipped,skipped,4,6
1813,Lab,Lab,LD,skipped,skipped,skipped,4,6
1814,Lab,Lab,LD,skipped,skipped,skipped,4,6
1815,Lab,Lab,LD,skipped,skipped,skipped,4,6
1816,Lab,Lab,LD,skipped,skipped,skipped,4,6
1817,Lab,Lab,LD,skipped,skipped,skipped,4,6
1818,Lab,Lab,LD,skipped,skipped,skipped,4,6
1819,Lab,Lab,LD,skipped,skipped,skipped,4,6
1820,Lab,Lab,LD,skipped,skipped,skipped,4,6
1821,Lab,Lab,LD,skipped,skipped,skipped,4,6
1822,Lab,Lab,LD,skipped,skipped,skipped,4,6
1823,Lab,Lab,LD,skipped,skipped,skipped,4,6
1824,Lab,Lab,LD,skipped,skipped,skipped,4,6
1825,Lab,Lab,LD,skipped,skipped,skipped,4,6
1826,Lab,Lab,LD,skipped,skipped,skipped,4,6
1827,Lab,Lab,LD,skipped,skipped,skipped,4,6
1828,Lab,Lab,LD,skipped,skipped,skipped,4,6
1829,Lab,Lab,LD,skipped,skipped,skipped,4,6
1830,Lab,Lab,LD,skipped,skipped,skipped,4,6
1831,Lab,Lab,LD,skipped,skipped,skipped,4,6
1832,Lab,Lab,LD,skipped,skipped,skipped,4,6
1833,Lab,Lab,LD,skipped,skipped,skipped,4,6
1834,Lab,Lab,LD,skipped,skipped,skipped,4,6
1835,Lab,Lab,LD,skipped,skipped,skipped,4,6
1836,Lab,Lab,LD,skipped,skipped,skipped,4,6
1837,Lab,Lab,LD,skipped,skipped,skipped,4,6
1838,Lab,Lab,LD,skipped,skipped,skipped,4,6
1839,Lab,Lab,LD,skipped,skipped,skipped,4,6
1840,Lab,Lab,LD,skipped,skipped,skipped,4,6
1841,Lab,Lab,LD,skipped,skipped,skipped,4,6
1842,Lab,Lab,LD,skipped,skipped,skipped,4,6
1843,Lab,Lab,LD,skipped,skipped,skipped,4,6
1844,Lab,Lab,LD,skipped,skipped,skipped,4,6
1845,Lab,Lab,LD,skipped,skipped,skipped,4,6
1846,Lab,Lab,LD,skipped,skipped,skipped,4,6
1847,Lab,Lab,LD,skipped,skipped,skipped,4,6
1848,Lab,Lab,LD,skipped,skipped,skipped,4,6
1849,Lab,Lab,LD,skipped,skipped,skipped,4,6
1850,Lab,Lab,LD,skipped,skipped,skipped,4,6
1851,Lab,Lab,LD,skipped,skipped,skipped,4,6
1852,Lab,Lab,LD,skipped,skipped,skipped,4,6
1853,Lab,Lab,LD,skipped,skipped,skipped,4,6
1854,Lab,Lab,LD,skipped,skipped,skipped,4,6
1855,Lab,Lab,LD,skipped,skipped,skipped,4,6
1856,Lab,Lab,LD,skipped,skipped,skipped,4,6
1857,Lab,Lab,LD,skipped,skipped,skipped,4,6
1858,Lab,Lab,LD,skipped,skipped,skipped,4,6
1859,Lab,Lab,LD,skipped,skipped,skipped,4,6
1860,Lab,Lab,LD,skipped,skipped,skipped,4,6
1861,Lab,Lab,LD,skipped,skipped,skipped,4,6
1862,Lab,Lab,LD,skipped,skipped,skipped,4,6
1863,Lab,Lab,LD,skipped,skipped,skipped,4,6
1864,Lab,Lab,LD,skipped,skipped,skipped,4,6
1865,Con,Lab,Lab,LD,SNP,SNP,4,6
1866,Con,Lab,Lab,LD,SNP,SNP,4,6
1867,Con,Lab,Lab,LD,SNP,SNP,4,6
1868,Con,Lab,Lab,LD,SNP,SNP,4,6
1869,Con,LD,SNP,SNP,Lab,Lab,4,6
1870,Lab,Lab,LD,SNP,SNP,skipped,4,6
1871,Lab,Lab,LD,SNP,SNP,Con,4,6
1872,Lab,Lab,LD,SNP,SNP,Con,4,6
1873,Lab,Lab,LD,SNP,SNP,Con,4,6
1874,Lab,Lab,LD,SNP,SNP,Con,4,6
1875,Lab,Lab,LD,SNP,SNP,Con,4,6
1876,Lab,Lab,LD,SNP,SNP,Con,4,6
1877,Lab,Lab,LD,SNP,SNP,Con,4,6
1878,Lab,Lab,LD,SNP,SNP,Con,4,6
1879,LD,SNP,Lab,Con,SNP,Lab,4,6
1880,Lab,Con,SNP,skipped,skipped,skipped,4,6
1881,SNP,LD,SNP,Lab,Lab,skipped,4,6
1882,SNP,Lab,Lab,SNP,skipped,skipped,4,6
1883,SNP,Lab,Lab,SNP,skipped,skipped,4,6
1884,Con,Lab,Lab,SNP,SNP,LD,4,6
1885,Con,Lab,Lab,SNP,SNP,LD,4,6
1886,Con,Lab,Lab,SNP,SNP,LD,4,6
1887,Lab,SNP,Lab,SNP,skipped,skipped,4,6
1888,Lab,SNP,Lab,SNP,skipped,skipped,4,6
1889,SNP,SNP,Lab,Lab,LD,Con,4,6
1890,SNP,SNP,Lab,Lab,LD,Con,4,6
1891,SNP,SNP,Lab,Lab,LD,Con,4,6
1892,SNP,SNP,Lab,Lab,LD,Con,4,6
1893,SNP,SNP,Lab,Lab,LD,Con,4,6
1894,SNP,SNP,Lab,Lab,LD,Con,4,6
1895,SNP,SNP,Lab,Lab,LD,Con,4,6
1896,SNP,SNP,Lab,Lab,LD,Con,4,6
1897,SNP,SNP,Lab,Lab,LD,Con,4,6
1898,SNP,SNP,Lab,Lab,LD,Con,4,6
1899,SNP,SNP,Lab,Lab,LD,Con,4,6
1900,SNP,SNP,Lab,Lab,LD,Con,4,6
1901,SNP,SNP,Lab,Lab,LD,Con,4,6
1902,SNP,SNP,Lab,Lab,LD,Con,4,6
1903,SNP,SNP,Lab,Lab,LD,Con,4,6
1904,SNP,SNP,Lab,Lab,LD,Con,4,6
1905,SNP,SNP,Lab,Lab,LD,Con,4,6
1906,SNP,SNP,Lab,Lab,LD,Con,4,6
1907,SNP,SNP,Lab,Lab,LD,Con,4,6
1908,SNP,SNP,Lab,Lab,LD,Con,4,6
1909,SNP,SNP,Lab,Lab,LD,Con,4,6
1910,SNP,SNP,Lab,Lab,LD,Con,4,6
1911,SNP,SNP,Lab,Lab,LD,Con,4,6
1912,SNP,SNP,Lab,Lab,LD,Con,4,6
1913,SNP,SNP,Lab,Lab,LD,Con,4,6
1914,SNP,SNP,Lab,Lab,LD,Con,4,6
1915,SNP,SNP,Lab,Lab,LD,Con,4,6
1916,SNP,SNP,Lab,Lab,LD,Con,4,6
1917,SNP,SNP,Lab,Lab,LD,Con,4,6
1918,Con,Lab,Lab,SNP,SNP,LD,4,6
1919,Lab,LD,Lab,SNP,SNP,skipped,4,6
1920,Lab,Lab,SNP,SNP,LD,Con,4,6
1921,Lab,Lab,SNP,SNP,LD,Con,4,6
1922,Lab,Lab,SNP,SNP,LD,Con,4,6
1923,Lab,Lab,SNP,SNP,LD,Con,4,6
1924,Lab,Lab,SNP,SNP,LD,Con,4,6
1925,Lab,Lab,SNP,SNP,LD,Con,4,6
1926,Lab,Lab,LD,skipped,skipped,skipped,4,6
1927,Lab,Lab,LD,skipped,skipped,skipped,4,6
1928,Lab,Lab,LD,skipped,skipped,skipped,4,6
1929,Lab,Lab,LD,skipped,skipped,skipped,4,6
1930,Lab,Lab,LD,skipped,skipped,skipped,4,6
1931,Lab,Lab,LD,skipped,skipped,skipped,4,6
1932,Lab,Lab,LD,skipped,skipped,skipped,4,6
1933,Lab,Lab,LD,skipped,skipped,skipped,4,6
1934,Lab,Lab,LD,skipped,skipped,skipped,4,6
1935,Lab,Lab,LD,skipped,skipped,skipped,4,6
1936,Lab,Lab,LD,skipped,skipped,skipped,4,6
1937,Lab,Lab,LD,skipped,skipped,skipped,4,6
1938,Lab,Lab,LD,skipped,skipped,skipped,4,6
1939,Lab,Lab,LD,skipped,skipped,skipped,4,6
1940,Lab,Lab,LD,skipped,skipped,skipped,4,6
1941,Lab,Lab,LD,skipped,skipped,skipped,4,6
1942,Lab,Lab,LD,skipped,skipped,skipped,4,6
1943,Lab,Lab,LD,skipped,skipped,skipped,4,6
1944,Lab,Lab,LD,skipped,skipped,skipped,4,6
1945,Lab,Lab,LD,skipped,skipped,skipped,4,6
1946,Lab,Lab,LD,skipped,skipped,skipped,4,6
1947,Lab,Lab,LD,skipped,skipped,skipped,4,6
1948,Lab,Lab,LD,skipped,skipped,skipped,4,6
1949,Lab,Lab,LD,skipped,skipped,skipped,4,6
1950,Lab,Lab,LD,skipped,skipped,skipped,4,6
1951,Lab,Lab,LD,skipped,skipped,skipped,4,6
1952,Lab,Lab,LD,skipped,skipped,skipped,4,6
1953,Lab,Lab,LD,skipped,skipped,skipped,4,6
1954,Lab,Lab,LD,skipped,skipped,skipped,4,6
1955,Lab,Lab,LD,skipped,skipped,skipped,4,6
1956,Lab,Lab,LD,skipped,skipped,skipped,4,6
1957,Lab,Lab,LD,skipped,skipped,skipped,4,6
1958,Lab,Lab,LD,skipped,skipped,skipped,4,6
1959,Lab,Lab,LD,skipped,skipped,skipped,4,6
1960,Lab,Lab,LD,skipped,skipped,skipped,4,6
1961,Lab,Lab,LD,skipped,skipped,skipped,4,6
1962,Lab,Lab,LD,skipped,skipped,skipped,4,6
1963,Lab,Lab,LD,skipped,skipped,skipped,4,6
1964,Lab,Lab,LD,skipped,skipped,skipped,4,6
1965,Lab,Lab,LD,skipped,skipped,skipped,4,6
1966,Lab,Lab,LD,skipped,skipped,skipped,4,6
1967,Lab,Lab,LD,skipped,skipped,skipped,4,6
1968,Lab,Lab,LD,skipped,skipped,skipped,4,6
1969,Lab,Lab,LD,skipped,skipped,skipped,4,6
1970,Lab,Lab,LD,skipped,skipped,skipped,4,6
1971,Lab,Lab,LD,skipped,skipped,skipped,4,6
1972,Lab,Lab,LD,skipped,skipped,skipped,4,6
1973,Lab,Lab,LD,skipped,skipped,skipped,4,6
1974,Lab,Lab,LD,skipped,skipped,skipped,4,6
1975,Lab,Lab,LD,skipped,skipped,skipped,4,6
1976,Lab,Lab,LD,skipped,skipped,skipped,4,6
1977,Lab,Lab,LD,skipped,skipped,skipped,4,6
1978,Lab,Lab,LD,skipped,skipped,skipped,4,6
1979,Lab,Lab,LD,skipped,skipped,skipped,4,6
1980,Lab,Lab,LD,skipped,skipped,skipped,4,6
1981,Lab,Lab,LD,skipped,skipped,skipped,4,6
1982,Lab,Lab,LD,skipped,skipped,skipped,4,6
1983,Lab,Lab,LD,skipped,skipped,skipped,4,6
1984,Lab,Lab,LD,skipped,skipped,skipped,4,6
1985,Lab,Lab,LD,skipped,skipped,skipped,4,6
1986,Lab,Lab,LD,skipped,skipped,skipped,4,6
1987,Lab,Lab,LD,skipped,skipped,skipped,4,6
1988,Lab,Lab,LD,skipped,skipped,skipped,4,6
1989,Lab,Lab,LD,skipped,skipped,skipped,4,6
1990,Lab,Lab,LD,skipped,skipped,skipped,4,6
1991,Lab,Lab,LD,skipped,skipped,skipped,4,6
1992,Lab,Lab,LD,skipped,skipped,skipped,4,6
1993,Lab,Lab,LD,skipped,skipped,skipped,4,6
1994,Lab,Lab,LD,skipped,skipped,skipped,4,6
1995,Lab,Lab,LD,skipped,skipped,skipped,4,6
1996,Lab,Lab,LD,skipped,skipped,skipped,4,6
1997,Lab,Lab,LD,skipped,skipped,skipped,4,6
1998,Lab,Lab,LD,skipped,skipped,skipped,4,6
1999,Lab,Lab,LD,skipped,skipped,skipped,4,6
2000,Lab,Lab,LD,skipped,skipped,skipped,4,6
2001,Lab,Lab,LD,skipped,skipped,skipped,4,6
2002,Lab,Lab,LD,skipped,skipped,skipped,4,6
2003,Lab,Lab,LD,skipped,skipped,skipped,4,6
2004,Lab,Lab,LD,skipped,skipped,skipped,4,6
2005,Lab,Lab,LD,skipped,skipped,skipped,4,6
2006,Lab,Lab,LD,skipped,skipped,skipped,4,6
2007,Lab,Lab,LD,skipped,skipped,skipped,4,6
2008,Lab,Lab,LD,skipped,skipped,skipped,4,6
2009,Lab,Lab,LD,skipped,skipped,skipped,4,6
2010,Lab,Lab,LD,skipped,skipped,skipped,4,6
2011,Lab,Lab,LD,skipped,skipped,skipped,4,6
2012,Lab,Lab,LD,skipped,skipped,skipped,4,6
2013,Lab,Lab,LD,skipped,skipped,skipped,4,6
2014,Lab,Lab,LD,skipped,skipped,skipped,4,6
2015,Lab,Lab,LD,skipped,skipped,skipped,4,6
2016,Lab,Lab,LD,skipped,skipped,skipped,4,6
2017,Lab,Lab,LD,skipped,skipped,skipped,4,6
2018,Lab,Lab,LD,skipped,skipped,skipped,4,6
2019,Lab,Lab,LD,skipped,skipped,skipped,4,6
2020,Lab,Lab,LD,skipped,skipped,skipped,4,6
2021,Lab,Lab,LD,skipped,skipped,skipped,4,6
2022,Lab,Lab,LD,skipped,skipped,skipped,4,6
2023,Lab,Lab,LD,skipped,skipped,skipped,4,6
2024,Lab,Lab,LD,skipped,skipped,skipped,4,6
2025,Lab,Lab,LD,skipped,skipped,skipped,4,6
2026,Lab,Lab,LD,skipped,skipped,skipped,4,6
2027,Lab,Lab,LD,skipped,skipped,skipped,4,6
2028,Lab,Lab,LD,skipped,skipped,skipped,4,6
2029,Lab,Lab,LD,skipped,skipped,skipped,4,6
2030,Lab,Lab,LD,skipped,skipped,skipped,4,6
2031,Lab,Lab,LD,skipped,skipped,skipped,4,6
2032,Lab,Lab,LD,skipped,skipped,skipped,4,6
2033,Lab,Lab,LD,skipped,skipped,skipped,4,6
2034,Lab,Lab,LD,skipped,skipped,skipped,4,6
2035,Lab,Lab,LD,skipped,skipped,skipped,4,6
2036,Lab,Lab,LD,skipped,skipped,skipped,4,6
2037,Lab,Lab,LD,skipped,skipped,skipped,4,6
2038,Lab,Lab,LD,skipped,skipped,skipped,4,6
2039,Lab,Lab,LD,skipped,skipped,skipped,4,6
2040,Lab,Lab,LD,skipped,skipped,skipped,4,6
2041,Lab,Lab,LD,skipped,skipped,skipped,4,6
2042,Lab,Lab,LD,skipped,skipped,skipped,4,6
2043,Lab,Lab,LD,skipped,skipped,skipped,4,6
2044,Lab,Lab,LD,skipped,skipped,skipped,4,6
2045,Lab,Lab,LD,skipped,skipped,skipped,4,6
2046,Lab,Lab,LD,skipped,skipped,skipped,4,6
2047,Lab,Lab,LD,skipped,skipped,skipped,4,6
2048,Lab,Lab,LD,skipped,skipped,skipped,4,6
2049,Lab,Lab,LD,skipped,skipped,skipped,4,6
2050,LD,Con,Lab,skipped,skipped,skipped,4,6
2051,LD,Con,Lab,skipped,skipped,skipped,4,6
2052,LD,Con,Lab,skipped,skipped,skipped,4,6
2053,LD,Con,Lab,skipped,skipped,skipped,4,6
2054,LD,Con,Lab,skipped,skipped,skipped,4,6
2055,LD,Con,Lab,skipped,skipped,skipped,4,6
2056,Lab,LD,Lab,SNP,Con,SNP,4,6
2057,Lab,SNP,LD,Con,SNP,Lab,4,6
2058,Lab,Con,LD,Lab,SNP,SNP,4,6
2059,Lab,Con,LD,Lab,SNP,SNP,4,6
2060,Lab,SNP,Con,skipped,skipped,skipped,4,6
2061,Lab,SNP,Con,skipped,skipped,skipped,4,6
2062,LD,Lab,Lab,Con,skipped,skipped,4,6
2063,SNP,Lab,SNP,Con,skipped,skipped,4,6
2064,Con,Lab,SNP,Lab,SNP,LD,4,6
2065,LD,Lab,Lab,skipped,skipped,skipped,4,6
2066,LD,Lab,Lab,skipped,skipped,skipped,4,6
2067,LD,Lab,Lab,skipped,skipped,skipped,4,6
2068,LD,Lab,Lab,skipped,skipped,skipped,4,6
2069,LD,Lab,Lab,skipped,skipped,skipped,4,6
2070,Lab,Lab,SNP,SNP,LD,skipped,4,6
2071,SNP,Lab,Con,skipped,skipped,skipped,4,6
2072,SNP,Lab,LD,skipped,skipped,skipped,4,6
2073,SNP,SNP,Con,Lab,skipped,skipped,4,6
2074,SNP,SNP,Con,Lab,skipped,skipped,4,6
2075,SNP,Lab,SNP,Lab,skipped,skipped,4,6
2076,SNP,Lab,SNP,Lab,skipped,skipped,4,6
2077,Lab,Lab,skipped,skipped,skipped,skipped,4,6
2078,Lab,Lab,skipped,skipped,skipped,skipped,4,6
2079,Lab,Lab,skipped,skipped,skipped,skipped,4,6
2080,Lab,Lab,skipped,skipped,skipped,skipped,4,6
2081,Lab,Lab,skipped,skipped,skipped,skipped,4,6
2082,Lab,Lab,skipped,skipped,skipped,skipped,4,6
2083,Lab,Lab,skipped,skipped,skipped,skipped,4,6
2084,Lab,Lab,skipped,skipped,skipped,skipped,4,6
2085,Lab,Lab,skipped,skipped,skipped,skipped,4,6
2086,Lab,Lab,skipped,skipped,skipped,skipped,4,6
2087,Lab,Lab,skipped,skipped,skipped,skipped,4,6
2088,Lab,Lab,skipped,skipped,skipped,skipped,4,6
2089,Lab,Lab,skipped,skipped,skipped,skipped,4,6
2090,Lab,Lab,skipped,skipped,skipped,skipped,4,6
2091,Lab,Lab,skipped,skipped,skipped,skipped,4,6
2092,Lab,Lab,skipped,skipped,skipped,skipped,4,6
2093,Lab,Lab,skipped,skipped,skipped,skipped,4,6
2094,Lab,Lab,skipped,skipped,skipped,skipped,4,6
2095,Lab,Lab,skipped,skipped,skipped,skipped,4,6
2096,Lab,Lab,skipped,skipped,skipped,skipped,4,6
2097,Lab,Lab,skipped,skipped,skipped,skipped,4,6
2098,Lab,Lab,skipped,skipped,skipped,skipped,4,6
2099,Lab,Lab,skipped,skipped,skipped,skipped,4,6
2100,Lab,Lab,skipped,skipped,skipped,skipped,4,6
2101,Lab,Lab,skipped,skipped,skipped,skipped,4,6
2102,Lab,Lab,skipped,skipped,skipped,skipped,4,6
2103,Lab,Lab,skipped,skipped,skipped,skipped,4,6
2104,Lab,Lab,skipped,skipped,skipped,skipped,4,6
2105,Lab,Lab,skipped,skipped,skipped,skipped,4,6
2106,Lab,Lab,skipped,skipped,skipped,skipped,4,6
2107,Lab,Lab,skipped,skipped,skipped,skipped,4,6
2108,Lab,Lab,skipped,skipped,skipped,skipped,4,6
2109,Lab,Lab,skipped,skipped,skipped,skipped,4,6
2110,Lab,Lab,skipped,skipped,skipped,skipped,4,6
2111,Lab,Lab,skipped,skipped,skipped,skipped,4,6
2112,Lab,Lab,skipped,skipped,skipped,skipped,4,6
2113,Lab,Lab,skipped,skipped,skipped,skipped,4,6
2114,Lab,Lab,skipped,skipped,skipped,skipped,4,6
2115,Lab,Lab,skipped,skipped,skipped,skipped,4,6
2116,Lab,Lab,skipped,skipped,skipped,skipped,4,6
2117,Lab,Lab,skipped,skipped,skipped,skipped,4,6
2118,Lab,Lab,skipped,skipped,skipped,skipped,4,6
2119,Lab,Lab,skipped,skipped,skipped,skipped,4,6
2120,Lab,Lab,skipped,skipped,skipped,skipped,4,6
2121,Lab,Lab,skipped,skipped,skipped,skipped,4,6
2122,Lab,Lab,skipped,skipped,skipped,skipped,4,6
2123,Lab,Lab,skipped,skipped,skipped,skipped,4,6
2124,Lab,Lab,skipped,skipped,skipped,skipped,4,6
2125,Lab,Lab,skipped,skipped,skipped,skipped,4,6
2126,Lab,Lab,skipped,skipped,skipped,skipped,4,6
2127,Lab,Lab,skipped,skipped,skipped,skipped,4,6
2128,Lab,Lab,skipped,skipped,skipped,skipped,4,6
2129,Lab,Lab,skipped,skipped,skipped,skipped,4,6
2130,Lab,Lab,skipped,skipped,skipped,skipped,4,6
2131,Lab,Lab,skipped,skipped,skipped,skipped,4,6
2132,Lab,Lab,skipped,skipped,skipped,skipped,4,6
2133,Lab,Lab,skipped,skipped,skipped,skipped,4,6
2134,Lab,Lab,skipped,skipped,skipped,skipped,4,6
2135,Lab,Lab,skipped,skipped,skipped,skipped,4,6
2136,Lab,Lab,skipped,skipped,skipped,skipped,4,6
2137,Lab,Lab,skipped,skipped,skipped,skipped,4,6
2138,Lab,Lab,skipped,skipped,skipped,skipped,4,6
2139,Lab,Lab,skipped,skipped,skipped,skipped,4,6
2140,Lab,Lab,skipped,skipped,skipped,skipped,4,6
2141,Lab,Lab,skipped,skipped,skipped,skipped,4,6
2142,Lab,Lab,skipped,skipped,skipped,skipped,4,6
2143,Lab,Lab,skipped,skipped,skipped,skipped,4,6
2144,Lab,Lab,skipped,skipped,skipped,skipped,4,6
2145,Lab,Lab,skipped,skipped,skipped,skipped,4,6
2146,Lab,Lab,skipped,skipped,skipped,skipped,4,6
2147,Lab,Lab,skipped,skipped,skipped,skipped,4,6
2148,Lab,Lab,skipped,skipped,skipped,skipped,4,6
2149,Lab,Lab,skipped,skipped,skipped,skipped,4,6
2150,Lab,Lab,skipped,skipped,skipped,skipped,4,6
2151,Lab,Lab,skipped,skipped,skipped,skipped,4,6
2152,Lab,Lab,skipped,skipped,skipped,skipped,4,6
2153,Lab,Lab,skipped,skipped,skipped,skipped,4,6
2154,Lab,Lab,skipped,skipped,skipped,skipped,4,6
2155,Lab,Lab,skipped,skipped,skipped,skipped,4,6
2156,Lab,Lab,skipped,skipped,skipped,skipped,4,6
2157,Lab,Lab,skipped,skipped,skipped,skipped,4,6
2158,Lab,Lab,skipped,skipped,skipped,skipped,4,6
2159,Lab,Lab,skipped,skipped,skipped,skipped,4,6
2160,Lab,Lab,skipped,skipped,skipped,skipped,4,6
2161,Lab,Lab,skipped,skipped,skipped,skipped,4,6
2162,Lab,Lab,skipped,skipped,skipped,skipped,4,6
2163,Lab,Lab,skipped,skipped,skipped,skipped,4,6
2164,Lab,Lab,skipped,skipped,skipped,skipped,4,6
2165,Lab,Lab,skipped,skipped,skipped,skipped,4,6
2166,Lab,Lab,skipped,skipped,skipped,skipped,4,6
2167,Lab,Lab,skipped,skipped,skipped,skipped,4,6
2168,Lab,Lab,skipped,skipped,skipped,skipped,4,6
2169,Lab,Lab,skipped,skipped,skipped,skipped,4,6
2170,Lab,Lab,skipped,skipped,skipped,skipped,4,6
2171,Lab,Lab,skipped,skipped,skipped,skipped,4,6
2172,Lab,Lab,skipped,skipped,skipped,skipped,4,6
2173,Lab,Lab,skipped,skipped,skipped,skipped,4,6
2174,Lab,Lab,skipped,skipped,skipped,skipped,4,6
2175,Lab,Lab,skipped,skipped,skipped,skipped,4,6
2176,Lab,Lab,skipped,skipped,skipped,skipped,4,6
2177,Lab,Lab,skipped,skipped,skipped,skipped,4,6
2178,Lab,Lab,skipped,skipped,skipped,skipped,4,6
2179,Lab,Lab,skipped,skipped,skipped,skipped,4,6
2180,Lab,Lab,skipped,skipped,skipped,skipped,4,6
2181,Lab,Lab,skipped,skipped,skipped,skipped,4,6
2182,Lab,Lab,skipped,skipped,skipped,skipped,4,6
2183,Lab,Lab,skipped,skipped,skipped,skipped,4,6
2184,Lab,Lab,skipped,skipped,skipped,skipped,4,6
2185,Lab,Lab,skipped,skipped,skipped,skipped,4,6
2186,Lab,Lab,skipped,skipped,skipped,skipped,4,6
2187,Lab,Lab,skipped,skipped,skipped,skipped,4,6
2188,Lab,Lab,skipped,skipped,skipped,skipped,4,6
2189,Lab,Lab,skipped,skipped,skipped,skipped,4,6
2190,Lab,Lab,skipped,skipped,skipped,skipped,4,6
2191,Lab,Lab,skipped,skipped,skipped,skipped,4,6
2192,Lab,Lab,skipped,skipped,skipped,skipped,4,6
2193,Lab,Lab,skipped,skipped,skipped,skipped,4,6
2194,Lab,Lab,skipped,skipped,skipped,skipped,4,6
2195,Lab,Lab,skipped,skipped,skipped,skipped,4,6
2196,Lab,Lab,skipped,skipped,skipped,skipped,4,6
2197,Lab,Lab,skipped,skipped,skipped,skipped,4,6
2198,Lab,Lab,skipped,skipped,skipped,skipped,4,6
2199,Lab,Lab,skipped,skipped,skipped,skipped,4,6
2200,Lab,Lab,skipped,skipped,skipped,skipped,4,6
2201,Lab,Lab,skipped,skipped,skipped,skipped,4,6
2202,Lab,Lab,skipped,skipped,skipped,skipped,4,6
2203,Lab,Lab,skipped,skipped,skipped,skipped,4,6
2204,Lab,Lab,skipped,skipped,skipped,skipped,4,6
2205,Lab,Lab,skipped,skipped,skipped,skipped,4,6
2206,Lab,Lab,skipped,skipped,skipped,skipped,4,6
2207,Lab,Lab,skipped,skipped,skipped,skipped,4,6
2208,Lab,Lab,skipped,skipped,skipped,skipped,4,6
2209,Lab,Lab,skipped,skipped,skipped,skipped,4,6
2210,Lab,Lab,skipped,skipped,skipped,skipped,4,6
2211,Lab,Lab,skipped,skipped,skipped,skipped,4,6
2212,Lab,Lab,skipped,skipped,skipped,skipped,4,6
2213,Lab,Lab,skipped,skipped,skipped,skipped,4,6
2214,Lab,Lab,skipped,skipped,skipped,skipped,4,6
2215,Lab,Lab,skipped,skipped,skipped,skipped,4,6
2216,Lab,Lab,skipped,skipped,skipped,skipped,4,6
2217,Lab,Lab,skipped,skipped,skipped,skipped,4,6
2218,Lab,Lab,skipped,skipped,skipped,skipped,4,6
2219,Lab,Lab,skipped,skipped,skipped,skipped,4,6
2220,Lab,Lab,skipped,skipped,skipped,skipped,4,6
2221,Lab,Lab,skipped,skipped,skipped,skipped,4,6
2222,Lab,Lab,skipped,skipped,skipped,skipped,4,6
2223,Lab,Lab,skipped,skipped,skipped,skipped,4,6
2224,Lab,Lab,skipped,skipped,skipped,skipped,4,6
2225,Lab,Lab,skipped,skipped,skipped,skipped,4,6
2226,Lab,Lab,skipped,skipped,skipped,skipped,4,6
2227,Lab,Lab,skipped,skipped,skipped,skipped,4,6
2228,Lab,Lab,skipped,skipped,skipped,skipped,4,6
2229,Lab,Lab,skipped,skipped,skipped,skipped,4,6
2230,Lab,Lab,skipped,skipped,skipped,skipped,4,6
2231,Lab,Lab,skipped,skipped,skipped,skipped,4,6
2232,Lab,Lab,skipped,skipped,skipped,skipped,4,6
2233,Lab,Lab,skipped,skipped,skipped,skipped,4,6
2234,Lab,Lab,skipped,skipped,skipped,skipped,4,6
2235,Lab,Lab,skipped,skipped,skipped,skipped,4,6
2236,Lab,Lab,skipped,skipped,skipped,skipped,4,6
2237,Lab,Lab,skipped,skipped,skipped,skipped,4,6
2238,Lab,Lab,skipped,skipped,skipped,skipped,4,6
2239,Lab,Lab,skipped,skipped,skipped,skipped,4,6
2240,Lab,Lab,skipped,skipped,skipped,skipped,4,6
2241,Lab,Lab,skipped,skipped,skipped,skipped,4,6
2242,Lab,Lab,skipped,skipped,skipped,skipped,4,6
2243,Lab,Lab,skipped,skipped,skipped,skipped,4,6
2244,Lab,Lab,skipped,skipped,skipped,skipped,4,6
2245,Lab,Lab,skipped,skipped,skipped,skipped,4,6
2246,Lab,Lab,skipped,skipped,skipped,skipped,4,6
2247,Lab,Lab,skipped,skipped,skipped,skipped,4,6
2248,Lab,Lab,skipped,skipped,skipped,skipped,4,6
2249,Lab,Lab,skipped,skipped,skipped,skipped,4,6
2250,Lab,Lab,skipped,skipped,skipped,skipped,4,6
2251,Lab,Lab,skipped,skipped,skipped,skipped,4,6
2252,Lab,Lab,skipped,skipped,skipped,skipped,4,6
2253,Lab,Lab,skipped,skipped,skipped,skipped,4,6
2254,Lab,Lab,skipped,skipped,skipped,skipped,4,6
2255,Lab,Lab,skipped,skipped,skipped,skipped,4,6
2256,Lab,Lab,skipped,skipped,skipped,skipped,4,6
2257,Lab,Lab,skipped,skipped,skipped,skipped,4,6
2258,Lab,Lab,skipped,skipped,skipped,skipped,4,6
2259,Lab,Lab,skipped,skipped,skipped,skipped,4,6
2260,Lab,Lab,skipped,skipped,skipped,skipped,4,6
2261,Lab,Lab,skipped,skipped,skipped,skipped,4,6
2262,Lab,Lab,skipped,skipped,skipped,skipped,4,6
2263,Lab,Lab,skipped,skipped,skipped,skipped,4,6
2264,Lab,Lab,skipped,skipped,skipped,skipped,4,6
2265,Lab,Lab,skipped,skipped,skipped,skipped,4,6
2266,Lab,Lab,skipped,skipped,skipped,skipped,4,6
2267,Lab,Lab,skipped,skipped,skipped,skipped,4,6
2268,Lab,Lab,skipped,skipped,skipped,skipped,4,6
2269,Lab,Lab,skipped,skipped,skipped,skipped,4,6
2270,Lab,Lab,skipped,skipped,skipped,skipped,4,6
2271,Lab,Lab,skipped,skipped,skipped,skipped,4,6
2272,Lab,Lab,skipped,skipped,skipped,skipped,4,6
2273,Lab,Lab,skipped,skipped,skipped,skipped,4,6
2274,Lab,Lab,skipped,skipped,skipped,skipped,4,6
2275,Lab,Lab,skipped,skipped,skipped,skipped,4,6
2276,Lab,Lab,skipped,skipped,skipped,skipped,4,6
2277,Lab,Lab,skipped,skipped,skipped,skipped,4,6
2278,Lab,Lab,skipped,skipped,skipped,skipped,4,6
2279,Lab,Lab,skipped,skipped,skipped,skipped,4,6
2280,Lab,Lab,skipped,skipped,skipped,skipped,4,6
2281,Lab,Lab,skipped,skipped,skipped,skipped,4,6
2282,Lab,Lab,skipped,skipped,skipped,skipped,4,6
2283,Lab,Lab,skipped,skipped,skipped,skipped,4,6
2284,Lab,Lab,skipped,skipped,skipped,skipped,4,6
2285,Lab,Lab,skipped,skipped,skipped,skipped,4,6
2286,Lab,Lab,skipped,skipped,skipped,skipped,4,6
2287,Lab,Lab,skipped,skipped,skipped,skipped,4,6
2288,Lab,Lab,skipped,skipped,skipped,skipped,4,6
2289,Lab,Lab,skipped,skipped,skipped,skipped,4,6
2290,Lab,Lab,skipped,skipped,skipped,skipped,4,6
2291,Lab,Lab,skipped,skipped,skipped,skipped,4,6
2292,Lab,Lab,skipped,skipped,skipped,skipped,4,6
2293,Lab,Lab,skipped,skipped,skipped,skipped,4,6
2294,Lab,Lab,skipped,skipped,skipped,skipped,4,6
2295,Lab,Lab,skipped,skipped,skipped,skipped,4,6
2296,Lab,Lab,skipped,skipped,skipped,skipped,4,6
2297,Lab,Lab,skipped,skipped,skipped,skipped,4,6
2298,Lab,Lab,skipped,skipped,skipped,skipped,4,6
2299,Lab,Lab,skipped,skipped,skipped,skipped,4,6
2300,Lab,Lab,skipped,skipped,skipped,skipped,4,6
2301,Lab,Lab,skipped,skipped,skipped,skipped,4,6
2302,Lab,Lab,skipped,skipped,skipped,skipped,4,6
2303,Lab,Lab,skipped,skipped,skipped,skipped,4,6
2304,Lab,Lab,skipped,skipped,skipped,skipped,4,6
2305,Lab,Lab,skipped,skipped,skipped,skipped,4,6
2306,Lab,Lab,skipped,skipped,skipped,skipped,4,6
2307,Lab,Lab,skipped,skipped,skipped,skipped,4,6
2308,Lab,Lab,skipped,skipped,skipped,skipped,4,6
2309,Lab,Lab,skipped,skipped,skipped,skipped,4,6
2310,Lab,Lab,skipped,skipped,skipped,skipped,4,6
2311,Lab,Lab,skipped,skipped,skipped,skipped,4,6
2312,Lab,Lab,skipped,skipped,skipped,skipped,4,6
2313,Lab,Lab,skipped,skipped,skipped,skipped,4,6
2314,Lab,Lab,skipped,skipped,skipped,skipped,4,6
2315,Lab,Lab,skipped,skipped,skipped,skipped,4,6
2316,Lab,Lab,skipped,skipped,skipped,skipped,4,6
2317,Lab,Lab,skipped,skipped,skipped,skipped,4,6
2318,Lab,Lab,skipped,skipped,skipped,skipped,4,6
2319,Lab,Lab,skipped,skipped,skipped,skipped,4,6
2320,Lab,Lab,skipped,skipped,skipped,skipped,4,6
2321,Lab,Lab,skipped,skipped,skipped,skipped,4,6
2322,Lab,Lab,skipped,skipped,skipped,skipped,4,6
2323,Lab,Lab,skipped,skipped,skipped,skipped,4,6
2324,Lab,Lab,skipped,skipped,skipped,skipped,4,6
2325,Lab,Lab,skipped,skipped,skipped,skipped,4,6
2326,Lab,Lab,skipped,skipped,skipped,skipped,4,6
2327,Lab,Lab,skipped,skipped,skipped,skipped,4,6
2328,Lab,Lab,skipped,skipped,skipped,skipped,4,6
2329,Lab,Lab,skipped,skipped,skipped,skipped,4,6
2330,Lab,Lab,skipped,skipped,skipped,skipped,4,6
2331,Lab,Lab,skipped,skipped,skipped,skipped,4,6
2332,Lab,Lab,skipped,skipped,skipped,skipped,4,6
2333,Lab,Lab,skipped,skipped,skipped,skipped,4,6
2334,Lab,Lab,skipped,skipped,skipped,skipped,4,6
2335,Lab,Lab,skipped,skipped,skipped,skipped,4,6
2336,Lab,Lab,skipped,skipped,skipped,skipped,4,6
2337,Lab,Lab,skipped,skipped,skipped,skipped,4,6
2338,Lab,Lab,skipped,skipped,skipped,skipped,4,6
2339,Lab,Lab,skipped,skipped,skipped,skipped,4,6
2340,Lab,Lab,skipped,skipped,skipped,skipped,4,6
2341,Lab,Lab,skipped,skipped,skipped,skipped,4,6
2342,Lab,Lab,skipped,skipped,skipped,skipped,4,6
2343,Lab,Lab,skipped,skipped,skipped,skipped,4,6
2344,Lab,Lab,skipped,skipped,skipped,skipped,4,6
2345,Lab,Lab,skipped,skipped,skipped,skipped,4,6
2346,Lab,Lab,skipped,skipped,skipped,skipped,4,6
2347,Lab,Lab,skipped,skipped,skipped,skipped,4,6
2348,Lab,Lab,skipped,skipped,skipped,skipped,4,6
2349,Lab,Lab,skipped,skipped,skipped,skipped,4,6
2350,Lab,Lab,skipped,skipped,skipped,skipped,4,6
2351,Lab,Lab,skipped,skipped,skipped,skipped,4,6
2352,Lab,Lab,skipped,skipped,skipped,skipped,4,6
2353,Lab,Lab,skipped,skipped,skipped,skipped,4,6
2354,Lab,Lab,skipped,skipped,skipped,skipped,4,6
2355,Lab,Lab,skipped,skipped,skipped,skipped,4,6
2356,Lab,Lab,skipped,skipped,skipped,skipped,4,6
2357,Lab,Lab,skipped,skipped,skipped,skipped,4,6
2358,Lab,Lab,skipped,skipped,skipped,skipped,4,6
2359,Lab,Lab,skipped,skipped,skipped,skipped,4,6
2360,Lab,Lab,skipped,skipped,skipped,skipped,4,6
2361,Lab,Lab,skipped,skipped,skipped,skipped,4,6
2362,Lab,Lab,skipped,skipped,skipped,skipped,4,6
2363,Lab,Lab,skipped,skipped,skipped,skipped,4,6
2364,Lab,Lab,skipped,skipped,skipped,skipped,4,6
2365,Lab,Lab,skipped,skipped,skipped,skipped,4,6
2366,Lab,Lab,skipped,skipped,skipped,skipped,4,6
2367,Lab,Lab,skipped,skipped,skipped,skipped,4,6
2368,Lab,Lab,skipped,skipped,skipped,skipped,4,6
2369,Lab,Lab,skipped,skipped,skipped,skipped,4,6
2370,Lab,Lab,skipped,skipped,skipped,skipped,4,6
2371,Lab,Lab,skipped,skipped,skipped,skipped,4,6
2372,Lab,Lab,skipped,skipped,skipped,skipped,4,6
2373,Lab,Lab,skipped,skipped,skipped,skipped,4,6
2374,Lab,Lab,skipped,skipped,skipped,skipped,4,6
2375,Lab,Lab,skipped,skipped,skipped,skipped,4,6
2376,Lab,Lab,skipped,skipped,skipped,skipped,4,6
2377,Lab,Lab,skipped,skipped,skipped,skipped,4,6
2378,Lab,Lab,skipped,skipped,skipped,skipped,4,6
2379,Lab,Lab,skipped,skipped,skipped,skipped,4,6
2380,Lab,Lab,skipped,skipped,skipped,skipped,4,6
2381,Lab,Lab,skipped,skipped,skipped,skipped,4,6
2382,Lab,Lab,skipped,skipped,skipped,skipped,4,6
2383,Lab,Lab,skipped,skipped,skipped,skipped,4,6
2384,Lab,Lab,skipped,skipped,skipped,skipped,4,6
2385,Lab,Lab,skipped,skipped,skipped,skipped,4,6
2386,Lab,Lab,skipped,skipped,skipped,skipped,4,6
2387,Lab,Lab,skipped,skipped,skipped,skipped,4,6
2388,Lab,Lab,skipped,skipped,skipped,skipped,4,6
2389,Lab,Lab,skipped,skipped,skipped,skipped,4,6
2390,Lab,Lab,skipped,skipped,skipped,skipped,4,6
2391,Lab,Lab,skipped,skipped,skipped,skipped,4,6
2392,Lab,Lab,skipped,skipped,skipped,skipped,4,6
2393,Lab,Lab,skipped,skipped,skipped,skipped,4,6
2394,Lab,Lab,skipped,skipped,skipped,skipped,4,6
2395,Lab,Lab,skipped,skipped,skipped,skipped,4,6
2396,Lab,Lab,skipped,skipped,skipped,skipped,4,6
2397,Lab,Lab,skipped,skipped,skipped,skipped,4,6
2398,Lab,Lab,skipped,skipped,skipped,skipped,4,6
2399,Lab,Lab,skipped,skipped,skipped,skipped,4,6
2400,Lab,Lab,skipped,skipped,skipped,skipped,4,6
2401,Lab,Lab,skipped,skipped,skipped,skipped,4,6
2402,Lab,Lab,skipped,skipped,skipped,skipped,4,6
2403,Lab,Lab,skipped,skipped,skipped,skipped,4,6
2404,Lab,Lab,skipped,skipped,skipped,skipped,4,6
2405,Lab,Lab,skipped,skipped,skipped,skipped,4,6
2406,Lab,Lab,skipped,skipped,skipped,skipped,4,6
2407,Lab,Lab,skipped,skipped,skipped,skipped,4,6
2408,Lab,Lab,skipped,skipped,skipped,skipped,4,6
2409,Lab,Lab,skipped,skipped,skipped,skipped,4,6
2410,Lab,Lab,skipped,skipped,skipped,skipped,4,6
2411,Lab,Lab,skipped,skipped,skipped,skipped,4,6
2412,Lab,Lab,skipped,skipped,skipped,skipped,4,6
2413,Lab,Lab,skipped,skipped,skipped,skipped,4,6
2414,Lab,Lab,skipped,skipped,skipped,skipped,4,6
2415,Lab,Lab,skipped,skipped,skipped,skipped,4,6
2416,Lab,Lab,skipped,skipped,skipped,skipped,4,6
2417,Lab,Lab,skipped,skipped,skipped,skipped,4,6
2418,Lab,Lab,skipped,skipped,skipped,skipped,4,6
2419,Lab,Lab,skipped,skipped,skipped,skipped,4,6
2420,Lab,Lab,skipped,skipped,skipped,skipped,4,6
2421,Lab,Lab,skipped,skipped,skipped,skipped,4,6
2422,Lab,Lab,skipped,skipped,skipped,skipped,4,6
2423,Lab,Lab,skipped,skipped,skipped,skipped,4,6
2424,Lab,Lab,skipped,skipped,skipped,skipped,4,6
2425,Lab,Lab,skipped,skipped,skipped,skipped,4,6
2426,Lab,Lab,skipped,skipped,skipped,skipped,4,6
2427,Lab,Lab,skipped,skipped,skipped,skipped,4,6
2428,Lab,Lab,skipped,skipped,skipped,skipped,4,6
2429,Lab,Lab,skipped,skipped,skipped,skipped,4,6
2430,Lab,Lab,skipped,skipped,skipped,skipped,4,6
2431,Lab,Lab,skipped,skipped,skipped,skipped,4,6
2432,Lab,Lab,skipped,skipped,skipped,skipped,4,6
2433,Lab,Lab,skipped,skipped,skipped,skipped,4,6
2434,Lab,Lab,skipped,skipped,skipped,skipped,4,6
2435,Lab,Lab,skipped,skipped,skipped,skipped,4,6
2436,Lab,Lab,skipped,skipped,skipped,skipped,4,6
2437,Lab,Lab,skipped,skipped,skipped,skipped,4,6
2438,Lab,Lab,skipped,skipped,skipped,skipped,4,6
2439,Lab,Lab,skipped,skipped,skipped,skipped,4,6
2440,Lab,Lab,skipped,skipped,skipped,skipped,4,6
2441,Lab,Lab,skipped,skipped,skipped,skipped,4,6
2442,Lab,Lab,skipped,skipped,skipped,skipped,4,6
2443,Lab,Lab,skipped,skipped,skipped,skipped,4,6
2444,Lab,Lab,skipped,skipped,skipped,skipped,4,6
2445,Lab,Lab,skipped,skipped,skipped,skipped,4,6
2446,Lab,Lab,skipped,skipped,skipped,skipped,4,6
2447,Lab,Lab,skipped,skipped,skipped,skipped,4,6
2448,Lab,Lab,skipped,skipped,skipped,skipped,4,6
2449,Lab,Lab,skipped,skipped,skipped,skipped,4,6
2450,Lab,Lab,skipped,skipped,skipped,skipped,4,6
2451,Lab,Lab,skipped,skipped,skipped,skipped,4,6
2452,Lab,Lab,skipped,skipped,skipped,skipped,4,6
2453,Lab,Lab,skipped,skipped,skipped,skipped,4,6
2454,Lab,Lab,skipped,skipped,skipped,skipped,4,6
2455,Lab,Lab,skipped,skipped,skipped,skipped,4,6
2456,Lab,Lab,skipped,skipped,skipped,skipped,4,6
2457,Lab,Lab,skipped,skipped,skipped,skipped,4,6
2458,Lab,Lab,skipped,skipped,skipped,skipped,4,6
2459,Lab,Lab,skipped,skipped,skipped,skipped,4,6
2460,Lab,Lab,skipped,skipped,skipped,skipped,4,6
2461,Lab,Lab,skipped,skipped,skipped,skipped,4,6
2462,Lab,Lab,skipped,skipped,skipped,skipped,4,6
2463,Lab,Lab,skipped,skipped,skipped,skipped,4,6
2464,Lab,Lab,skipped,skipped,skipped,skipped,4,6
2465,Lab,Lab,skipped,skipped,skipped,skipped,4,6
2466,Lab,Lab,skipped,skipped,skipped,skipped,4,6
2467,Lab,Lab,skipped,skipped,skipped,skipped,4,6
2468,Lab,Lab,skipped,skipped,skipped,skipped,4,6
2469,Lab,Lab,skipped,skipped,skipped,skipped,4,6
2470,Lab,Lab,skipped,skipped,skipped,skipped,4,6
2471,Lab,Lab,skipped,skipped,skipped,skipped,4,6
2472,Lab,Lab,skipped,skipped,skipped,skipped,4,6
2473,Lab,Lab,skipped,skipped,skipped,skipped,4,6
2474,Lab,Lab,skipped,skipped,skipped,skipped,4,6
2475,Lab,Lab,skipped,skipped,skipped,skipped,4,6
2476,Lab,Lab,skipped,skipped,skipped,skipped,4,6
2477,Lab,Lab,skipped,skipped,skipped,skipped,4,6
2478,Lab,Lab,skipped,skipped,skipped,skipped,4,6
2479,Lab,Lab,skipped,skipped,skipped,skipped,4,6
2480,Lab,Lab,skipped,skipped,skipped,skipped,4,6
2481,Lab,Lab,skipped,skipped,skipped,skipped,4,6
2482,Lab,Lab,skipped,skipped,skipped,skipped,4,6
2483,Lab,Lab,skipped,skipped,skipped,skipped,4,6
2484,Lab,Lab,skipped,skipped,skipped,skipped,4,6
2485,Lab,Lab,skipped,skipped,skipped,skipped,4,6
2486,Lab,Lab,skipped,skipped,skipped,skipped,4,6
2487,Lab,Lab,skipped,skipped,skipped,skipped,4,6
2488,Lab,Lab,skipped,skipped,skipped,skipped,4,6
2489,Lab,Lab,skipped,skipped,skipped,skipped,4,6
2490,Lab,Lab,skipped,skipped,skipped,skipped,4,6
2491,Lab,Lab,skipped,skipped,skipped,skipped,4,6
2492,Lab,Lab,skipped,skipped,skipped,skipped,4,6
2493,Lab,Lab,skipped,skipped,skipped,skipped,4,6
2494,Lab,Lab,skipped,skipped,skipped,skipped,4,6
2495,Lab,Lab,skipped,skipped,skipped,skipped,4,6
2496,Lab,Lab,skipped,skipped,skipped,skipped,4,6
2497,Lab,Lab,skipped,skipped,skipped,skipped,4,6
2498,Lab,Lab,skipped,skipped,skipped,skipped,4,6
2499,Lab,Lab,skipped,skipped,skipped,skipped,4,6
2500,Lab,Lab,skipped,skipped,skipped,skipped,4,6
2501,Lab,Lab,skipped,skipped,skipped,skipped,4,6
2502,Lab,Lab,skipped,skipped,skipped,skipped,4,6
2503,Lab,Lab,skipped,skipped,skipped,skipped,4,6
2504,Lab,Lab,skipped,skipped,skipped,skipped,4,6
2505,Lab,Lab,skipped,skipped,skipped,skipped,4,6
2506,Lab,Lab,skipped,skipped,skipped,skipped,4,6
2507,Lab,Lab,skipped,skipped,skipped,skipped,4,6
2508,Lab,Lab,skipped,skipped,skipped,skipped,4,6
2509,Lab,Lab,skipped,skipped,skipped,skipped,4,6
2510,Lab,Lab,skipped,skipped,skipped,skipped,4,6
2511,Lab,Lab,skipped,skipped,skipped,skipped,4,6
2512,Lab,Lab,skipped,skipped,skipped,skipped,4,6
2513,Lab,Lab,skipped,skipped,skipped,skipped,4,6
2514,Lab,Lab,skipped,skipped,skipped,skipped,4,6
2515,Lab,Lab,skipped,skipped,skipped,skipped,4,6
2516,Lab,Lab,skipped,skipped,skipped,skipped,4,6
2517,Lab,Lab,skipped,skipped,skipped,skipped,4,6
2518,Lab,Lab,skipped,skipped,skipped,skipped,4,6
2519,Lab,Lab,skipped,skipped,skipped,skipped,4,6
2520,Lab,Lab,skipped,skipped,skipped,skipped,4,6
2521,Lab,Lab,skipped,skipped,skipped,skipped,4,6
2522,Lab,Lab,skipped,skipped,skipped,skipped,4,6
2523,Lab,Lab,skipped,skipped,skipped,skipped,4,6
2524,Lab,Lab,skipped,skipped,skipped,skipped,4,6
2525,Lab,Lab,skipped,skipped,skipped,skipped,4,6
2526,Lab,Lab,skipped,skipped,skipped,skipped,4,6
2527,Lab,Lab,skipped,skipped,skipped,skipped,4,6
2528,Lab,Lab,skipped,skipped,skipped,skipped,4,6
2529,Lab,Lab,skipped,skipped,skipped,skipped,4,6
2530,Lab,Lab,skipped,skipped,skipped,skipped,4,6
2531,Lab,Lab,skipped,skipped,skipped,skipped,4,6
2532,Lab,Lab,skipped,skipped,skipped,skipped,4,6
2533,Lab,Lab,skipped,skipped,skipped,skipped,4,6
2534,Lab,Lab,skipped,skipped,skipped,skipped,4,6
2535,Lab,Lab,skipped,skipped,skipped,skipped,4,6
2536,Lab,Lab,skipped,skipped,skipped,skipped,4,6
2537,Lab,Lab,skipped,skipped,skipped,skipped,4,6
2538,Lab,Lab,skipped,skipped,skipped,skipped,4,6
2539,Lab,Lab,skipped,skipped,skipped,skipped,4,6
2540,Lab,Lab,skipped,skipped,skipped,skipped,4,6
2541,Lab,Lab,skipped,skipped,skipped,skipped,4,6
2542,Lab,Lab,skipped,skipped,skipped,skipped,4,6
2543,Lab,Lab,skipped,skipped,skipped,skipped,4,6
2544,Lab,Lab,skipped,skipped,skipped,skipped,4,6
2545,Lab,Lab,skipped,skipped,skipped,skipped,4,6
2546,Lab,Lab,skipped,skipped,skipped,skipped,4,6
2547,Lab,Lab,skipped,skipped,skipped,skipped,4,6
2548,Lab,Lab,skipped,skipped,skipped,skipped,4,6
2549,Lab,Lab,skipped,skipped,skipped,skipped,4,6
2550,Lab,Lab,skipped,skipped,skipped,skipped,4,6
2551,Lab,Lab,skipped,skipped,skipped,skipped,4,6
2552,Lab,Lab,skipped,skipped,skipped,skipped,4,6
2553,Lab,Lab,skipped,skipped,skipped,skipped,4,6
2554,Lab,Lab,skipped,skipped,skipped,skipped,4,6
2555,Lab,Lab,skipped,skipped,skipped,skipped,4,6
2556,Lab,Lab,skipped,skipped,skipped,skipped,4,6
2557,Lab,Lab,skipped,skipped,skipped,skipped,4,6
2558,Lab,Lab,skipped,skipped,skipped,skipped,4,6
2559,Lab,Lab,skipped,skipped,skipped,skipped,4,6
2560,Lab,Lab,skipped,skipped,skipped,skipped,4,6
2561,Lab,Lab,skipped,skipped,skipped,skipped,4,6
2562,Lab,Lab,skipped,skipped,skipped,skipped,4,6
2563,Lab,Lab,skipped,skipped,skipped,skipped,4,6
2564,Lab,Lab,skipped,skipped,skipped,skipped,4,6
2565,Lab,Lab,skipped,skipped,skipped,skipped,4,6
2566,Lab,Lab,skipped,skipped,skipped,skipped,4,6
2567,Lab,Lab,skipped,skipped,skipped,skipped,4,6
2568,Lab,Lab,skipped,skipped,skipped,skipped,4,6
2569,Lab,Lab,skipped,skipped,skipped,skipped,4,6
2570,Lab,Lab,skipped,skipped,skipped,skipped,4,6
2571,Lab,Lab,skipped,skipped,skipped,skipped,4,6
2572,Lab,Lab,skipped,skipped,skipped,skipped,4,6
2573,Lab,Lab,skipped,skipped,skipped,skipped,4,6
2574,Lab,Lab,skipped,skipped,skipped,skipped,4,6
2575,Lab,Lab,skipped,skipped,skipped,skipped,4,6
2576,Lab,Lab,skipped,skipped,skipped,skipped,4,6
2577,Lab,Lab,skipped,skipped,skipped,skipped,4,6
2578,Lab,Lab,skipped,skipped,skipped,skipped,4,6
2579,Lab,Lab,skipped,skipped,skipped,skipped,4,6
2580,Lab,Lab,skipped,skipped,skipped,skipped,4,6
2581,Lab,Lab,skipped,skipped,skipped,skipped,4,6
2582,Lab,Lab,skipped,skipped,skipped,skipped,4,6
2583,Lab,Lab,skipped,skipped,skipped,skipped,4,6
2584,Lab,Lab,skipped,skipped,skipped,skipped,4,6
2585,Lab,Lab,skipped,skipped,skipped,skipped,4,6
2586,Lab,Lab,skipped,skipped,skipped,skipped,4,6
2587,SNP,SNP,LD,skipped,skipped,skipped,4,6
2588,SNP,SNP,LD,skipped,skipped,skipped,4,6
2589,SNP,SNP,LD,skipped,skipped,skipped,4,6
2590,SNP,SNP,LD,skipped,skipped,skipped,4,6
2591,SNP,SNP,LD,skipped,skipped,skipped,4,6
2592,SNP,SNP,LD,skipped,skipped,skipped,4,6
2593,SNP,SNP,LD,skipped,skipped,skipped,4,6
2594,SNP,SNP,LD,skipped,skipped,skipped,4,6
2595,SNP,SNP,LD,skipped,skipped,skipped,4,6
2596,SNP,SNP,LD,skipped,skipped,skipped,4,6
2597,SNP,SNP,LD,skipped,skipped,skipped,4,6
2598,SNP,SNP,LD,skipped,skipped,skipped,4,6
2599,SNP,SNP,LD,skipped,skipped,skipped,4,6
2600,SNP,SNP,LD,skipped,skipped,skipped,4,6
2601,SNP,SNP,LD,skipped,skipped,skipped,4,6
2602,SNP,SNP,LD,skipped,skipped,skipped,4,6
2603,SNP,SNP,LD,skipped,skipped,skipped,4,6
2604,SNP,SNP,LD,skipped,skipped,skipped,4,6
2605,SNP,SNP,LD,skipped,skipped,skipped,4,6
2606,SNP,SNP,LD,skipped,skipped,skipped,4,6
2607,SNP,SNP,LD,skipped,skipped,skipped,4,6
2608,SNP,SNP,LD,skipped,skipped,skipped,4,6
2609,SNP,SNP,LD,skipped,skipped,skipped,4,6
2610,SNP,SNP,LD,skipped,skipped,skipped,4,6
2611,SNP,SNP,LD,skipped,skipped,skipped,4,6
2612,SNP,SNP,LD,skipped,skipped,skipped,4,6
2613,SNP,SNP,LD,skipped,skipped,skipped,4,6
2614,SNP,SNP,LD,skipped,skipped,skipped,4,6
2615,SNP,SNP,Lab,Lab,skipped,skipped,4,6
2616,SNP,SNP,Lab,Lab,skipped,skipped,4,6
2617,SNP,SNP,Lab,Lab,skipped,skipped,4,6
2618,SNP,SNP,Lab,Lab,skipped,skipped,4,6
2619,SNP,SNP,Lab,Lab,skipped,skipped,4,6
2620,SNP,SNP,Lab,Lab,skipped,skipped,4,6
2621,SNP,SNP,Lab,Lab,skipped,skipped,4,6
2622,SNP,SNP,Lab,Lab,skipped,skipped,4,6
2623,SNP,SNP,Lab,Lab,skipped,skipped,4,6
2624,SNP,SNP,Lab,Lab,skipped,skipped,4,6
2625,SNP,SNP,Lab,Lab,skipped,skipped,4,6
2626,SNP,SNP,Lab,Lab,skipped,skipped,4,6
2627,SNP,SNP,Lab,Lab,skipped,skipped,4,6
2628,SNP,SNP,Lab,Lab,skipped,skipped,4,6
2629,SNP,SNP,Lab,Lab,skipped,skipped,4,6
2630,SNP,SNP,Lab,Lab,skipped,skipped,4,6
2631,SNP,SNP,Lab,Lab,skipped,skipped,4,6
2632,SNP,SNP,Lab,Lab,skipped,skipped,4,6
2633,SNP,SNP,Lab,Lab,skipped,skipped,4,6
2634,SNP,SNP,Lab,Lab,skipped,skipped,4,6
2635,SNP,SNP,Lab,Lab,skipped,skipped,4,6
2636,SNP,SNP,Lab,Lab,skipped,skipped,4,6
2637,SNP,SNP,Lab,Lab,skipped,skipped,4,6
2638,SNP,SNP,Lab,Lab,skipped,skipped,4,6
2639,SNP,SNP,Lab,Lab,skipped,skipped,4,6
2640,SNP,SNP,Lab,Lab,skipped,skipped,4,6
2641,SNP,SNP,Lab,Lab,skipped,skipped,4,6
2642,SNP,Lab,skipped,skipped,skipped,skipped,4,6
2643,SNP,Lab,skipped,skipped,skipped,skipped,4,6
2644,SNP,Lab,skipped,skipped,skipped,skipped,4,6
2645,SNP,Lab,skipped,skipped,skipped,skipped,4,6
2646,Lab,Lab,LD,SNP,skipped,skipped,4,6
2647,Lab,Lab,LD,SNP,SNP,skipped,4,6
2648,Lab,Lab,LD,SNP,SNP,Con,4,6
2649,Lab,Lab,LD,SNP,SNP,Con,4,6
2650,Lab,Lab,LD,SNP,SNP,Con,4,6
2651,Lab,Lab,LD,SNP,SNP,Con,4,6
2652,Lab,Lab,LD,SNP,SNP,Con,4,6
2653,Lab,Lab,LD,SNP,SNP,Con,4,6
2654,SNP,Lab,SNP,Con,LD,Lab,4,6
2655,SNP,Lab,SNP,Con,LD,Lab,4,6
2656,Lab,Lab,SNP,Con,LD,SNP,4,6
2657,Lab,Lab,SNP,Con,LD,SNP,4,6
2658,Lab,LD,Lab,SNP,SNP,Con,4,6
2659,SNP,Lab,Lab,skipped,skipped,skipped,4,6
2660,LD,SNP,SNP,skipped,skipped,skipped,4,6
2661,LD,SNP,SNP,skipped,skipped,skipped,4,6
2662,Con,LD,Lab,Lab,skipped,skipped,4,6
2663,Con,LD,Lab,Lab,skipped,skipped,4,6
2664,Con,LD,Lab,Lab,skipped,skipped,4,6
2665,Con,LD,Lab,Lab,skipped,skipped,4,6
2666,Con,LD,Lab,Lab,skipped,skipped,4,6
2667,Con,LD,Lab,Lab,skipped,skipped,4,6
2668,Con,LD,Lab,Lab,skipped,skipped,4,6
2669,Con,LD,Lab,Lab,skipped,skipped,4,6
2670,Con,LD,Lab,Lab,skipped,skipped,4,6
2671,Con,LD,Lab,Lab,skipped,skipped,4,6
2672,Con,LD,Lab,Lab,skipped,skipped,4,6
2673,Con,LD,Lab,Lab,skipped,skipped,4,6
2674,Con,LD,Lab,Lab,SNP,SNP,4,6
2675,Con,LD,Lab,Lab,SNP,SNP,4,6
2676,Con,LD,Lab,Lab,SNP,SNP,4,6
2677,Con,LD,Lab,Lab,SNP,SNP,4,6
2678,Con,LD,Lab,Lab,SNP,SNP,4,6
2679,Con,LD,Lab,Lab,SNP,SNP,4,6
2680,Con,LD,Lab,Lab,SNP,SNP,4,6
2681,Con,LD,Lab,Lab,SNP,SNP,4,6
2682,Con,LD,Lab,Lab,SNP,SNP,4,6
2683,Con,LD,Lab,Lab,SNP,SNP,4,6
2684,Con,LD,Lab,Lab,SNP,SNP,4,6
2685,Con,LD,Lab,Lab,SNP,SNP,4,6
2686,Lab,Con,LD,SNP,SNP,Lab,4,6
2687,Lab,SNP,LD,skipped,skipped,skipped,4,6
2688,Lab,SNP,LD,skipped,skipped,skipped,4,6
2689,SNP,Con,Lab,LD,Lab,SNP,4,6
2690,Lab,Lab,SNP,Con,skipped,skipped,4,6
2691,SNP,Lab,Lab,SNP,skipped,skipped,4,6
2692,LD,Lab,Lab,Con,SNP,SNP,4,6
2693,Lab,LD,Lab,SNP,skipped,skipped,4,6
2694,Lab,SNP,SNP,Lab,skipped,skipped,4,6
2695,Lab,SNP,SNP,Lab,skipped,skipped,4,6
2696,Lab,SNP,SNP,Lab,skipped,skipped,4,6
2697,Lab,SNP,SNP,Lab,skipped,skipped,4,6
2698,SNP,SNP,LD,Lab,Lab,skipped,4,6
2699,SNP,SNP,LD,Lab,Lab,skipped,4,6
2700,SNP,SNP,LD,Lab,Lab,skipped,4,6
2701,LD,Con,Lab,Lab,skipped,skipped,4,6
2702,LD,Con,Lab,Lab,skipped,skipped,4,6
2703,LD,Con,Lab,Lab,skipped,skipped,4,6
2704,Lab,SNP,skipped,skipped,skipped,skipped,4,6
2705,Lab,SNP,skipped,skipped,skipped,skipped,4,6
2706,Lab,SNP,skipped,skipped,skipped,skipped,4,6
2707,Lab,SNP,skipped,skipped,skipped,skipped,4,6
2708,Lab,SNP,skipped,skipped,skipped,skipped,4,6
2709,Lab,SNP,skipped,skipped,skipped,skipped,4,6
2710,Con,Lab,SNP,skipped,skipped,skipped,4,6
2711,SNP,SNP,Lab,Lab,Con,LD,4,6
2712,SNP,SNP,Lab,Lab,Con,LD,4,6
2713,SNP,SNP,Lab,Lab,Con,LD,4,6
2714,SNP,SNP,Lab,Lab,Con,LD,4,6
2715,SNP,SNP,Lab,Lab,Con,LD,4,6
2716,SNP,SNP,Lab,Lab,Con,LD,4,6
2717,Lab,Lab,LD,SNP,Con,SNP,4,6
2718,SNP,SNP,LD,Lab,Con,Lab,4,6
2719,SNP,SNP,LD,Lab,Con,Lab,4,6
2720,SNP,SNP,LD,Lab,Con,Lab,4,6
2721,SNP,SNP,Con,Lab,Lab,LD,4,6
2722,Lab,Lab,Con,LD,SNP,SNP,4,6
2723,Lab,Lab,Con,LD,SNP,SNP,4,6
2724,Lab,Lab,Con,LD,SNP,SNP,4,6
2725,Lab,Lab,Con,LD,SNP,SNP,4,6
2726,Lab,Lab,Con,LD,SNP,SNP,4,6
2727,Lab,Lab,Con,LD,SNP,SNP,4,6
2728,Lab,Lab,Con,LD,SNP,SNP,4,6
2729,Lab,Lab,Con,LD,SNP,SNP,4,6
2730,Lab,Lab,Con,LD,SNP,SNP,4,6
2731,Lab,Lab,Con,LD,SNP,SNP,4,6
2732,Lab,Lab,Con,LD,SNP,SNP,4,6
2733,Lab,Lab,Con,LD,SNP,SNP,4,6
2734,Lab,Lab,Con,LD,SNP,SNP,4,6
2735,Lab,Lab,Con,LD,SNP,SNP,4,6
2736,Lab,Lab,Con,LD,SNP,SNP,4,6
2737,Lab,Lab,Con,LD,SNP,SNP,4,6
2738,Lab,Lab,Con,LD,SNP,SNP,4,6
2739,Lab,Lab,Con,LD,SNP,SNP,4,6
2740,Lab,Lab,Con,LD,SNP,SNP,4,6
2741,Lab,Lab,Con,LD,SNP,SNP,4,6
2742,Lab,Lab,Con,LD,SNP,SNP,4,6
2743,Lab,Lab,Con,LD,SNP,SNP,4,6
2744,SNP,skipped,skipped,skipped,skipped,skipped,4,6
2745,SNP,skipped,skipped,skipped,skipped,skipped,4,6
2746,SNP,skipped,skipped,skipped,skipped,skipped,4,6
2747,SNP,skipped,skipped,skipped,skipped,skipped,4,6
2748,SNP,skipped,skipped,skipped,skipped,skipped,4,6
2749,SNP,skipped,skipped,skipped,skipped,skipped,4,6
2750,SNP,skipped,skipped,skipped,skipped,skipped,4,6
2751,SNP,skipped,skipped,skipped,skipped,skipped,4,6
2752,SNP,skipped,skipped,skipped,skipped,skipped,4,6
2753,SNP,skipped,skipped,skipped,skipped,skipped,4,6
2754,SNP,skipped,skipped,skipped,skipped,skipped,4,6
2755,SNP,skipped,skipped,skipped,skipped,skipped,4,6
2756,SNP,skipped,skipped,skipped,skipped,skipped,4,6
2757,SNP,skipped,skipped,skipped,skipped,skipped,4,6
2758,SNP,skipped,skipped,skipped,skipped,skipped,4,6
2759,SNP,skipped,skipped,skipped,skipped,skipped,4,6
2760,SNP,skipped,skipped,skipped,skipped,skipped,4,6
2761,SNP,skipped,skipped,skipped,skipped,skipped,4,6
2762,SNP,skipped,skipped,skipped,skipped,skipped,4,6
2763,SNP,skipped,skipped,skipped,skipped,skipped,4,6
2764,SNP,skipped,skipped,skipped,skipped,skipped,4,6
2765,SNP,skipped,skipped,skipped,skipped,skipped,4,6
2766,SNP,skipped,skipped,skipped,skipped,skipped,4,6
2767,SNP,skipped,skipped,skipped,skipped,skipped,4,6
2768,LD,Lab,Lab,SNP,SNP,Con,4,6
2769,Lab,Lab,SNP,SNP,Con,LD,4,6
2770,Lab,Lab,SNP,SNP,Con,LD,4,6
2771,Lab,Lab,SNP,SNP,Con,LD,4,6
2772,Con,LD,SNP,SNP,skipped,skipped,4,6
2773,Lab,SNP,skipped,skipped,skipped,skipped,4,6
2774,Lab,SNP,skipped,skipped,skipped,skipped,4,6
2775,Con,LD,Lab,Lab,SNP,SNP,4,6
2776,Con,LD,Lab,Lab,SNP,SNP,4,6
2777,Con,LD,Lab,Lab,SNP,SNP,4,6
2778,SNP,Lab,SNP,Lab,skipped,skipped,4,6
2779,Lab,Lab,SNP,LD,SNP,Con,4,6
2780,Lab,Lab,SNP,LD,SNP,Con,4,6
2781,Lab,Lab,SNP,LD,SNP,Con,4,6
2782,Con,Lab,Lab,LD,skipped,skipped,4,6
2783,Con,Lab,Lab,LD,skipped,skipped,4,6
2784,Con,Lab,Lab,LD,skipped,skipped,4,6
2785,Con,Lab,Lab,LD,skipped,skipped,4,6
2786,Con,Lab,Lab,LD,skipped,skipped,4,6
2787,Con,Lab,Lab,LD,skipped,skipped,4,6
2788,Con,Lab,Lab,LD,skipped,skipped,4,6
2789,Con,Lab,Lab,LD,skipped,skipped,4,6
2790,Con,Lab,Lab,LD,skipped,skipped,4,6
2791,Con,Lab,Lab,LD,skipped,skipped,4,6
2792,Con,Lab,Lab,LD,skipped,skipped,4,6
2793,Con,Lab,Lab,LD,skipped,skipped,4,6
2794,Con,Lab,Lab,LD,skipped,skipped,4,6
2795,Con,Lab,Lab,LD,skipped,skipped,4,6
2796,Con,Lab,Lab,LD,skipped,skipped,4,6
2797,Con,Lab,Lab,LD,skipped,skipped,4,6
2798,Con,Lab,Lab,LD,skipped,skipped,4,6
2799,Con,Lab,Lab,LD,skipped,skipped,4,6
2800,Con,Lab,Lab,LD,skipped,skipped,4,6
2801,Con,Lab,Lab,LD,skipped,skipped,4,6
2802,Con,Lab,Lab,LD,skipped,skipped,4,6
2803,Con,Lab,Lab,LD,skipped,skipped,4,6
2804,Con,Lab,Lab,LD,skipped,skipped,4,6
2805,Con,Lab,Lab,LD,skipped,skipped,4,6
2806,Con,Lab,Lab,LD,skipped,skipped,4,6
2807,Con,Lab,Lab,LD,skipped,skipped,4,6
2808,Con,Lab,Lab,LD,skipped,skipped,4,6
2809,Con,Lab,Lab,LD,skipped,skipped,4,6
2810,Con,Lab,Lab,LD,skipped,skipped,4,6
2811,Con,Lab,Lab,LD,skipped,skipped,4,6
2812,Con,Lab,Lab,LD,skipped,skipped,4,6
2813,Con,Lab,Lab,LD,skipped,skipped,4,6
2814,Con,Lab,Lab,LD,skipped,skipped,4,6
2815,Con,Lab,Lab,LD,skipped,skipped,4,6
2816,Con,Lab,Lab,LD,skipped,skipped,4,6
2817,Con,Lab,Lab,LD,skipped,skipped,4,6
2818,Con,Lab,Lab,LD,skipped,skipped,4,6
2819,Con,Lab,Lab,LD,skipped,skipped,4,6
2820,Con,Lab,Lab,LD,skipped,skipped,4,6
2821,Con,Lab,Lab,LD,skipped,skipped,4,6
2822,Con,Lab,Lab,LD,skipped,skipped,4,6
2823,Con,Lab,Lab,LD,skipped,skipped,4,6
2824,Con,SNP,Lab,LD,SNP,Lab,4,6
2825,Lab,Lab,SNP,SNP,Con,skipped,4,6
2826,SNP,SNP,Con,Lab,Lab,LD,4,6
2827,SNP,SNP,Con,Lab,Lab,LD,4,6
2828,SNP,SNP,Con,Lab,Lab,LD,4,6
2829,SNP,SNP,Con,Lab,Lab,LD,4,6
2830,Lab,Con,skipped,skipped,skipped,skipped,4,6
2831,Lab,Con,skipped,skipped,skipped,skipped,4,6
2832,Lab,Con,skipped,skipped,skipped,skipped,4,6
2833,Lab,Con,skipped,skipped,skipped,skipped,4,6
2834,Lab,Con,skipped,skipped,skipped,skipped,4,6
2835,Lab,Con,skipped,skipped,skipped,skipped,4,6
2836,Lab,Con,skipped,skipped,skipped,skipped,4,6
2837,Lab,Con,skipped,skipped,skipped,skipped,4,6
2838,Lab,Con,skipped,skipped,skipped,skipped,4,6
2839,Lab,Con,skipped,skipped,skipped,skipped,4,6
2840,Lab,Con,skipped,skipped,skipped,skipped,4,6
2841,Lab,Lab,Con,LD,skipped,skipped,4,6
2842,Lab,Lab,Con,LD,skipped,skipped,4,6
2843,Lab,Lab,Con,LD,skipped,skipped,4,6
2844,Lab,Lab,Con,LD,skipped,skipped,4,6
2845,Lab,Lab,Con,LD,skipped,skipped,4,6
2846,Lab,Lab,Con,LD,skipped,skipped,4,6
2847,Lab,Lab,Con,LD,skipped,skipped,4,6
2848,Lab,Lab,Con,LD,skipped,skipped,4,6
2849,Lab,Lab,Con,LD,skipped,skipped,4,6
2850,Lab,Lab,Con,LD,skipped,skipped,4,6
2851,Lab,Lab,Con,LD,skipped,skipped,4,6
2852,Lab,Lab,Con,LD,skipped,skipped,4,6
2853,Lab,Lab,Con,LD,skipped,skipped,4,6
2854,Lab,Lab,Con,LD,skipped,skipped,4,6
2855,Lab,Lab,Con,LD,skipped,skipped,4,6
2856,Lab,Lab,Con,LD,skipped,skipped,4,6
2857,Lab,Lab,Con,LD,skipped,skipped,4,6
2858,Lab,Lab,Con,LD,skipped,skipped,4,6
2859,Lab,Lab,Con,LD,skipped,skipped,4,6
2860,Lab,Lab,Con,LD,skipped,skipped,4,6
2861,SNP,Lab,skipped,skipped,skipped,skipped,4,6
2862,SNP,Lab,skipped,skipped,skipped,skipped,4,6
2863,SNP,Lab,skipped,skipped,skipped,skipped,4,6
2864,SNP,Lab,skipped,skipped,skipped,skipped,4,6
2865,SNP,Lab,skipped,skipped,skipped,skipped,4,6
2866,SNP,Lab,skipped,skipped,skipped,skipped,4,6
2867,Lab,Lab,SNP,LD,skipped,skipped,4,6
2868,Lab,Lab,SNP,LD,skipped,skipped,4,6
2869,Lab,SNP,Lab,SNP,LD,Con,4,6
2870,Lab,SNP,Lab,SNP,LD,Con,4,6
2871,Lab,SNP,LD,skipped,skipped,skipped,4,6
2872,Lab,SNP,LD,skipped,skipped,skipped,4,6
2873,Lab,SNP,LD,skipped,skipped,skipped,4,6
2874,Con,SNP,SNP,skipped,skipped,skipped,4,6
2875,Lab,SNP,SNP,skipped,skipped,skipped,4,6
2876,Lab,Con,SNP,skipped,skipped,skipped,4,6
2877,Con,Lab,Lab,skipped,skipped,skipped,4,6
2878,Con,Lab,Lab,skipped,skipped,skipped,4,6
2879,Con,Lab,Lab,skipped,skipped,skipped,4,6
2880,Con,Lab,Lab,skipped,skipped,skipped,4,6
2881,Con,Lab,Lab,skipped,skipped,skipped,4,6
2882,Con,Lab,Lab,skipped,skipped,skipped,4,6
2883,Con,Lab,Lab,skipped,skipped,skipped,4,6
2884,Con,Lab,Lab,skipped,skipped,skipped,4,6
2885,Con,Lab,Lab,skipped,skipped,skipped,4,6
2886,Con,Lab,Lab,skipped,skipped,skipped,4,6
2887,Con,Lab,Lab,skipped,skipped,skipped,4,6
2888,Con,Lab,Lab,skipped,skipped,skipped,4,6
2889,Con,Lab,Lab,skipped,skipped,skipped,4,6
2890,Con,Lab,Lab,skipped,skipped,skipped,4,6
2891,Con,Lab,Lab,skipped,skipped,skipped,4,6
2892,Con,Lab,Lab,skipped,skipped,skipped,4,6
2893,Con,Lab,Lab,skipped,skipped,skipped,4,6
2894,Con,Lab,Lab,skipped,skipped,skipped,4,6
2895,Con,Lab,Lab,skipped,skipped,skipped,4,6
2896,Con,Lab,Lab,skipped,skipped,skipped,4,6
2897,Con,Lab,Lab,skipped,skipped,skipped,4,6
2898,Con,Lab,Lab,skipped,skipped,skipped,4,6
2899,Con,Lab,Lab,skipped,skipped,skipped,4,6
2900,Con,Lab,Lab,skipped,skipped,skipped,4,6
2901,Con,Lab,Lab,skipped,skipped,skipped,4,6
2902,Con,Lab,Lab,skipped,skipped,skipped,4,6
2903,Con,Lab,Lab,skipped,skipped,skipped,4,6
2904,Con,Lab,Lab,skipped,skipped,skipped,4,6
2905,Con,Lab,Lab,skipped,skipped,skipped,4,6
2906,Con,Lab,Lab,skipped,skipped,skipped,4,6
2907,Con,Lab,Lab,skipped,skipped,skipped,4,6
2908,Con,Lab,Lab,skipped,skipped,skipped,4,6
2909,Con,Lab,Lab,skipped,skipped,skipped,4,6
2910,Con,Lab,Lab,skipped,skipped,skipped,4,6
2911,Con,Lab,Lab,skipped,skipped,skipped,4,6
2912,Con,Lab,Lab,skipped,skipped,skipped,4,6
2913,Con,Lab,Lab,skipped,skipped,skipped,4,6
2914,Con,Lab,Lab,skipped,skipped,skipped,4,6
2915,Con,Lab,Lab,skipped,skipped,skipped,4,6
2916,SNP,SNP,Lab,Lab,skipped,skipped,4,6
2917,SNP,SNP,Lab,Lab,skipped,skipped,4,6
2918,SNP,SNP,Lab,Lab,skipped,skipped,4,6
2919,SNP,SNP,Lab,Lab,skipped,skipped,4,6
2920,SNP,SNP,Lab,Lab,skipped,skipped,4,6
2921,SNP,SNP,Lab,Lab,skipped,skipped,4,6
2922,SNP,SNP,Lab,Lab,skipped,skipped,4,6
2923,SNP,SNP,Lab,Lab,skipped,skipped,4,6
2924,SNP,SNP,Lab,Lab,skipped,skipped,4,6
2925,SNP,SNP,Lab,Lab,skipped,skipped,4,6
2926,SNP,SNP,Lab,Lab,skipped,skipped,4,6
2927,SNP,SNP,Lab,Lab,skipped,skipped,4,6
2928,SNP,SNP,Lab,Lab,skipped,skipped,4,6
2929,SNP,SNP,Lab,Lab,skipped,skipped,4,6
2930,SNP,SNP,Lab,Lab,skipped,skipped,4,6
2931,SNP,SNP,Lab,Lab,skipped,skipped,4,6
2932,SNP,SNP,Lab,Lab,skipped,skipped,4,6
2933,SNP,SNP,Lab,Lab,skipped,skipped,4,6
2934,SNP,SNP,Lab,Lab,skipped,skipped,4,6
2935,SNP,SNP,Lab,Lab,skipped,skipped,4,6
2936,SNP,SNP,Lab,Lab,skipped,skipped,4,6
2937,SNP,SNP,Lab,Lab,skipped,skipped,4,6
2938,SNP,SNP,Lab,Lab,skipped,skipped,4,6
2939,SNP,SNP,Lab,Lab,skipped,skipped,4,6
2940,SNP,SNP,Lab,Lab,skipped,skipped,4,6
2941,SNP,SNP,Lab,Lab,skipped,skipped,4,6
2942,SNP,SNP,Lab,Lab,skipped,skipped,4,6
2943,SNP,SNP,Lab,Lab,skipped,skipped,4,6
2944,SNP,SNP,Lab,Lab,skipped,skipped,4,6
2945,SNP,SNP,Lab,Lab,skipped,skipped,4,6
2946,SNP,SNP,Lab,Lab,skipped,skipped,4,6
2947,SNP,SNP,Lab,Lab,skipped,skipped,4,6
2948,SNP,SNP,Lab,Lab,skipped,skipped,4,6
2949,SNP,SNP,Lab,Lab,skipped,skipped,4,6
2950,SNP,SNP,Lab,Lab,skipped,skipped,4,6
2951,SNP,SNP,Lab,Lab,skipped,skipped,4,6
2952,SNP,SNP,Lab,Lab,skipped,skipped,4,6
2953,SNP,SNP,Lab,Lab,skipped,skipped,4,6
2954,SNP,SNP,Lab,Lab,skipped,skipped,4,6
2955,SNP,SNP,Lab,Lab,skipped,skipped,4,6
2956,SNP,SNP,Lab,Lab,skipped,skipped,4,6
2957,SNP,SNP,Lab,Lab,skipped,skipped,4,6
2958,SNP,SNP,Lab,Lab,skipped,skipped,4,6
2959,Lab,SNP,LD,Lab,SNP,skipped,4,6
2960,LD,Lab,SNP,Con,SNP,Lab,4,6
2961,Lab,SNP,SNP,Lab,LD,Con,4,6
2962,SNP,Lab,SNP,Lab,Con,LD,4,6
2963,SNP,Lab,SNP,Lab,Con,LD,4,6
2964,SNP,LD,SNP,Lab,Con,Lab,4,6
2965,Con,LD,Lab,SNP,Lab,SNP,4,6
2966,SNP,SNP,LD,Con,skipped,skipped,4,6
2967,SNP,SNP,LD,Con,skipped,skipped,4,6
2968,Con,LD,SNP,skipped,skipped,skipped,4,6
2969,SNP,SNP,Con,Lab,LD,Lab,4,6
2970,Lab,LD,Con,SNP,SNP,skipped,4,6
2971,LD,SNP,skipped,skipped,skipped,skipped,4,6
2972,Lab,SNP,SNP,Lab,skipped,skipped,4,6
2973,Lab,SNP,Con,skipped,skipped,skipped,4,6
2974,Lab,SNP,Con,skipped,skipped,skipped,4,6
2975,Lab,SNP,Con,skipped,skipped,skipped,4,6
2976,Lab,SNP,Con,skipped,skipped,skipped,4,6
2977,Con,Lab,Lab,LD,SNP,SNP,4,6
2978,Con,Lab,Lab,LD,SNP,SNP,4,6
2979,Con,Lab,Lab,LD,SNP,SNP,4,6
2980,Lab,SNP,SNP,Lab,LD,Con,4,6
2981,Lab,SNP,SNP,Lab,LD,Con,4,6
2982,SNP,Lab,Con,LD,SNP,Lab,4,6
2983,Lab,Con,Lab,LD,SNP,SNP,4,6
2984,Lab,Con,Lab,LD,SNP,SNP,4,6
2985,SNP,Lab,SNP,Lab,LD,skipped,4,6
2986,SNP,Lab,SNP,Lab,LD,skipped,4,6
2987,Lab,Lab,Con,skipped,skipped,skipped,4,6
2988,Lab,Lab,Con,skipped,skipped,skipped,4,6
2989,Lab,Lab,Con,skipped,skipped,skipped,4,6
2990,Lab,Lab,Con,skipped,skipped,skipped,4,6
2991,Lab,Lab,Con,skipped,skipped,skipped,4,6
2992,Lab,Lab,Con,skipped,skipped,skipped,4,6
2993,Lab,Lab,Con,skipped,skipped,skipped,4,6
2994,Lab,Lab,Con,skipped,skipped,skipped,4,6
2995,Lab,Lab,Con,skipped,skipped,skipped,4,6
2996,Lab,Lab,Con,skipped,skipped,skipped,4,6
2997,Lab,Lab,Con,skipped,skipped,skipped,4,6
2998,Lab,Lab,Con,skipped,skipped,skipped,4,6
2999,Lab,Lab,Con,skipped,skipped,skipped,4,6
3000,Lab,Lab,Con,skipped,skipped,skipped,4,6
3001,Lab,Lab,Con,skipped,skipped,skipped,4,6
3002,Lab,Lab,Con,skipped,skipped,skipped,4,6
3003,Lab,Lab,Con,skipped,skipped,skipped,4,6
3004,Lab,Lab,Con,skipped,skipped,skipped,4,6
3005,Lab,Lab,Con,skipped,skipped,skipped,4,6
3006,Lab,Lab,Con,skipped,skipped,skipped,4,6
3007,Lab,Lab,Con,skipped,skipped,skipped,4,6
3008,Lab,Lab,Con,skipped,skipped,skipped,4,6
3009,Lab,Lab,Con,skipped,skipped,skipped,4,6
3010,Lab,Lab,Con,skipped,skipped,skipped,4,6
3011,Lab,Lab,Con,skipped,skipped,skipped,4,6
3012,Lab,Lab,Con,skipped,skipped,skipped,4,6
3013,Lab,Lab,Con,skipped,skipped,skipped,4,6
3014,Lab,Lab,Con,skipped,skipped,skipped,4,6
3015,Lab,Lab,Con,skipped,skipped,skipped,4,6
3016,Lab,Lab,Con,skipped,skipped,skipped,4,6
3017,Lab,Lab,Con,skipped,skipped,skipped,4,6
3018,Lab,Lab,Con,skipped,skipped,skipped,4,6
3019,Lab,Lab,Con,skipped,skipped,skipped,4,6
3020,Lab,Lab,LD,Con,skipped,skipped,4,6
3021,Lab,Lab,LD,Con,skipped,skipped,4,6
3022,Lab,Lab,LD,Con,skipped,skipped,4,6
3023,Lab,Lab,LD,Con,skipped,skipped,4,6
3024,Lab,Lab,LD,Con,skipped,skipped,4,6
3025,Lab,Lab,LD,Con,skipped,skipped,4,6
3026,Lab,Lab,LD,Con,skipped,skipped,4,6
3027,Lab,Lab,LD,Con,skipped,skipped,4,6
3028,Lab,Lab,LD,Con,skipped,skipped,4,6
3029,Lab,Lab,LD,Con,skipped,skipped,4,6
3030,Lab,Lab,LD,Con,skipped,skipped,4,6
3031,Lab,Lab,LD,Con,skipped,skipped,4,6
3032,SNP,SNP,Lab,skipped,skipped,skipped,4,6
3033,SNP,SNP,Lab,skipped,skipped,skipped,4,6
3034,SNP,SNP,Lab,skipped,skipped,skipped,4,6
3035,SNP,SNP,Lab,skipped,skipped,skipped,4,6
3036,SNP,SNP,Lab,skipped,skipped,skipped,4,6
3037,SNP,SNP,Lab,skipped,skipped,skipped,4,6
3038,SNP,SNP,Lab,skipped,skipped,skipped,4,6
3039,SNP,SNP,Lab,skipped,skipped,skipped,4,6
3040,SNP,SNP,Lab,skipped,skipped,skipped,4,6
3041,SNP,SNP,Lab,skipped,skipped,skipped,4,6
3042,SNP,SNP,Lab,skipped,skipped,skipped,4,6
3043,SNP,SNP,Lab,skipped,skipped,skipped,4,6
3044,SNP,SNP,Lab,skipped,skipped,skipped,4,6
3045,SNP,SNP,Lab,skipped,skipped,skipped,4,6
3046,SNP,SNP,Lab,skipped,skipped,skipped,4,6
3047,SNP,SNP,Lab,skipped,skipped,skipped,4,6
3048,SNP,SNP,Lab,skipped,skipped,skipped,4,6
3049,SNP,SNP,Lab,skipped,skipped,skipped,4,6
3050,SNP,SNP,Lab,skipped,skipped,skipped,4,6
3051,SNP,SNP,Lab,skipped,skipped,skipped,4,6
3052,SNP,SNP,Lab,skipped,skipped,skipped,4,6
3053,SNP,SNP,Lab,skipped,skipped,skipped,4,6
3054,SNP,SNP,Lab,skipped,skipped,skipped,4,6
3055,SNP,SNP,Lab,skipped,skipped,skipped,4,6
3056,SNP,SNP,Lab,skipped,skipped,skipped,4,6
3057,SNP,SNP,Lab,skipped,skipped,skipped,4,6
3058,SNP,SNP,Con,Lab,skipped,skipped,4,6
3059,SNP,SNP,Con,LD,skipped,skipped,4,6
3060,Lab,SNP,SNP,Lab,Con,LD,4,6
3061,Con,LD,SNP,SNP,Lab,skipped,4,6
3062,Lab,SNP,Lab,LD,Con,SNP,4,6
3063,SNP,Lab,SNP,skipped,skipped,skipped,4,6
3064,SNP,Lab,SNP,skipped,skipped,skipped,4,6
3065,SNP,Lab,SNP,skipped,skipped,skipped,4,6
3066,SNP,Lab,SNP,skipped,skipped,skipped,4,6
3067,SNP,Lab,SNP,skipped,skipped,skipped,4,6
3068,SNP,Lab,SNP,skipped,skipped,skipped,4,6
3069,LD,Con,Lab,skipped,skipped,skipped,4,6
3070,LD,Con,Lab,skipped,skipped,skipped,4,6
3071,LD,Con,Lab,skipped,skipped,skipped,4,6
3072,LD,Con,Lab,skipped,skipped,skipped,4,6
3073,LD,Con,Lab,skipped,skipped,skipped,4,6
3074,SNP,LD,skipped,skipped,skipped,skipped,4,6
3075,SNP,LD,skipped,skipped,skipped,skipped,4,6
3076,SNP,LD,skipped,skipped,skipped,skipped,4,6
3077,Lab,Lab,SNP,skipped,skipped,skipped,4,6
3078,Lab,Lab,SNP,skipped,skipped,skipped,4,6
3079,Lab,Lab,SNP,skipped,skipped,skipped,4,6
3080,Lab,Lab,SNP,skipped,skipped,skipped,4,6
3081,Lab,Lab,SNP,skipped,skipped,skipped,4,6
3082,Lab,Lab,SNP,skipped,skipped,skipped,4,6
3083,Lab,Lab,SNP,skipped,skipped,skipped,4,6
3084,Lab,Lab,SNP,skipped,skipped,skipped,4,6
3085,Lab,Lab,SNP,skipped,skipped,skipped,4,6
3086,Lab,Lab,SNP,skipped,skipped,skipped,4,6
3087,Lab,Lab,SNP,skipped,skipped,skipped,4,6
3088,Lab,Lab,SNP,skipped,skipped,skipped,4,6
3089,Lab,Lab,SNP,skipped,skipped,skipped,4,6
3090,Lab,Lab,SNP,skipped,skipped,skipped,4,6
3091,Lab,Lab,SNP,skipped,skipped,skipped,4,6
3092,Lab,Lab,SNP,skipped,skipped,skipped,4,6
3093,Lab,Lab,SNP,skipped,skipped,skipped,4,6
3094,Lab,Lab,SNP,skipped,skipped,skipped,4,6
3095,Lab,Lab,SNP,skipped,skipped,skipped,4,6
3096,Lab,Lab,SNP,skipped,skipped,skipped,4,6
3097,Lab,Lab,SNP,skipped,skipped,skipped,4,6
3098,Lab,Lab,SNP,skipped,skipped,skipped,4,6
3099,Lab,Lab,SNP,skipped,skipped,skipped,4,6
3100,Lab,Lab,SNP,skipped,skipped,skipped,4,6
3101,Lab,Lab,SNP,skipped,skipped,skipped,4,6
3102,Lab,Lab,SNP,skipped,skipped,skipped,4,6
3103,Lab,Lab,SNP,skipped,skipped,skipped,4,6
3104,Lab,Lab,SNP,skipped,skipped,skipped,4,6
3105,Lab,Lab,SNP,skipped,skipped,skipped,4,6
3106,Lab,Lab,SNP,skipped,skipped,skipped,4,6
3107,Lab,Lab,SNP,skipped,skipped,skipped,4,6
3108,Lab,Lab,SNP,skipped,skipped,skipped,4,6
3109,Lab,Lab,SNP,skipped,skipped,skipped,4,6
3110,Lab,Lab,SNP,skipped,skipped,skipped,4,6
3111,Lab,Lab,SNP,skipped,skipped,skipped,4,6
3112,Lab,Lab,SNP,skipped,skipped,skipped,4,6
3113,Lab,Lab,SNP,skipped,skipped,skipped,4,6
3114,Lab,Lab,SNP,skipped,skipped,skipped,4,6
3115,Lab,Lab,SNP,skipped,skipped,skipped,4,6
3116,Lab,Lab,SNP,skipped,skipped,skipped,4,6
3117,Lab,Lab,SNP,skipped,skipped,skipped,4,6
3118,Lab,Lab,SNP,skipped,skipped,skipped,4,6
3119,Lab,Lab,SNP,skipped,skipped,skipped,4,6
3120,Lab,Lab,SNP,skipped,skipped,skipped,4,6
3121,Lab,Lab,SNP,skipped,skipped,skipped,4,6
3122,SNP,Con,Lab,skipped,skipped,skipped,4,6
3123,SNP,SNP,Lab,skipped,skipped,skipped,4,6
3124,SNP,SNP,Lab,skipped,skipped,skipped,4,6
3125,SNP,SNP,Lab,skipped,skipped,skipped,4,6
3126,SNP,SNP,Lab,skipped,skipped,skipped,4,6
3127,SNP,SNP,Lab,skipped,skipped,skipped,4,6
3128,SNP,SNP,Lab,skipped,skipped,skipped,4,6
3129,SNP,SNP,Lab,skipped,skipped,skipped,4,6
3130,SNP,SNP,Lab,skipped,skipped,skipped,4,6
3131,SNP,SNP,Lab,skipped,skipped,skipped,4,6
3132,SNP,SNP,Lab,skipped,skipped,skipped,4,6
3133,SNP,SNP,Lab,skipped,skipped,skipped,4,6
3134,SNP,SNP,Lab,skipped,skipped,skipped,4,6
3135,SNP,SNP,Lab,skipped,skipped,skipped,4,6
3136,SNP,SNP,Lab,skipped,skipped,skipped,4,6
3137,SNP,SNP,Lab,skipped,skipped,skipped,4,6
3138,SNP,SNP,Lab,skipped,skipped,skipped,4,6
3139,SNP,SNP,Lab,skipped,skipped,skipped,4,6
3140,SNP,SNP,Lab,skipped,skipped,skipped,4,6
3141,SNP,SNP,Lab,skipped,skipped,skipped,4,6
3142,SNP,SNP,Lab,skipped,skipped,skipped,4,6
3143,SNP,SNP,Lab,skipped,skipped,skipped,4,6
3144,SNP,SNP,Lab,skipped,skipped,skipped,4,6
3145,SNP,SNP,Lab,skipped,skipped,skipped,4,6
3146,SNP,SNP,Lab,skipped,skipped,skipped,4,6
3147,SNP,SNP,Lab,skipped,skipped,skipped,4,6
3148,SNP,SNP,Lab,skipped,skipped,skipped,4,6
3149,SNP,SNP,Lab,skipped,skipped,skipped,4,6
3150,SNP,SNP,Lab,skipped,skipped,skipped,4,6
3151,SNP,SNP,Lab,skipped,skipped,skipped,4,6
3152,SNP,SNP,Lab,skipped,skipped,skipped,4,6
3153,SNP,SNP,Lab,skipped,skipped,skipped,4,6
3154,SNP,SNP,Lab,skipped,skipped,skipped,4,6
3155,SNP,SNP,Lab,skipped,skipped,skipped,4,6
3156,SNP,SNP,Lab,skipped,skipped,skipped,4,6
3157,SNP,SNP,Lab,skipped,skipped,skipped,4,6
3158,SNP,SNP,Lab,skipped,skipped,skipped,4,6
3159,SNP,SNP,Lab,skipped,skipped,skipped,4,6
3160,SNP,SNP,Lab,skipped,skipped,skipped,4,6
3161,SNP,SNP,Lab,skipped,skipped,skipped,4,6
3162,SNP,SNP,Lab,skipped,skipped,skipped,4,6
3163,SNP,SNP,Lab,skipped,skipped,skipped,4,6
3164,SNP,SNP,Lab,skipped,skipped,skipped,4,6
3165,SNP,SNP,Lab,skipped,skipped,skipped,4,6
3166,SNP,SNP,Lab,skipped,skipped,skipped,4,6
3167,SNP,SNP,Lab,skipped,skipped,skipped,4,6
3168,SNP,SNP,Lab,skipped,skipped,skipped,4,6
3169,SNP,SNP,Lab,skipped,skipped,skipped,4,6
3170,SNP,SNP,Lab,skipped,skipped,skipped,4,6
3171,SNP,SNP,Lab,skipped,skipped,skipped,4,6
3172,SNP,SNP,Lab,skipped,skipped,skipped,4,6
3173,SNP,SNP,Lab,skipped,skipped,skipped,4,6
3174,SNP,SNP,Lab,skipped,skipped,skipped,4,6
3175,SNP,SNP,Lab,skipped,skipped,skipped,4,6
3176,SNP,SNP,Lab,skipped,skipped,skipped,4,6
3177,SNP,SNP,Lab,skipped,skipped,skipped,4,6
3178,Con,LD,skipped,skipped,skipped,skipped,4,6
3179,Con,LD,skipped,skipped,skipped,skipped,4,6
3180,Con,LD,skipped,skipped,skipped,skipped,4,6
3181,Con,LD,skipped,skipped,skipped,skipped,4,6
3182,Con,LD,skipped,skipped,skipped,skipped,4,6
3183,Con,LD,skipped,skipped,skipped,skipped,4,6
3184,Con,LD,skipped,skipped,skipped,skipped,4,6
3185,Con,LD,skipped,skipped,skipped,skipped,4,6
3186,Con,LD,skipped,skipped,skipped,skipped,4,6
3187,Con,LD,skipped,skipped,skipped,skipped,4,6
3188,Con,LD,skipped,skipped,skipped,skipped,4,6
3189,Con,LD,skipped,skipped,skipped,skipped,4,6
3190,Con,LD,skipped,skipped,skipped,skipped,4,6
3191,Con,LD,skipped,skipped,skipped,skipped,4,6
3192,Con,LD,skipped,skipped,skipped,skipped,4,6
3193,Con,LD,skipped,skipped,skipped,skipped,4,6
3194,Con,LD,skipped,skipped,skipped,skipped,4,6
3195,Con,LD,skipped,skipped,skipped,skipped,4,6
3196,Con,LD,skipped,skipped,skipped,skipped,4,6
3197,Con,LD,skipped,skipped,skipped,skipped,4,6
3198,Con,LD,skipped,skipped,skipped,skipped,4,6
3199,Con,LD,skipped,skipped,skipped,skipped,4,6
3200,Con,LD,skipped,skipped,skipped,skipped,4,6
3201,Con,LD,skipped,skipped,skipped,skipped,4,6
3202,Con,LD,skipped,skipped,skipped,skipped,4,6
3203,Con,LD,skipped,skipped,skipped,skipped,4,6
3204,Con,LD,skipped,skipped,skipped,skipped,4,6
3205,Con,LD,skipped,skipped,skipped,skipped,4,6
3206,Con,LD,skipped,skipped,skipped,skipped,4,6
3207,Con,LD,skipped,skipped,skipped,skipped,4,6
3208,Con,LD,skipped,skipped,skipped,skipped,4,6
3209,Con,LD,skipped,skipped,skipped,skipped,4,6
3210,Con,LD,skipped,skipped,skipped,skipped,4,6
3211,Con,LD,skipped,skipped,skipped,skipped,4,6
3212,Con,LD,skipped,skipped,skipped,skipped,4,6
3213,Con,LD,skipped,skipped,skipped,skipped,4,6
3214,Con,LD,skipped,skipped,skipped,skipped,4,6
3215,Con,LD,skipped,skipped,skipped,skipped,4,6
3216,Con,LD,skipped,skipped,skipped,skipped,4,6
3217,Con,LD,skipped,skipped,skipped,skipped,4,6
3218,Con,LD,skipped,skipped,skipped,skipped,4,6
3219,Con,LD,skipped,skipped,skipped,skipped,4,6
3220,Con,LD,skipped,skipped,skipped,skipped,4,6
3221,Con,LD,skipped,skipped,skipped,skipped,4,6
3222,Con,LD,skipped,skipped,skipped,skipped,4,6
3223,Con,LD,skipped,skipped,skipped,skipped,4,6
3224,Con,LD,skipped,skipped,skipped,skipped,4,6
3225,Con,LD,skipped,skipped,skipped,skipped,4,6
3226,Con,LD,skipped,skipped,skipped,skipped,4,6
3227,Con,LD,skipped,skipped,skipped,skipped,4,6
3228,Con,LD,skipped,skipped,skipped,skipped,4,6
3229,Con,LD,skipped,skipped,skipped,skipped,4,6
3230,Con,LD,skipped,skipped,skipped,skipped,4,6
3231,Con,LD,skipped,skipped,skipped,skipped,4,6
3232,Con,LD,skipped,skipped,skipped,skipped,4,6
3233,Con,LD,skipped,skipped,skipped,skipped,4,6
3234,Con,LD,skipped,skipped,skipped,skipped,4,6
3235,Con,LD,skipped,skipped,skipped,skipped,4,6
3236,Con,LD,skipped,skipped,skipped,skipped,4,6
3237,Con,LD,skipped,skipped,skipped,skipped,4,6
3238,Con,LD,skipped,skipped,skipped,skipped,4,6
3239,Con,LD,skipped,skipped,skipped,skipped,4,6
3240,Con,LD,skipped,skipped,skipped,skipped,4,6
3241,Con,LD,skipped,skipped,skipped,skipped,4,6
3242,Con,LD,skipped,skipped,skipped,skipped,4,6
3243,Con,LD,skipped,skipped,skipped,skipped,4,6
3244,Con,LD,skipped,skipped,skipped,skipped,4,6
3245,Con,LD,skipped,skipped,skipped,skipped,4,6
3246,Con,LD,skipped,skipped,skipped,skipped,4,6
3247,Con,LD,skipped,skipped,skipped,skipped,4,6
3248,Con,LD,skipped,skipped,skipped,skipped,4,6
3249,Con,LD,skipped,skipped,skipped,skipped,4,6
3250,Con,LD,skipped,skipped,skipped,skipped,4,6
3251,Con,LD,skipped,skipped,skipped,skipped,4,6
3252,Con,LD,skipped,skipped,skipped,skipped,4,6
3253,Con,LD,skipped,skipped,skipped,skipped,4,6
3254,Con,LD,skipped,skipped,skipped,skipped,4,6
3255,Con,LD,skipped,skipped,skipped,skipped,4,6
3256,Con,LD,skipped,skipped,skipped,skipped,4,6
3257,Con,LD,skipped,skipped,skipped,skipped,4,6
3258,Con,LD,skipped,skipped,skipped,skipped,4,6
3259,Con,LD,skipped,skipped,skipped,skipped,4,6
3260,Con,LD,skipped,skipped,skipped,skipped,4,6
3261,Con,LD,skipped,skipped,skipped,skipped,4,6
3262,Lab,Lab,SNP,Con,SNP,LD,4,6
3263,Con,Lab,Lab,skipped,skipped,skipped,4,6
3264,Con,Lab,Lab,skipped,skipped,skipped,4,6
3265,Con,Lab,Lab,skipped,skipped,skipped,4,6
3266,Con,Lab,Lab,skipped,skipped,skipped,4,6
3267,Con,Lab,Lab,skipped,skipped,skipped,4,6
3268,Con,Lab,Lab,skipped,skipped,skipped,4,6
3269,Con,Lab,Lab,skipped,skipped,skipped,4,6
3270,Con,Lab,Lab,skipped,skipped,skipped,4,6
3271,Con,Lab,Lab,skipped,skipped,skipped,4,6
3272,Con,Lab,Lab,skipped,skipped,skipped,4,6
3273,Con,Lab,Lab,skipped,skipped,skipped,4,6
3274,Con,Lab,Lab,skipped,skipped,skipped,4,6
3275,Con,Lab,Lab,skipped,skipped,skipped,4,6
3276,Con,Lab,Lab,skipped,skipped,skipped,4,6
3277,Con,Lab,Lab,skipped,skipped,skipped,4,6
3278,Con,Lab,Lab,skipped,skipped,skipped,4,6
3279,Con,Lab,Lab,skipped,skipped,skipped,4,6
3280,Con,Lab,Lab,skipped,skipped,skipped,4,6
3281,Con,Lab,Lab,skipped,skipped,skipped,4,6
3282,Con,Lab,Lab,skipped,skipped,skipped,4,6
3283,Con,Lab,Lab,skipped,skipped,skipped,4,6
3284,Con,Lab,Lab,skipped,skipped,skipped,4,6
3285,Con,Lab,Lab,skipped,skipped,skipped,4,6
3286,Con,Lab,Lab,skipped,skipped,skipped,4,6
3287,Con,Lab,Lab,skipped,skipped,skipped,4,6
3288,Con,Lab,Lab,skipped,skipped,skipped,4,6
3289,Con,Lab,Lab,skipped,skipped,skipped,4,6
3290,Con,Lab,Lab,skipped,skipped,skipped,4,6
3291,Con,Lab,Lab,skipped,skipped,skipped,4,6
3292,Con,Lab,Lab,skipped,skipped,skipped,4,6
3293,Con,Lab,Lab,skipped,skipped,skipped,4,6
3294,Con,Lab,Lab,skipped,skipped,skipped,4,6
3295,Con,Lab,Lab,skipped,skipped,skipped,4,6
3296,Con,Lab,Lab,skipped,skipped,skipped,4,6
3297,Con,Lab,Lab,skipped,skipped,skipped,4,6
3298,Con,Lab,Lab,skipped,skipped,skipped,4,6
3299,Con,Lab,Lab,skipped,skipped,skipped,4,6
3300,Con,Lab,Lab,skipped,skipped,skipped,4,6
3301,Con,Lab,Lab,skipped,skipped,skipped,4,6
3302,Con,Lab,Lab,skipped,skipped,skipped,4,6
3303,Con,Lab,Lab,skipped,skipped,skipped,4,6
3304,Con,Lab,Lab,skipped,skipped,skipped,4,6
3305,Con,Lab,Lab,skipped,skipped,skipped,4,6
3306,Con,Lab,Lab,skipped,skipped,skipped,4,6
3307,Con,Lab,Lab,skipped,skipped,skipped,4,6
3308,Con,Lab,Lab,skipped,skipped,skipped,4,6
3309,Con,Lab,Lab,skipped,skipped,skipped,4,6
3310,Con,Lab,Lab,skipped,skipped,skipped,4,6
3311,Con,Lab,Lab,skipped,skipped,skipped,4,6
3312,Con,Lab,Lab,skipped,skipped,skipped,4,6
3313,Con,Lab,Lab,skipped,skipped,skipped,4,6
3314,Con,Lab,Lab,skipped,skipped,skipped,4,6
3315,Con,Lab,Lab,skipped,skipped,skipped,4,6
3316,Con,Lab,Lab,skipped,skipped,skipped,4,6
3317,Con,Lab,Lab,skipped,skipped,skipped,4,6
3318,Con,Lab,Lab,skipped,skipped,skipped,4,6
3319,Con,Lab,Lab,skipped,skipped,skipped,4,6
3320,Con,Lab,Lab,skipped,skipped,skipped,4,6
3321,Con,Lab,Lab,skipped,skipped,skipped,4,6
3322,Con,Lab,Lab,skipped,skipped,skipped,4,6
3323,Con,Lab,Lab,skipped,skipped,skipped,4,6
3324,Con,Lab,Lab,skipped,skipped,skipped,4,6
3325,Con,Lab,Lab,skipped,skipped,skipped,4,6
3326,Con,Lab,Lab,skipped,skipped,skipped,4,6
3327,Con,Lab,Lab,skipped,skipped,skipped,4,6
3328,Con,Lab,Lab,skipped,skipped,skipped,4,6
3329,Con,Lab,Lab,skipped,skipped,skipped,4,6
3330,Con,Lab,Lab,skipped,skipped,skipped,4,6
3331,Con,Lab,Lab,skipped,skipped,skipped,4,6
3332,Con,Lab,Lab,skipped,skipped,skipped,4,6
3333,Con,Lab,Lab,skipped,skipped,skipped,4,6
3334,Con,Lab,Lab,skipped,skipped,skipped,4,6
3335,Con,Lab,Lab,skipped,skipped,skipped,4,6
3336,Con,Lab,Lab,skipped,skipped,skipped,4,6
3337,SNP,SNP,Lab,Lab,LD,skipped,4,6
3338,SNP,SNP,Lab,Lab,LD,skipped,4,6
3339,SNP,SNP,Lab,Lab,LD,skipped,4,6
3340,SNP,SNP,Lab,Lab,LD,skipped,4,6
3341,SNP,SNP,Lab,Lab,LD,skipped,4,6
3342,SNP,SNP,Lab,Lab,LD,skipped,4,6
3343,SNP,SNP,Lab,Lab,LD,skipped,4,6
3344,SNP,SNP,Lab,Lab,LD,skipped,4,6
3345,SNP,SNP,Lab,Lab,LD,skipped,4,6
3346,SNP,SNP,Con,LD,Lab,Lab,4,6
3347,SNP,SNP,Con,LD,Lab,Lab,4,6
3348,SNP,SNP,Con,LD,Lab,Lab,4,6
3349,SNP,SNP,Con,LD,Lab,Lab,4,6
3350,SNP,SNP,Con,LD,Lab,Lab,4,6
3351,Con,SNP,LD,SNP,skipped,skipped,4,6
3352,Lab,Lab,Con,LD,SNP,SNP,4,6
3353,Lab,Lab,Con,LD,SNP,SNP,4,6
3354,Lab,Lab,Con,LD,SNP,SNP,4,6
3355,Lab,Lab,Con,LD,SNP,SNP,4,6
3356,Lab,Lab,Con,LD,SNP,SNP,4,6
3357,Lab,Lab,Con,LD,SNP,SNP,4,6
3358,SNP,Lab,Con,Lab,SNP,LD,4,6
3359,LD,Lab,Lab,SNP,SNP,Con,4,6
3360,LD,Lab,Lab,SNP,SNP,Con,4,6
3361,LD,Lab,Lab,SNP,SNP,Con,4,6
3362,LD,Lab,Lab,SNP,SNP,Con,4,6
3363,LD,Lab,Lab,SNP,SNP,Con,4,6
3364,Con,Lab,LD,SNP,Lab,SNP,4,6
3365,LD,Lab,Lab,Con,SNP,SNP,4,6
3366,LD,Lab,Lab,Con,SNP,SNP,4,6
3367,LD,SNP,Lab,skipped,skipped,skipped,4,6
3368,LD,SNP,Lab,skipped,skipped,skipped,4,6
3369,SNP,SNP,Lab,LD,Lab,Con,4,6
3370,SNP,SNP,Lab,LD,Lab,Con,4,6
3371,SNP,SNP,Lab,LD,Lab,Con,4,6
3372,SNP,SNP,Lab,LD,Lab,Con,4,6
3373,SNP,SNP,Lab,LD,Lab,Con,4,6
3374,SNP,Lab,Lab,SNP,skipped,skipped,4,6
3375,SNP,Lab,Lab,SNP,skipped,skipped,4,6
3376,SNP,Lab,Lab,SNP,skipped,skipped,4,6
3377,SNP,Lab,Lab,SNP,skipped,skipped,4,6
3378,SNP,SNP,Lab,LD,Con,Lab,4,6
3379,Lab,Lab,LD,SNP,SNP,Con,4,6
3380,Lab,Lab,LD,SNP,SNP,Con,4,6
3381,Lab,Lab,LD,SNP,SNP,Con,4,6
3382,Lab,Lab,LD,SNP,SNP,Con,4,6
3383,Lab,Lab,LD,SNP,SNP,Con,4,6
3384,Lab,Lab,LD,SNP,SNP,Con,4,6
3385,Lab,Lab,LD,SNP,SNP,Con,4,6
3386,Lab,Lab,LD,SNP,SNP,Con,4,6
3387,Lab,Lab,LD,SNP,SNP,Con,4,6
3388,Lab,Lab,LD,SNP,SNP,Con,4,6
3389,Lab,Lab,LD,SNP,SNP,Con,4,6
3390,Lab,Lab,LD,SNP,SNP,Con,4,6
3391,Lab,Lab,LD,SNP,SNP,Con,4,6
3392,Lab,Lab,LD,SNP,SNP,Con,4,6
3393,Lab,Lab,LD,SNP,SNP,Con,4,6
3394,Lab,Lab,LD,SNP,SNP,Con,4,6
3395,Lab,Lab,LD,SNP,SNP,Con,4,6
3396,Lab,Lab,LD,SNP,SNP,Con,4,6
3397,SNP,SNP,Lab,Lab,skipped,skipped,4,6
3398,SNP,SNP,Lab,Lab,skipped,skipped,4,6
3399,SNP,SNP,Lab,Lab,skipped,skipped,4,6
3400,SNP,SNP,Lab,Lab,skipped,skipped,4,6
3401,SNP,SNP,Lab,Lab,skipped,skipped,4,6
3402,SNP,SNP,Lab,Lab,skipped,skipped,4,6
3403,SNP,SNP,Lab,Lab,skipped,skipped,4,6
3404,SNP,SNP,Lab,Lab,skipped,skipped,4,6
3405,SNP,SNP,Lab,Lab,skipped,skipped,4,6
3406,SNP,SNP,Lab,Lab,skipped,skipped,4,6
3407,SNP,SNP,Lab,Lab,skipped,skipped,4,6
3408,SNP,SNP,Lab,Lab,skipped,skipped,4,6
3409,SNP,SNP,Lab,Lab,skipped,skipped,4,6
3410,SNP,SNP,Lab,Lab,skipped,skipped,4,6
3411,SNP,SNP,Lab,Lab,skipped,skipped,4,6
3412,SNP,SNP,Lab,Lab,skipped,skipped,4,6
3413,SNP,SNP,Lab,Lab,skipped,skipped,4,6
3414,SNP,SNP,Lab,Lab,skipped,skipped,4,6
3415,SNP,SNP,Lab,Lab,skipped,skipped,4,6
3416,SNP,SNP,Lab,Lab,skipped,skipped,4,6
3417,SNP,SNP,Lab,Lab,skipped,skipped,4,6
3418,SNP,SNP,Lab,Lab,skipped,skipped,4,6
3419,SNP,SNP,Lab,Lab,skipped,skipped,4,6
3420,SNP,SNP,Lab,Lab,skipped,skipped,4,6
3421,Lab,Lab,LD,SNP,skipped,skipped,4,6
3422,Lab,Lab,LD,SNP,skipped,skipped,4,6
3423,SNP,Lab,SNP,Lab,Con,LD,4,6
3424,Lab,SNP,Lab,LD,Con,SNP,4,6
3425,Lab,LD,SNP,skipped,skipped,skipped,4,6
3426,Lab,LD,SNP,skipped,skipped,skipped,4,6
3427,LD,Lab,Lab,SNP,SNP,skipped,4,6
3428,SNP,SNP,Lab,Lab,LD,skipped,4,6
3429,SNP,SNP,Lab,Lab,LD,skipped,4,6
3430,SNP,SNP,Lab,Lab,LD,skipped,4,6
3431,SNP,SNP,Lab,Lab,LD,skipped,4,6
3432,SNP,SNP,Lab,Lab,LD,skipped,4,6
3433,SNP,SNP,Lab,Lab,LD,skipped,4,6
3434,SNP,Lab,Lab,SNP,skipped,skipped,4,6
3435,LD,SNP,skipped,skipped,skipped,skipped,4,6
3436,LD,SNP,skipped,skipped,skipped,skipped,4,6
3437,LD,SNP,SNP,Lab,Lab,Con,4,6
3438,Con,Lab,skipped,skipped,skipped,skipped,4,6
3439,Con,Lab,skipped,skipped,skipped,skipped,4,6
3440,Con,Lab,skipped,skipped,skipped,skipped,4,6
3441,Con,Lab,skipped,skipped,skipped,skipped,4,6
3442,Con,Lab,skipped,skipped,skipped,skipped,4,6
3443,Con,Lab,skipped,skipped,skipped,skipped,4,6
3444,Con,Lab,skipped,skipped,skipped,skipped,4,6
3445,Con,Lab,skipped,skipped,skipped,skipped,4,6
3446,Con,Lab,skipped,skipped,skipped,skipped,4,6
3447,Con,Lab,skipped,skipped,skipped,skipped,4,6
3448,Con,Lab,skipped,skipped,skipped,skipped,4,6
3449,Con,Lab,skipped,skipped,skipped,skipped,4,6
3450,Con,Lab,skipped,skipped,skipped,skipped,4,6
3451,Con,Lab,skipped,skipped,skipped,skipped,4,6
3452,Con,Lab,skipped,skipped,skipped,skipped,4,6
3453,Con,Lab,skipped,skipped,skipped,skipped,4,6
3454,Con,Lab,skipped,skipped,skipped,skipped,4,6
3455,Con,Lab,skipped,skipped,skipped,skipped,4,6
3456,Con,Lab,skipped,skipped,skipped,skipped,4,6
3457,Con,Lab,skipped,skipped,skipped,skipped,4,6
3458,Con,Lab,skipped,skipped,skipped,skipped,4,6
3459,Con,Lab,skipped,skipped,skipped,skipped,4,6
3460,Con,Lab,skipped,skipped,skipped,skipped,4,6
3461,Con,Lab,skipped,skipped,skipped,skipped,4,6
3462,Con,Lab,skipped,skipped,skipped,skipped,4,6
3463,Con,Lab,skipped,skipped,skipped,skipped,4,6
3464,Con,Lab,skipped,skipped,skipped,skipped,4,6
3465,Con,Lab,skipped,skipped,skipped,skipped,4,6
3466,Con,Lab,skipped,skipped,skipped,skipped,4,6
3467,Con,Lab,skipped,skipped,skipped,skipped,4,6
3468,Con,Lab,skipped,skipped,skipped,skipped,4,6
3469,Con,Lab,skipped,skipped,skipped,skipped,4,6
3470,Con,Lab,skipped,skipped,skipped,skipped,4,6
3471,Lab,Lab,LD,Con,skipped,skipped,4,6
3472,Lab,Lab,LD,Con,skipped,skipped,4,6
3473,Lab,Lab,LD,Con,skipped,skipped,4,6
3474,Lab,Lab,LD,Con,skipped,skipped,4,6
3475,Lab,Lab,LD,Con,skipped,skipped,4,6
3476,Lab,Lab,LD,Con,skipped,skipped,4,6
3477,Lab,Lab,LD,Con,skipped,skipped,4,6
3478,Lab,Lab,LD,Con,skipped,skipped,4,6
3479,Lab,Lab,LD,Con,skipped,skipped,4,6
3480,Lab,Lab,LD,Con,skipped,skipped,4,6
3481,Lab,Lab,LD,Con,skipped,skipped,4,6
3482,Lab,Lab,LD,Con,skipped,skipped,4,6
3483,LD,skipped,skipped,skipped,skipped,skipped,4,6
3484,LD,skipped,skipped,skipped,skipped,skipped,4,6
3485,LD,skipped,skipped,skipped,skipped,skipped,4,6
3486,LD,skipped,skipped,skipped,skipped,skipped,4,6
3487,LD,skipped,skipped,skipped,skipped,skipped,4,6
3488,LD,skipped,skipped,skipped,skipped,skipped,4,6
3489,LD,skipped,skipped,skipped,skipped,skipped,4,6
3490,LD,skipped,skipped,skipped,skipped,skipped,4,6
3491,LD,skipped,skipped,skipped,skipped,skipped,4,6
3492,LD,skipped,skipped,skipped,skipped,skipped,4,6
3493,LD,skipped,skipped,skipped,skipped,skipped,4,6
3494,LD,skipped,skipped,skipped,skipped,skipped,4,6
3495,LD,skipped,skipped,skipped,skipped,skipped,4,6
3496,LD,skipped,skipped,skipped,skipped,skipped,4,6
3497,SNP,SNP,Lab,Lab,LD,skipped,4,6
3498,SNP,SNP,Lab,Lab,LD,skipped,4,6
3499,SNP,SNP,Lab,Lab,LD,skipped,4,6
3500,SNP,SNP,Lab,Lab,LD,skipped,4,6
3501,SNP,SNP,Lab,Lab,LD,skipped,4,6
3502,SNP,SNP,Lab,Lab,LD,skipped,4,6
3503,SNP,SNP,Lab,Lab,LD,skipped,4,6
3504,SNP,SNP,Lab,Lab,LD,skipped,4,6
3505,SNP,SNP,Lab,Lab,LD,skipped,4,6
3506,SNP,SNP,Lab,Lab,LD,skipped,4,6
3507,SNP,SNP,Lab,Lab,LD,skipped,4,6
3508,SNP,SNP,Lab,Lab,LD,skipped,4,6
3509,SNP,SNP,Lab,Lab,LD,skipped,4,6
3510,SNP,SNP,Lab,Lab,Con,LD,4,6
3511,SNP,SNP,Lab,Lab,Con,LD,4,6
3512,SNP,SNP,Lab,Lab,Con,LD,4,6
3513,SNP,SNP,Lab,Lab,Con,LD,4,6
3514,SNP,SNP,Lab,Lab,Con,LD,4,6
3515,SNP,SNP,Lab,Lab,Con,LD,4,6
3516,SNP,SNP,Lab,Lab,Con,LD,4,6
3517,SNP,SNP,Lab,Lab,Con,LD,4,6
3518,SNP,SNP,Lab,Lab,Con,LD,4,6
3519,SNP,SNP,Lab,Lab,Con,LD,4,6
3520,SNP,SNP,Lab,Lab,Con,LD,4,6
3521,SNP,SNP,Lab,Lab,Con,LD,4,6
3522,SNP,SNP,Lab,Lab,Con,LD,4,6
3523,SNP,SNP,Lab,Lab,Con,LD,4,6
3524,SNP,SNP,Lab,Lab,Con,LD,4,6
3525,SNP,SNP,Lab,Lab,Con,LD,4,6
3526,SNP,SNP,Lab,Lab,Con,LD,4,6
3527,SNP,SNP,Lab,Lab,Con,LD,4,6
3528,SNP,SNP,Lab,Lab,Con,LD,4,6
3529,SNP,SNP,Lab,Lab,Con,LD,4,6
3530,SNP,SNP,Lab,Lab,Con,LD,4,6
3531,SNP,SNP,Lab,Lab,Con,LD,4,6
3532,SNP,SNP,Lab,Lab,Con,LD,4,6
3533,SNP,SNP,Lab,Lab,Con,LD,4,6
3534,SNP,SNP,Lab,Lab,Con,LD,4,6
3535,SNP,SNP,Lab,Lab,Con,LD,4,6
3536,Con,LD,SNP,skipped,skipped,skipped,4,6
3537,Con,LD,SNP,skipped,skipped,skipped,4,6
3538,SNP,SNP,LD,Lab,Con,Lab,4,6
3539,Lab,LD,skipped,skipped,skipped,skipped,4,6
3540,Lab,LD,skipped,skipped,skipped,skipped,4,6
3541,Lab,LD,skipped,skipped,skipped,skipped,4,6
3542,SNP,SNP,Lab,Lab,skipped,skipped,4,6
3543,SNP,SNP,Lab,Lab,skipped,skipped,4,6
3544,SNP,SNP,Lab,Lab,skipped,skipped,4,6
3545,SNP,SNP,Lab,Lab,skipped,skipped,4,6
3546,SNP,SNP,Lab,Lab,skipped,skipped,4,6
3547,SNP,SNP,Lab,Lab,skipped,skipped,4,6
3548,SNP,SNP,Lab,Lab,skipped,skipped,4,6
3549,SNP,SNP,Lab,Lab,skipped,skipped,4,6
3550,SNP,SNP,Lab,Lab,skipped,skipped,4,6
3551,SNP,SNP,Lab,Lab,skipped,skipped,4,6
3552,SNP,SNP,Lab,Lab,skipped,skipped,4,6
3553,SNP,SNP,Lab,Lab,skipped,skipped,4,6
3554,SNP,SNP,Lab,Lab,skipped,skipped,4,6
3555,SNP,SNP,Lab,Lab,skipped,skipped,4,6
3556,SNP,SNP,Lab,Lab,skipped,skipped,4,6
3557,SNP,SNP,Lab,Lab,skipped,skipped,4,6
3558,SNP,SNP,Lab,Lab,skipped,skipped,4,6
3559,SNP,SNP,Lab,Lab,skipped,skipped,4,6
3560,SNP,SNP,Lab,Lab,skipped,skipped,4,6
3561,SNP,SNP,Lab,Lab,skipped,skipped,4,6
3562,SNP,SNP,Lab,Lab,skipped,skipped,4,6
3563,SNP,SNP,Lab,Lab,skipped,skipped,4,6
3564,SNP,SNP,Lab,Lab,skipped,skipped,4,6
3565,SNP,SNP,Lab,Lab,skipped,skipped,4,6
3566,SNP,SNP,Lab,Lab,skipped,skipped,4,6
3567,SNP,SNP,Lab,Lab,skipped,skipped,4,6
3568,SNP,SNP,Lab,Lab,skipped,skipped,4,6
3569,SNP,SNP,Lab,Lab,skipped,skipped,4,6
3570,SNP,SNP,Lab,Lab,skipped,skipped,4,6
3571,SNP,SNP,Lab,Lab,skipped,skipped,4,6
3572,SNP,SNP,Lab,Lab,skipped,skipped,4,6
3573,SNP,SNP,Lab,Lab,skipped,skipped,4,6
3574,SNP,SNP,Lab,Lab,skipped,skipped,4,6
3575,SNP,SNP,Lab,Lab,skipped,skipped,4,6
3576,SNP,SNP,Lab,Lab,skipped,skipped,4,6
3577,SNP,SNP,Lab,Lab,skipped,skipped,4,6
3578,Con,SNP,LD,skipped,skipped,skipped,4,6
3579,Con,SNP,LD,skipped,skipped,skipped,4,6
3580,SNP,skipped,skipped,skipped,skipped,skipped,4,6
3581,SNP,skipped,skipped,skipped,skipped,skipped,4,6
3582,SNP,skipped,skipped,skipped,skipped,skipped,4,6
3583,SNP,skipped,skipped,skipped,skipped,skipped,4,6
3584,SNP,skipped,skipped,skipped,skipped,skipped,4,6
3585,SNP,skipped,skipped,skipped,skipped,skipped,4,6
3586,SNP,skipped,skipped,skipped,skipped,skipped,4,6
3587,SNP,skipped,skipped,skipped,skipped,skipped,4,6
3588,SNP,skipped,skipped,skipped,skipped,skipped,4,6
3589,SNP,skipped,skipped,skipped,skipped,skipped,4,6
3590,SNP,skipped,skipped,skipped,skipped,skipped,4,6
3591,SNP,skipped,skipped,skipped,skipped,skipped,4,6
3592,SNP,skipped,skipped,skipped,skipped,skipped,4,6
3593,SNP,skipped,skipped,skipped,skipped,skipped,4,6
3594,SNP,skipped,skipped,skipped,skipped,skipped,4,6
3595,SNP,skipped,skipped,skipped,skipped,skipped,4,6
3596,SNP,skipped,skipped,skipped,skipped,skipped,4,6
3597,SNP,skipped,skipped,skipped,skipped,skipped,4,6
3598,SNP,skipped,skipped,skipped,skipped,skipped,4,6
3599,SNP,skipped,skipped,skipped,skipped,skipped,4,6
3600,SNP,skipped,skipped,skipped,skipped,skipped,4,6
3601,SNP,skipped,skipped,skipped,skipped,skipped,4,6
3602,SNP,skipped,skipped,skipped,skipped,skipped,4,6
3603,SNP,skipped,skipped,skipped,skipped,skipped,4,6
3604,SNP,skipped,skipped,skipped,skipped,skipped,4,6
3605,SNP,skipped,skipped,skipped,skipped,skipped,4,6
3606,SNP,skipped,skipped,skipped,skipped,skipped,4,6
3607,SNP,skipped,skipped,skipped,skipped,skipped,4,6
3608,SNP,skipped,skipped,skipped,skipped,skipped,4,6
3609,SNP,skipped,skipped,skipped,skipped,skipped,4,6
3610,SNP,skipped,skipped,skipped,skipped,skipped,4,6
3611,SNP,skipped,skipped,skipped,skipped,skipped,4,6
3612,SNP,skipped,skipped,skipped,skipped,skipped,4,6
3613,SNP,skipped,skipped,skipped,skipped,skipped,4,6
3614,SNP,skipped,skipped,skipped,skipped,skipped,4,6
3615,SNP,skipped,skipped,skipped,skipped,skipped,4,6
3616,SNP,skipped,skipped,skipped,skipped,skipped,4,6
3617,SNP,skipped,skipped,skipped,skipped,skipped,4,6
3618,SNP,skipped,skipped,skipped,skipped,skipped,4,6
3619,SNP,SNP,LD,Con,Lab,Lab,4,6
3620,SNP,SNP,LD,Lab,Lab,Con,4,6
3621,SNP,SNP,LD,Lab,Lab,Con,4,6
3622,SNP,SNP,LD,Lab,Lab,Con,4,6
3623,SNP,SNP,LD,Lab,Lab,Con,4,6
3624,SNP,SNP,LD,Lab,Lab,Con,4,6
3625,SNP,SNP,LD,Lab,Lab,Con,4,6
3626,SNP,SNP,LD,Lab,Lab,Con,4,6
3627,SNP,SNP,LD,Lab,Lab,Con,4,6
3628,SNP,SNP,LD,Lab,Lab,Con,4,6
3629,SNP,SNP,LD,Lab,Lab,Con,4,6
3630,SNP,SNP,LD,Lab,Lab,Con,4,6
3631,SNP,SNP,LD,Lab,Lab,Con,4,6
3632,SNP,SNP,LD,Lab,Lab,Con,4,6
3633,SNP,SNP,LD,Lab,Lab,Con,4,6
3634,SNP,SNP,LD,Lab,Lab,Con,4,6
3635,SNP,SNP,LD,Lab,Lab,Con,4,6
3636,SNP,SNP,LD,Lab,Lab,Con,4,6
3637,Con,Lab,SNP,LD,skipped,skipped,4,6
3638,Lab,Lab,Con,LD,skipped,skipped,4,6
3639,Lab,Lab,Con,LD,skipped,skipped,4,6
3640,Lab,Lab,Con,LD,skipped,skipped,4,6
3641,Lab,Lab,Con,LD,skipped,skipped,4,6
3642,Lab,Lab,Con,LD,skipped,skipped,4,6
3643,Lab,Lab,Con,LD,skipped,skipped,4,6
3644,Lab,Lab,Con,LD,skipped,skipped,4,6
3645,Lab,Lab,Con,LD,skipped,skipped,4,6
3646,Lab,Lab,Con,LD,skipped,skipped,4,6
3647,Lab,Lab,Con,LD,skipped,skipped,4,6
3648,Lab,Lab,Con,LD,skipped,skipped,4,6
3649,Lab,Lab,Con,LD,skipped,skipped,4,6
3650,Lab,Lab,Con,LD,skipped,skipped,4,6
3651,Lab,Lab,Con,LD,skipped,skipped,4,6
3652,Lab,Lab,Con,LD,skipped,skipped,4,6
3653,Lab,Lab,Con,LD,skipped,skipped,4,6
3654,Lab,Lab,Con,LD,skipped,skipped,4,6
3655,Lab,Lab,Con,LD,skipped,skipped,4,6
3656,Lab,Lab,Con,LD,skipped,skipped,4,6
3657,Lab,Lab,Con,LD,skipped,skipped,4,6
3658,Lab,Lab,Con,LD,skipped,skipped,4,6
3659,Lab,Lab,Con,LD,skipped,skipped,4,6
3660,Lab,Lab,Con,LD,skipped,skipped,4,6
3661,Lab,Lab,Con,LD,skipped,skipped,4,6
3662,Lab,Lab,Con,LD,skipped,skipped,4,6
3663,Lab,Lab,Con,LD,skipped,skipped,4,6
3664,Lab,Lab,Con,LD,skipped,skipped,4,6
3665,Lab,Lab,Con,LD,skipped,skipped,4,6
3666,Lab,Lab,Con,LD,skipped,skipped,4,6
3667,Lab,Lab,Con,LD,skipped,skipped,4,6
3668,Lab,Lab,Con,LD,skipped,skipped,4,6
3669,Lab,Lab,Con,LD,skipped,skipped,4,6
3670,Lab,Lab,Con,LD,skipped,skipped,4,6
3671,Lab,Lab,Con,LD,skipped,skipped,4,6
3672,Lab,Lab,Con,LD,skipped,skipped,4,6
3673,Lab,Lab,Con,LD,skipped,skipped,4,6
3674,Lab,Lab,Con,LD,skipped,skipped,4,6
3675,Lab,Lab,Con,LD,skipped,skipped,4,6
3676,Lab,Lab,Con,LD,skipped,skipped,4,6
3677,Lab,Lab,Con,LD,skipped,skipped,4,6
3678,Lab,Lab,Con,LD,skipped,skipped,4,6
3679,Lab,Lab,Con,LD,skipped,skipped,4,6
3680,Lab,Lab,Con,LD,skipped,skipped,4,6
3681,Lab,Lab,Con,LD,skipped,skipped,4,6
3682,Lab,Lab,Con,LD,skipped,skipped,4,6
3683,Lab,Lab,Con,LD,skipped,skipped,4,6
3684,Lab,Lab,Con,LD,skipped,skipped,4,6
3685,Lab,Lab,Con,LD,skipped,skipped,4,6
3686,Lab,Lab,Con,LD,skipped,skipped,4,6
3687,Lab,Lab,Con,LD,skipped,skipped,4,6
3688,Lab,Lab,Con,LD,skipped,skipped,4,6
3689,Lab,Lab,Con,LD,skipped,skipped,4,6
3690,Lab,Lab,Con,LD,skipped,skipped,4,6
3691,Lab,Lab,Con,LD,skipped,skipped,4,6
3692,Lab,Lab,Con,LD,skipped,skipped,4,6
3693,Lab,Lab,Con,LD,skipped,skipped,4,6
3694,Lab,Lab,Con,LD,skipped,skipped,4,6
3695,Lab,Lab,Con,LD,skipped,skipped,4,6
3696,Lab,Lab,Con,LD,skipped,skipped,4,6
3697,Lab,Lab,Con,LD,skipped,skipped,4,6
3698,Lab,Lab,Con,LD,skipped,skipped,4,6
3699,Lab,Lab,Con,LD,skipped,skipped,4,6
3700,Lab,Lab,Con,LD,skipped,skipped,4,6
3701,Lab,Lab,Con,LD,skipped,skipped,4,6
3702,Lab,Lab,Con,LD,skipped,skipped,4,6
3703,Con,Lab,Lab,SNP,SNP,LD,4,6
3704,Lab,Con,LD,Lab,skipped,skipped,4,6
3705,SNP,SNP,Lab,Con,skipped,skipped,4,6
3706,Lab,LD,Lab,SNP,skipped,skipped,4,6
3707,SNP,Lab,Lab,skipped,skipped,skipped,4,6
3708,SNP,Lab,Lab,skipped,skipped,skipped,4,6
3709,SNP,Lab,Lab,skipped,skipped,skipped,4,6
3710,SNP,Lab,Lab,skipped,skipped,skipped,4,6
3711,SNP,Lab,Lab,skipped,skipped,skipped,4,6
3712,SNP,Lab,Lab,skipped,skipped,skipped,4,6
3713,Lab,Con,LD,skipped,skipped,skipped,4,6
3714,Lab,Con,LD,skipped,skipped,skipped,4,6
3715,Lab,Con,LD,skipped,skipped,skipped,4,6
3716,Lab,Con,LD,skipped,skipped,skipped,4,6
3717,Lab,Con,LD,skipped,skipped,skipped,4,6
3718,Lab,Con,LD,skipped,skipped,skipped,4,6
3719,Lab,Con,LD,skipped,skipped,skipped,4,6
3720,Lab,Con,LD,skipped,skipped,skipped,4,6
3721,Lab,Lab,Con,LD,SNP,SNP,4,6
3722,Lab,Lab,Con,LD,SNP,SNP,4,6
3723,Lab,Lab,Con,LD,SNP,SNP,4,6
3724,Lab,Lab,Con,LD,SNP,SNP,4,6
3725,Lab,Lab,Con,LD,SNP,SNP,4,6
3726,Lab,Lab,Con,LD,SNP,SNP,4,6
3727,SNP,SNP,Lab,Lab,LD,Con,4,6
3728,SNP,SNP,Lab,Lab,LD,Con,4,6
3729,SNP,SNP,Lab,Lab,LD,Con,4,6
3730,SNP,SNP,Lab,Lab,LD,Con,4,6
3731,SNP,SNP,Lab,Lab,LD,Con,4,6
3732,SNP,SNP,Lab,Lab,LD,Con,4,6
3733,SNP,SNP,Lab,Lab,LD,Con,4,6
3734,SNP,SNP,Lab,Lab,LD,Con,4,6
3735,SNP,SNP,Lab,Lab,LD,Con,4,6
3736,SNP,SNP,Lab,Lab,LD,Con,4,6
3737,SNP,SNP,Lab,Lab,LD,Con,4,6
3738,SNP,SNP,Lab,Lab,LD,Con,4,6
3739,SNP,SNP,Lab,Lab,LD,Con,4,6
3740,SNP,SNP,Lab,Lab,LD,Con,4,6
3741,SNP,SNP,Lab,Lab,LD,Con,4,6
3742,SNP,SNP,Lab,Lab,LD,Con,4,6
3743,SNP,SNP,Lab,Lab,LD,Con,4,6
3744,SNP,SNP,Lab,Lab,LD,Con,4,6
3745,SNP,SNP,Lab,Lab,LD,Con,4,6
3746,SNP,SNP,Lab,Lab,LD,Con,4,6
3747,SNP,SNP,Lab,Lab,LD,Con,4,6
3748,SNP,SNP,Lab,Lab,LD,Con,4,6
3749,SNP,SNP,Lab,Lab,LD,Con,4,6
3750,LD,Lab,Lab,skipped,skipped,skipped,4,6
3751,LD,Lab,Lab,skipped,skipped,skipped,4,6
3752,LD,Lab,Lab,skipped,skipped,skipped,4,6
3753,LD,Lab,Lab,skipped,skipped,skipped,4,6
3754,SNP,SNP,Con,Lab,skipped,skipped,4,6
3755,LD,SNP,Lab,skipped,skipped,skipped,4,6
3756,Lab,Lab,SNP,SNP,Con,LD,4,6
3757,Lab,Lab,SNP,SNP,Con,LD,4,6
3758,Lab,Lab,SNP,SNP,Con,LD,4,6
3759,Lab,Lab,SNP,SNP,Con,LD,4,6
3760,Lab,Lab,SNP,SNP,Con,LD,4,6
3761,Lab,Lab,SNP,SNP,Con,LD,4,6
3762,Lab,Lab,SNP,SNP,Con,LD,4,6
3763,Lab,Lab,SNP,SNP,Con,LD,4,6
3764,Lab,Lab,SNP,SNP,Con,LD,4,6
3765,Lab,Lab,SNP,SNP,Con,LD,4,6
3766,Lab,Lab,SNP,SNP,Con,LD,4,6
3767,Lab,Lab,SNP,Con,skipped,skipped,4,6
3768,Con,LD,Lab,skipped,skipped,skipped,4,6
3769,Con,LD,Lab,skipped,skipped,skipped,4,6
3770,Con,LD,Lab,skipped,skipped,skipped,4,6
3771,Con,LD,Lab,skipped,skipped,skipped,4,6
3772,Con,LD,Lab,skipped,skipped,skipped,4,6
3773,Con,LD,Lab,skipped,skipped,skipped,4,6
3774,Con,LD,Lab,skipped,skipped,skipped,4,6
3775,Con,LD,Lab,skipped,skipped,skipped,4,6
3776,Con,LD,Lab,skipped,skipped,skipped,4,6
3777,Con,LD,Lab,skipped,skipped,skipped,4,6
3778,Con,LD,Lab,skipped,skipped,skipped,4,6
3779,Con,LD,Lab,skipped,skipped,skipped,4,6
3780,Con,LD,Lab,skipped,skipped,skipped,4,6
3781,Con,LD,Lab,skipped,skipped,skipped,4,6
3782,Con,LD,Lab,skipped,skipped,skipped,4,6
3783,Con,LD,Lab,skipped,skipped,skipped,4,6
3784,Con,LD,Lab,skipped,skipped,skipped,4,6
3785,Con,LD,Lab,skipped,skipped,skipped,4,6
3786,Con,LD,Lab,skipped,skipped,skipped,4,6
3787,Con,LD,Lab,skipped,skipped,skipped,4,6
3788,Con,LD,Lab,skipped,skipped,skipped,4,6
3789,Con,LD,Lab,skipped,skipped,skipped,4,6
3790,Con,LD,Lab,skipped,skipped,skipped,4,6
3791,Con,LD,Lab,skipped,skipped,skipped,4,6
3792,Con,Lab,SNP,skipped,skipped,skipped,4,6
3793,LD,Con,SNP,skipped,skipped,skipped,4,6
3794,SNP,Lab,SNP,skipped,skipped,skipped,4,6
3795,SNP,Lab,SNP,skipped,skipped,skipped,4,6
3796,Lab,LD,SNP,Con,Lab,SNP,4,6
3797,Lab,LD,SNP,Con,Lab,SNP,4,6
3798,SNP,SNP,Con,Lab,Lab,LD,4,6
3799,SNP,SNP,Con,Lab,Lab,LD,4,6
3800,SNP,SNP,Con,Lab,Lab,LD,4,6
3801,SNP,SNP,Lab,Lab,LD,skipped,4,6
3802,SNP,SNP,Lab,Lab,LD,skipped,4,6
3803,SNP,SNP,Lab,Lab,LD,skipped,4,6
3804,LD,SNP,Lab,Lab,SNP,skipped,4,6
3805,Lab,SNP,Lab,SNP,LD,Con,4,6
3806,Lab,SNP,Lab,SNP,LD,Con,4,6
3807,Lab,SNP,Lab,SNP,LD,Con,4,6
3808,SNP,SNP,LD,Lab,skipped,skipped,4,6
3809,SNP,SNP,LD,Lab,skipped,skipped,4,6
3810,SNP,SNP,LD,Lab,skipped,skipped,4,6
3811,SNP,SNP,LD,Lab,skipped,skipped,4,6
3812,Con,Lab,SNP,Lab,LD,skipped,4,6
3813,Con,Lab,Lab,LD,SNP,SNP,4,6
3814,Con,Lab,Lab,LD,SNP,SNP,4,6
3815,Con,Lab,Lab,LD,SNP,SNP,4,6
3816,Con,Lab,Lab,LD,SNP,SNP,4,6
3817,Con,Lab,Lab,LD,SNP,SNP,4,6
3818,SNP,Lab,Lab,SNP,LD,Con,4,6
3819,SNP,Lab,SNP,Lab,LD,Con,4,6
3820,SNP,Lab,SNP,Lab,LD,Con,4,6
3821,SNP,Lab,SNP,Lab,LD,Con,4,6
3822,SNP,Lab,SNP,Lab,LD,Con,4,6
3823,Lab,Con,Lab,LD,SNP,SNP,4,6
3824,Lab,Con,Lab,LD,SNP,SNP,4,6
3825,Lab,Con,Lab,LD,SNP,SNP,4,6
3826,SNP,SNP,Con,LD,Lab,Lab,4,6
3827,SNP,SNP,Con,LD,Lab,Lab,4,6
3828,SNP,SNP,Con,LD,Lab,Lab,4,6
3829,Lab,SNP,SNP,Con,Lab,skipped,4,6
3830,Lab,Lab,SNP,LD,SNP,skipped,4,6
3831,SNP,Lab,skipped,skipped,skipped,skipped,4,6
3832,SNP,Lab,skipped,skipped,skipped,skipped,4,6
3833,SNP,Lab,skipped,skipped,skipped,skipped,4,6
3834,SNP,Lab,skipped,skipped,skipped,skipped,4,6
3835,SNP,Lab,skipped,skipped,skipped,skipped,4,6
3836,SNP,Lab,skipped,skipped,skipped,skipped,4,6
3837,SNP,Lab,skipped,skipped,skipped,skipped,4,6
3838,SNP,Lab,skipped,skipped,skipped,skipped,4,6
3839,SNP,Lab,skipped,skipped,skipped,skipped,4,6
3840,SNP,Lab,skipped,skipped,skipped,skipped,4,6
3841,SNP,Lab,skipped,skipped,skipped,skipped,4,6
3842,Con,SNP,SNP,Lab,LD,Lab,4,6
3843,Con,LD,Lab,Lab,SNP,SNP,4,6
3844,Con,LD,Lab,Lab,SNP,SNP,4,6
3845,Con,LD,Lab,Lab,SNP,SNP,4,6
3846,Con,LD,Lab,Lab,SNP,SNP,4,6
3847,Con,LD,Lab,Lab,SNP,SNP,4,6
3848,Con,LD,Lab,Lab,SNP,SNP,4,6
3849,Con,LD,Lab,Lab,SNP,SNP,4,6
3850,Con,LD,Lab,Lab,SNP,SNP,4,6
3851,Con,LD,Lab,Lab,SNP,SNP,4,6
3852,Con,LD,Lab,Lab,SNP,SNP,4,6
3853,Con,LD,Lab,Lab,SNP,SNP,4,6
3854,Con,LD,Lab,Lab,SNP,SNP,4,6
3855,Con,LD,Lab,Lab,SNP,SNP,4,6
3856,Con,LD,Lab,Lab,SNP,SNP,4,6
3857,Con,LD,Lab,Lab,SNP,SNP,4,6
3858,Con,LD,Lab,Lab,SNP,SNP,4,6
3859,Con,LD,Lab,Lab,SNP,SNP,4,6
3860,Con,LD,Lab,Lab,SNP,SNP,4,6
3861,Con,LD,Lab,Lab,SNP,SNP,4,6
3862,Con,LD,Lab,Lab,SNP,SNP,4,6
3863,Lab,Lab,SNP,skipped,skipped,skipped,4,6
3864,Lab,Lab,SNP,skipped,skipped,skipped,4,6
3865,Lab,Lab,SNP,skipped,skipped,skipped,4,6
3866,Lab,Lab,SNP,skipped,skipped,skipped,4,6
3867,Lab,Lab,SNP,skipped,skipped,skipped,4,6
3868,Lab,Lab,SNP,skipped,skipped,skipped,4,6
3869,Lab,Lab,SNP,skipped,skipped,skipped,4,6
3870,SNP,SNP,LD,Lab,Lab,skipped,4,6
3871,SNP,SNP,LD,Lab,Lab,skipped,4,6
3872,LD,Lab,skipped,skipped,skipped,skipped,4,6
3873,LD,Lab,skipped,skipped,skipped,skipped,4,6
3874,LD,Lab,skipped,skipped,skipped,skipped,4,6
3875,Con,Lab,LD,Lab,skipped,skipped,4,6
3876,Lab,Lab,LD,SNP,SNP,Con,4,6
3877,Lab,Lab,LD,SNP,SNP,Con,4,6
3878,Lab,Lab,LD,SNP,SNP,Con,4,6
3879,Lab,Lab,LD,SNP,SNP,Con,4,6
3880,Lab,Lab,LD,SNP,SNP,Con,4,6
3881,Lab,Lab,LD,SNP,SNP,Con,4,6
3882,Lab,Lab,LD,SNP,SNP,Con,4,6
3883,Lab,Lab,LD,SNP,SNP,Con,4,6
3884,Lab,Lab,LD,SNP,SNP,Con,4,6
3885,Lab,SNP,SNP,skipped,skipped,skipped,4,6
3886,Lab,SNP,SNP,skipped,skipped,skipped,4,6
3887,Lab,SNP,SNP,skipped,skipped,skipped,4,6
3888,Lab,SNP,SNP,skipped,skipped,skipped,4,6
3889,SNP,SNP,LD,Lab,Lab,Con,4,6
3890,SNP,SNP,LD,Lab,Lab,Con,4,6
3891,SNP,SNP,LD,Lab,Lab,Con,4,6
3892,SNP,SNP,LD,Lab,Lab,Con,4,6
3893,SNP,SNP,LD,Lab,Lab,Con,4,6
3894,SNP,SNP,LD,Lab,Lab,Con,4,6
3895,SNP,SNP,LD,Lab,Lab,Con,4,6
3896,SNP,SNP,LD,Lab,Lab,Con,4,6
3897,SNP,SNP,LD,Lab,Lab,Con,4,6
3898,SNP,SNP,LD,Lab,Lab,Con,4,6
3899,SNP,SNP,LD,Lab,Lab,Con,4,6
3900,SNP,SNP,LD,Lab,Lab,Con,4,6
3901,SNP,SNP,LD,Lab,Lab,Con,4,6
3902,SNP,SNP,LD,Lab,Lab,Con,4,6
3903,SNP,SNP,LD,Lab,Lab,Con,4,6
3904,SNP,SNP,LD,Lab,Lab,Con,4,6
3905,SNP,SNP,LD,Lab,Lab,Con,4,6
3906,SNP,Con,SNP,LD,Lab,Lab,4,6
3907,Con,Lab,LD,SNP,skipped,skipped,4,6
3908,SNP,Lab,LD,skipped,skipped,skipped,4,6
3909,LD,Con,SNP,SNP,Lab,Lab,4,6
3910,LD,Con,SNP,SNP,Lab,Lab,4,6
3911,LD,Con,SNP,SNP,Lab,Lab,4,6
3912,LD,Con,SNP,SNP,Lab,Lab,4,6
3913,Lab,SNP,SNP,Lab,skipped,skipped,4,6
3914,SNP,SNP,Lab,Con,LD,Lab,4,6
3915,Lab,Con,SNP,LD,SNP,Lab,4,6
3916,Lab,Lab,Con,skipped,skipped,skipped,4,6
3917,Lab,Lab,Con,skipped,skipped,skipped,4,6
3918,Lab,Lab,Con,skipped,skipped,skipped,4,6
3919,Lab,Lab,Con,skipped,skipped,skipped,4,6
3920,Lab,Lab,Con,skipped,skipped,skipped,4,6
3921,Lab,Lab,Con,skipped,skipped,skipped,4,6
3922,Lab,Lab,Con,skipped,skipped,skipped,4,6
3923,Lab,Lab,Con,skipped,skipped,skipped,4,6
3924,Lab,Lab,Con,skipped,skipped,skipped,4,6
3925,Lab,Lab,Con,skipped,skipped,skipped,4,6
3926,Lab,Lab,Con,skipped,skipped,skipped,4,6
3927,Lab,Lab,Con,skipped,skipped,skipped,4,6
3928,Lab,Lab,Con,skipped,skipped,skipped,4,6
3929,Lab,Lab,Con,skipped,skipped,skipped,4,6
3930,Lab,Lab,Con,skipped,skipped,skipped,4,6
3931,Lab,Lab,Con,skipped,skipped,skipped,4,6
3932,Lab,Lab,Con,skipped,skipped,skipped,4,6
3933,Lab,Lab,Con,skipped,skipped,skipped,4,6
3934,Lab,Lab,Con,skipped,skipped,skipped,4,6
3935,Lab,Lab,Con,skipped,skipped,skipped,4,6
3936,Lab,Lab,Con,skipped,skipped,skipped,4,6
3937,Lab,Lab,Con,skipped,skipped,skipped,4,6
3938,Lab,Lab,Con,skipped,skipped,skipped,4,6
3939,Lab,Lab,Con,skipped,skipped,skipped,4,6
3940,Lab,Lab,Con,skipped,skipped,skipped,4,6
3941,Lab,Lab,Con,skipped,skipped,skipped,4,6
3942,Lab,Lab,Con,skipped,skipped,skipped,4,6
3943,Lab,Lab,Con,skipped,skipped,skipped,4,6
3944,Lab,Lab,Con,skipped,skipped,skipped,4,6
3945,Lab,Lab,Con,skipped,skipped,skipped,4,6
3946,Lab,Lab,Con,skipped,skipped,skipped,4,6
3947,Lab,Lab,Con,skipped,skipped,skipped,4,6
3948,Lab,Lab,Con,skipped,skipped,skipped,4,6
3949,Lab,Lab,Con,skipped,skipped,skipped,4,6
3950,Lab,Lab,Con,skipped,skipped,skipped,4,6
3951,Lab,Lab,Con,skipped,skipped,skipped,4,6
3952,Lab,Lab,Con,skipped,skipped,skipped,4,6
3953,Lab,Lab,Con,skipped,skipped,skipped,4,6
3954,Lab,Lab,Con,skipped,skipped,skipped,4,6
3955,Lab,Lab,Con,skipped,skipped,skipped,4,6
3956,Lab,Lab,Con,skipped,skipped,skipped,4,6
3957,Lab,Lab,Con,skipped,skipped,skipped,4,6
3958,Lab,Lab,Con,skipped,skipped,skipped,4,6
3959,Lab,Lab,Con,skipped,skipped,skipped,4,6
3960,Lab,Lab,Con,skipped,skipped,skipped,4,6
3961,Lab,Lab,Con,skipped,skipped,skipped,4,6
3962,Lab,Lab,Con,skipped,skipped,skipped,4,6
3963,Lab,Lab,Con,skipped,skipped,skipped,4,6
3964,Lab,Lab,Con,skipped,skipped,skipped,4,6
3965,Lab,Lab,Con,skipped,skipped,skipped,4,6
3966,Lab,Lab,Con,skipped,skipped,skipped,4,6
3967,Lab,Lab,Con,skipped,skipped,skipped,4,6
3968,Lab,Lab,Con,skipped,skipped,skipped,4,6
3969,Lab,Lab,Con,skipped,skipped,skipped,4,6
3970,Lab,Lab,Con,skipped,skipped,skipped,4,6
3971,Lab,Lab,Con,skipped,skipped,skipped,4,6
3972,Lab,Lab,Con,skipped,skipped,skipped,4,6
3973,Lab,Lab,Con,skipped,skipped,skipped,4,6
3974,Lab,Lab,Con,skipped,skipped,skipped,4,6
3975,Lab,Lab,Con,skipped,skipped,skipped,4,6
3976,Lab,Lab,Con,skipped,skipped,skipped,4,6
3977,Lab,Lab,Con,skipped,skipped,skipped,4,6
3978,Lab,Lab,Con,skipped,skipped,skipped,4,6
3979,Lab,Lab,Con,skipped,skipped,skipped,4,6
3980,Lab,Lab,Con,skipped,skipped,skipped,4,6
3981,Lab,Lab,Con,skipped,skipped,skipped,4,6
3982,Lab,Lab,Con,skipped,skipped,skipped,4,6
3983,Lab,Lab,Con,skipped,skipped,skipped,4,6
3984,Lab,Lab,Con,skipped,skipped,skipped,4,6
3985,Lab,Lab,Con,skipped,skipped,skipped,4,6
3986,Lab,Lab,Con,skipped,skipped,skipped,4,6
3987,Lab,Lab,Con,skipped,skipped,skipped,4,6
3988,Lab,Lab,Con,skipped,skipped,skipped,4,6
3989,Lab,Lab,Con,skipped,skipped,skipped,4,6
3990,Lab,Lab,Con,skipped,skipped,skipped,4,6
3991,Lab,Lab,Con,skipped,skipped,skipped,4,6
3992,Lab,Lab,Con,skipped,skipped,skipped,4,6
3993,Lab,Lab,Con,skipped,skipped,skipped,4,6
3994,Lab,Lab,Con,skipped,skipped,skipped,4,6
3995,Lab,Lab,Con,skipped,skipped,skipped,4,6
3996,Lab,Lab,Con,skipped,skipped,skipped,4,6
3997,Lab,Lab,Con,skipped,skipped,skipped,4,6
3998,Lab,SNP,Lab,skipped,skipped,skipped,4,6
3999,Lab,SNP,Lab,skipped,skipped,skipped,4,6
4000,SNP,Lab,Lab,skipped,skipped,skipped,4,6
4001,SNP,Lab,Lab,skipped,skipped,skipped,4,6
4002,SNP,Lab,Lab,skipped,skipped,skipped,4,6
4003,SNP,Lab,Lab,skipped,skipped,skipped,4,6
4004,SNP,Lab,Lab,skipped,skipped,skipped,4,6
4005,Con,LD,Lab,Lab,SNP,SNP,4,6
4006,Con,LD,Lab,Lab,SNP,SNP,4,6
4007,Con,LD,Lab,Lab,SNP,SNP,4,6
4008,Con,LD,Lab,Lab,SNP,SNP,4,6
4009,Con,LD,Lab,Lab,SNP,SNP,4,6
4010,Con,LD,Lab,Lab,SNP,SNP,4,6
4011,Con,SNP,Lab,SNP,LD,Lab,4,6
4012,Lab,Lab,LD,Con,SNP,SNP,4,6
4013,Lab,Lab,LD,Con,SNP,SNP,4,6
4014,Lab,Lab,LD,Con,SNP,SNP,4,6
4015,Lab,Lab,LD,Con,SNP,SNP,4,6
4016,Lab,Lab,LD,Con,SNP,SNP,4,6
4017,Lab,Lab,LD,Con,SNP,SNP,4,6
4018,Lab,Lab,LD,Con,SNP,SNP,4,6
4019,Lab,Lab,LD,Con,SNP,SNP,4,6
4020,Lab,Lab,LD,Con,SNP,SNP,4,6
4021,Lab,Lab,LD,Con,SNP,SNP,4,6
4022,Lab,Lab,LD,Con,SNP,SNP,4,6
4023,Lab,Lab,LD,Con,SNP,SNP,4,6
4024,Lab,Lab,LD,Con,SNP,SNP,4,6
4025,Lab,Lab,LD,Con,SNP,SNP,4,6
4026,Lab,Lab,LD,Con,SNP,SNP,4,6
4027,Lab,Lab,LD,Con,SNP,SNP,4,6
4028,Lab,Lab,LD,Con,SNP,SNP,4,6
4029,LD,Lab,Con,Lab,skipped,skipped,4,6
4030,SNP,SNP,Lab,LD,Con,Lab,4,6
4031,SNP,SNP,Con,skipped,skipped,skipped,4,6
4032,SNP,SNP,Con,skipped,skipped,skipped,4,6
4033,SNP,SNP,Con,skipped,skipped,skipped,4,6
4034,SNP,SNP,Con,skipped,skipped,skipped,4,6
4035,SNP,SNP,Con,skipped,skipped,skipped,4,6
4036,SNP,SNP,Con,skipped,skipped,skipped,4,6
4037,SNP,SNP,Con,skipped,skipped,skipped,4,6
4038,Lab,SNP,SNP,Lab,skipped,skipped,4,6
4039,Lab,SNP,SNP,Lab,skipped,skipped,4,6
4040,Lab,Lab,SNP,skipped,skipped,skipped,4,6
4041,Lab,Lab,SNP,skipped,skipped,skipped,4,6
4042,Lab,Lab,SNP,skipped,skipped,skipped,4,6
4043,Lab,Lab,SNP,skipped,skipped,skipped,4,6
4044,Lab,Lab,SNP,skipped,skipped,skipped,4,6
4045,Lab,Lab,SNP,skipped,skipped,skipped,4,6
4046,Lab,Lab,SNP,skipped,skipped,skipped,4,6
4047,Lab,Lab,SNP,skipped,skipped,skipped,4,6
4048,Lab,Lab,SNP,skipped,skipped,skipped,4,6
4049,Lab,Lab,SNP,skipped,skipped,skipped,4,6
4050,Lab,Lab,SNP,skipped,skipped,skipped,4,6
4051,Lab,Lab,SNP,skipped,skipped,skipped,4,6
4052,Lab,Lab,SNP,skipped,skipped,skipped,4,6
4053,Lab,SNP,Lab,skipped,skipped,skipped,4,6
4054,Lab,SNP,Lab,skipped,skipped,skipped,4,6
4055,Lab,Lab,LD,SNP,SNP,skipped,4,6
4056,Lab,Lab,LD,SNP,SNP,skipped,4,6
4057,Lab,Lab,LD,SNP,SNP,skipped,4,6
4058,SNP,SNP,LD,Lab,Lab,skipped,4,6
4059,SNP,SNP,LD,Lab,Lab,skipped,4,6
4060,Lab,Lab,skipped,skipped,skipped,skipped,4,6
4061,Lab,Lab,skipped,skipped,skipped,skipped,4,6
4062,Lab,Lab,skipped,skipped,skipped,skipped,4,6
4063,Lab,Lab,skipped,skipped,skipped,skipped,4,6
4064,Lab,Lab,skipped,skipped,skipped,skipped,4,6
4065,Lab,Lab,skipped,skipped,skipped,skipped,4,6
4066,Lab,Lab,skipped,skipped,skipped,skipped,4,6
4067,Lab,Lab,skipped,skipped,skipped,skipped,4,6
4068,Lab,Lab,skipped,skipped,skipped,skipped,4,6
4069,Lab,Lab,skipped,skipped,skipped,skipped,4,6
4070,Lab,Lab,skipped,skipped,skipped,skipped,4,6
4071,Lab,Lab,skipped,skipped,skipped,skipped,4,6
4072,Lab,Lab,skipped,skipped,skipped,skipped,4,6
4073,Lab,Lab,skipped,skipped,skipped,skipped,4,6
4074,Lab,Lab,skipped,skipped,skipped,skipped,4,6
4075,Lab,Lab,skipped,skipped,skipped,skipped,4,6
4076,Lab,Lab,skipped,skipped,skipped,skipped,4,6
4077,Lab,Lab,skipped,skipped,skipped,skipped,4,6
4078,Lab,Lab,skipped,skipped,skipped,skipped,4,6
4079,Lab,Lab,skipped,skipped,skipped,skipped,4,6
4080,Lab,Lab,skipped,skipped,skipped,skipped,4,6
4081,Lab,Lab,skipped,skipped,skipped,skipped,4,6
4082,Lab,Lab,skipped,skipped,skipped,skipped,4,6
4083,Lab,Lab,skipped,skipped,skipped,skipped,4,6
4084,Lab,Lab,skipped,skipped,skipped,skipped,4,6
4085,Lab,Lab,skipped,skipped,skipped,skipped,4,6
4086,Lab,Lab,skipped,skipped,skipped,skipped,4,6
4087,Lab,Lab,skipped,skipped,skipped,skipped,4,6
4088,Lab,Lab,skipped,skipped,skipped,skipped,4,6
4089,Lab,Lab,skipped,skipped,skipped,skipped,4,6
4090,Lab,Lab,skipped,skipped,skipped,skipped,4,6
4091,Lab,Lab,skipped,skipped,skipped,skipped,4,6
4092,Lab,Lab,skipped,skipped,skipped,skipped,4,6
4093,Lab,Lab,skipped,skipped,skipped,skipped,4,6
4094,Lab,Lab,skipped,skipped,skipped,skipped,4,6
4095,Lab,Lab,skipped,skipped,skipped,skipped,4,6
4096,Lab,Lab,skipped,skipped,skipped,skipped,4,6
4097,Lab,Lab,skipped,skipped,skipped,skipped,4,6
4098,Lab,Lab,skipped,skipped,skipped,skipped,4,6
4099,Lab,Lab,skipped,skipped,skipped,skipped,4,6
4100,Lab,Lab,skipped,skipped,skipped,skipped,4,6
4101,Lab,Lab,skipped,skipped,skipped,skipped,4,6
4102,Lab,Lab,skipped,skipped,skipped,skipped,4,6
4103,Lab,Lab,skipped,skipped,skipped,skipped,4,6
4104,Lab,Lab,skipped,skipped,skipped,skipped,4,6
4105,Lab,Lab,skipped,skipped,skipped,skipped,4,6
4106,Lab,Lab,skipped,skipped,skipped,skipped,4,6
4107,Lab,Lab,skipped,skipped,skipped,skipped,4,6
4108,Lab,Lab,skipped,skipped,skipped,skipped,4,6
4109,Lab,Lab,skipped,skipped,skipped,skipped,4,6
4110,Lab,Lab,skipped,skipped,skipped,skipped,4,6
4111,Lab,Lab,skipped,skipped,skipped,skipped,4,6
4112,Lab,Lab,skipped,skipped,skipped,skipped,4,6
4113,Lab,Lab,skipped,skipped,skipped,skipped,4,6
4114,Lab,Lab,skipped,skipped,skipped,skipped,4,6
4115,Lab,Lab,skipped,skipped,skipped,skipped,4,6
4116,Lab,Lab,skipped,skipped,skipped,skipped,4,6
4117,Lab,Lab,skipped,skipped,skipped,skipped,4,6
4118,Lab,Lab,skipped,skipped,skipped,skipped,4,6
4119,Lab,Lab,skipped,skipped,skipped,skipped,4,6
4120,Lab,Lab,skipped,skipped,skipped,skipped,4,6
4121,Lab,Lab,skipped,skipped,skipped,skipped,4,6
4122,Lab,Lab,skipped,skipped,skipped,skipped,4,6
4123,Lab,Lab,skipped,skipped,skipped,skipped,4,6
4124,Lab,Lab,skipped,skipped,skipped,skipped,4,6
4125,Lab,Lab,skipped,skipped,skipped,skipped,4,6
4126,Lab,Lab,skipped,skipped,skipped,skipped,4,6
4127,Lab,Lab,skipped,skipped,skipped,skipped,4,6
4128,Lab,Lab,skipped,skipped,skipped,skipped,4,6
4129,Lab,Lab,skipped,skipped,skipped,skipped,4,6
4130,Lab,Lab,skipped,skipped,skipped,skipped,4,6
4131,Lab,Lab,skipped,skipped,skipped,skipped,4,6
4132,Lab,Lab,skipped,skipped,skipped,skipped,4,6
4133,Lab,Lab,skipped,skipped,skipped,skipped,4,6
4134,Lab,Lab,skipped,skipped,skipped,skipped,4,6
4135,Lab,Lab,skipped,skipped,skipped,skipped,4,6
4136,Lab,Lab,skipped,skipped,skipped,skipped,4,6
4137,Lab,Lab,skipped,skipped,skipped,skipped,4,6
4138,Lab,Lab,skipped,skipped,skipped,skipped,4,6
4139,Lab,Lab,skipped,skipped,skipped,skipped,4,6
4140,Lab,Lab,skipped,skipped,skipped,skipped,4,6
4141,Lab,Lab,skipped,skipped,skipped,skipped,4,6
4142,Lab,Lab,skipped,skipped,skipped,skipped,4,6
4143,Lab,Lab,skipped,skipped,skipped,skipped,4,6
4144,Lab,Lab,skipped,skipped,skipped,skipped,4,6
4145,Lab,Lab,skipped,skipped,skipped,skipped,4,6
4146,Lab,Lab,skipped,skipped,skipped,skipped,4,6
4147,Lab,Lab,skipped,skipped,skipped,skipped,4,6
4148,Lab,Lab,skipped,skipped,skipped,skipped,4,6
4149,Lab,Lab,skipped,skipped,skipped,skipped,4,6
4150,Lab,Lab,skipped,skipped,skipped,skipped,4,6
4151,Lab,Lab,skipped,skipped,skipped,skipped,4,6
4152,Lab,Lab,skipped,skipped,skipped,skipped,4,6
4153,Lab,Lab,skipped,skipped,skipped,skipped,4,6
4154,Lab,Lab,skipped,skipped,skipped,skipped,4,6
4155,Lab,Lab,skipped,skipped,skipped,skipped,4,6
4156,Lab,Lab,skipped,skipped,skipped,skipped,4,6
4157,Lab,Lab,skipped,skipped,skipped,skipped,4,6
4158,Lab,Lab,skipped,skipped,skipped,skipped,4,6
4159,Lab,Lab,skipped,skipped,skipped,skipped,4,6
4160,Lab,Lab,skipped,skipped,skipped,skipped,4,6
4161,Lab,Lab,skipped,skipped,skipped,skipped,4,6
4162,Lab,Lab,skipped,skipped,skipped,skipped,4,6
4163,Lab,Lab,skipped,skipped,skipped,skipped,4,6
4164,Lab,Lab,skipped,skipped,skipped,skipped,4,6
4165,Lab,Lab,skipped,skipped,skipped,skipped,4,6
4166,Lab,Lab,skipped,skipped,skipped,skipped,4,6
4167,Lab,Lab,skipped,skipped,skipped,skipped,4,6
4168,Lab,Lab,skipped,skipped,skipped,skipped,4,6
4169,Lab,Lab,skipped,skipped,skipped,skipped,4,6
4170,Lab,Lab,skipped,skipped,skipped,skipped,4,6
4171,Lab,Lab,skipped,skipped,skipped,skipped,4,6
4172,Lab,Lab,skipped,skipped,skipped,skipped,4,6
4173,Lab,Lab,skipped,skipped,skipped,skipped,4,6
4174,Lab,Lab,skipped,skipped,skipped,skipped,4,6
4175,Lab,Lab,skipped,skipped,skipped,skipped,4,6
4176,Lab,Lab,skipped,skipped,skipped,skipped,4,6
4177,Lab,Lab,skipped,skipped,skipped,skipped,4,6
4178,Lab,Lab,skipped,skipped,skipped,skipped,4,6
4179,Lab,Lab,skipped,skipped,skipped,skipped,4,6
4180,Lab,Lab,skipped,skipped,skipped,skipped,4,6
4181,Lab,Lab,skipped,skipped,skipped,skipped,4,6
4182,Lab,Lab,skipped,skipped,skipped,skipped,4,6
4183,Lab,Lab,skipped,skipped,skipped,skipped,4,6
4184,Lab,Lab,skipped,skipped,skipped,skipped,4,6
4185,Lab,Lab,skipped,skipped,skipped,skipped,4,6
4186,Lab,Lab,skipped,skipped,skipped,skipped,4,6
4187,Lab,Lab,skipped,skipped,skipped,skipped,4,6
4188,Lab,Lab,skipped,skipped,skipped,skipped,4,6
4189,Lab,Lab,skipped,skipped,skipped,skipped,4,6
4190,Lab,Lab,skipped,skipped,skipped,skipped,4,6
4191,Lab,Lab,skipped,skipped,skipped,skipped,4,6
4192,Lab,Lab,skipped,skipped,skipped,skipped,4,6
4193,Lab,Lab,skipped,skipped,skipped,skipped,4,6
4194,Lab,Lab,skipped,skipped,skipped,skipped,4,6
4195,Lab,Lab,skipped,skipped,skipped,skipped,4,6
4196,Lab,Lab,skipped,skipped,skipped,skipped,4,6
4197,Lab,Lab,skipped,skipped,skipped,skipped,4,6
4198,Lab,Lab,skipped,skipped,skipped,skipped,4,6
4199,Lab,Lab,skipped,skipped,skipped,skipped,4,6
4200,Lab,Lab,skipped,skipped,skipped,skipped,4,6
4201,Lab,Lab,skipped,skipped,skipped,skipped,4,6
4202,Lab,Lab,skipped,skipped,skipped,skipped,4,6
4203,Lab,Lab,skipped,skipped,skipped,skipped,4,6
4204,Lab,Lab,skipped,skipped,skipped,skipped,4,6
4205,Lab,Lab,skipped,skipped,skipped,skipped,4,6
4206,Lab,Lab,skipped,skipped,skipped,skipped,4,6
4207,Lab,Lab,skipped,skipped,skipped,skipped,4,6
4208,Lab,Lab,skipped,skipped,skipped,skipped,4,6
4209,Lab,Lab,skipped,skipped,skipped,skipped,4,6
4210,Lab,Lab,skipped,skipped,skipped,skipped,4,6
4211,Lab,Lab,skipped,skipped,skipped,skipped,4,6
4212,Lab,Lab,skipped,skipped,skipped,skipped,4,6
4213,Lab,Lab,skipped,skipped,skipped,skipped,4,6
4214,Lab,Lab,skipped,skipped,skipped,skipped,4,6
4215,Lab,Lab,skipped,skipped,skipped,skipped,4,6
4216,Lab,Lab,skipped,skipped,skipped,skipped,4,6
4217,Lab,Lab,skipped,skipped,skipped,skipped,4,6
4218,Lab,Lab,skipped,skipped,skipped,skipped,4,6
4219,Lab,Lab,skipped,skipped,skipped,skipped,4,6
4220,Lab,Lab,skipped,skipped,skipped,skipped,4,6
4221,Lab,Lab,skipped,skipped,skipped,skipped,4,6
4222,Lab,Lab,skipped,skipped,skipped,skipped,4,6
4223,Lab,Lab,skipped,skipped,skipped,skipped,4,6
4224,Lab,Lab,skipped,skipped,skipped,skipped,4,6
4225,Lab,Lab,skipped,skipped,skipped,skipped,4,6
4226,Lab,Lab,skipped,skipped,skipped,skipped,4,6
4227,Lab,Lab,skipped,skipped,skipped,skipped,4,6
4228,Lab,Lab,skipped,skipped,skipped,skipped,4,6
4229,Lab,Lab,skipped,skipped,skipped,skipped,4,6
4230,Lab,Lab,skipped,skipped,skipped,skipped,4,6
4231,Lab,Lab,skipped,skipped,skipped,skipped,4,6
4232,Lab,Lab,skipped,skipped,skipped,skipped,4,6
4233,Lab,Lab,skipped,skipped,skipped,skipped,4,6
4234,Lab,Lab,skipped,skipped,skipped,skipped,4,6
4235,Lab,Lab,skipped,skipped,skipped,skipped,4,6
4236,Lab,Lab,skipped,skipped,skipped,skipped,4,6
4237,Lab,Lab,skipped,skipped,skipped,skipped,4,6
4238,Lab,Lab,skipped,skipped,skipped,skipped,4,6
4239,Lab,Lab,skipped,skipped,skipped,skipped,4,6
4240,Lab,Lab,skipped,skipped,skipped,skipped,4,6
4241,Lab,Lab,skipped,skipped,skipped,skipped,4,6
4242,Lab,Lab,skipped,skipped,skipped,skipped,4,6
4243,Lab,Lab,skipped,skipped,skipped,skipped,4,6
4244,Lab,Lab,skipped,skipped,skipped,skipped,4,6
4245,Lab,Lab,skipped,skipped,skipped,skipped,4,6
4246,Lab,Lab,skipped,skipped,skipped,skipped,4,6
4247,Lab,Lab,skipped,skipped,skipped,skipped,4,6
4248,Lab,Lab,skipped,skipped,skipped,skipped,4,6
4249,Lab,Lab,skipped,skipped,skipped,skipped,4,6
4250,Lab,Lab,skipped,skipped,skipped,skipped,4,6
4251,Lab,Lab,skipped,skipped,skipped,skipped,4,6
4252,Lab,Lab,skipped,skipped,skipped,skipped,4,6
4253,Lab,Lab,skipped,skipped,skipped,skipped,4,6
4254,Lab,Lab,skipped,skipped,skipped,skipped,4,6
4255,Lab,Lab,skipped,skipped,skipped,skipped,4,6
4256,Lab,Lab,skipped,skipped,skipped,skipped,4,6
4257,Lab,Lab,skipped,skipped,skipped,skipped,4,6
4258,Lab,Lab,skipped,skipped,skipped,skipped,4,6
4259,Lab,Lab,skipped,skipped,skipped,skipped,4,6
4260,Lab,Lab,skipped,skipped,skipped,skipped,4,6
4261,Lab,Lab,skipped,skipped,skipped,skipped,4,6
4262,Lab,Lab,skipped,skipped,skipped,skipped,4,6
4263,Lab,Lab,skipped,skipped,skipped,skipped,4,6
4264,Lab,Lab,skipped,skipped,skipped,skipped,4,6
4265,Lab,Lab,skipped,skipped,skipped,skipped,4,6
4266,Lab,Lab,skipped,skipped,skipped,skipped,4,6
4267,Lab,Lab,skipped,skipped,skipped,skipped,4,6
4268,Lab,Lab,skipped,skipped,skipped,skipped,4,6
4269,Lab,Lab,skipped,skipped,skipped,skipped,4,6
4270,Lab,Lab,skipped,skipped,skipped,skipped,4,6
4271,Lab,Lab,skipped,skipped,skipped,skipped,4,6
4272,Lab,Lab,skipped,skipped,skipped,skipped,4,6
4273,Lab,Lab,skipped,skipped,skipped,skipped,4,6
4274,Lab,Lab,skipped,skipped,skipped,skipped,4,6
4275,Lab,Lab,skipped,skipped,skipped,skipped,4,6
4276,Lab,Lab,skipped,skipped,skipped,skipped,4,6
4277,Con,SNP,SNP,Lab,Lab,LD,4,6
4278,SNP,SNP,LD,Lab,Lab,Con,4,6
4279,SNP,SNP,LD,Lab,Lab,Con,4,6
4280,SNP,SNP,LD,Lab,Lab,Con,4,6
4281,SNP,SNP,LD,Lab,Lab,Con,4,6
4282,SNP,SNP,LD,Lab,Lab,Con,4,6
4283,SNP,SNP,LD,Lab,Lab,Con,4,6
4284,SNP,SNP,LD,Lab,Lab,Con,4,6
4285,SNP,SNP,LD,Lab,Lab,Con,4,6
4286,SNP,SNP,LD,Lab,Lab,Con,4,6
4287,SNP,SNP,LD,Lab,Lab,Con,4,6
4288,SNP,SNP,LD,Lab,Lab,Con,4,6
4289,SNP,SNP,LD,Lab,Lab,Con,4,6
4290,SNP,SNP,LD,Lab,Lab,Con,4,6
4291,SNP,SNP,Lab,LD,skipped,skipped,4,6
4292,SNP,SNP,Lab,LD,skipped,skipped,4,6
4293,LD,Lab,skipped,skipped,skipped,skipped,4,6
4294,LD,Lab,skipped,skipped,skipped,skipped,4,6
4295,SNP,LD,SNP,skipped,skipped,skipped,4,6
4296,SNP,LD,SNP,skipped,skipped,skipped,4,6
4297,Lab,Con,LD,Lab,SNP,SNP,4,6
4298,Lab,SNP,LD,Lab,Con,SNP,4,6
4299,Lab,Lab,SNP,SNP,LD,Con,4,6
4300,Lab,Lab,SNP,SNP,LD,Con,4,6
4301,Lab,Lab,SNP,SNP,LD,Con,4,6
4302,Lab,Lab,SNP,SNP,LD,Con,4,6
4303,Lab,Lab,SNP,SNP,LD,Con,4,6
4304,Lab,Lab,SNP,SNP,LD,Con,4,6
4305,Lab,Lab,SNP,SNP,LD,Con,4,6
4306,Lab,Lab,SNP,SNP,LD,Con,4,6
4307,Lab,Lab,SNP,SNP,LD,Con,4,6
4308,Lab,Lab,SNP,SNP,LD,Con,4,6
4309,Lab,Lab,SNP,SNP,LD,Con,4,6
4310,Lab,Lab,SNP,SNP,LD,Con,4,6
4311,Lab,Lab,SNP,SNP,LD,Con,4,6
4312,Lab,Lab,SNP,SNP,LD,Con,4,6
4313,Lab,Lab,SNP,SNP,LD,Con,4,6
4314,Lab,Lab,SNP,SNP,LD,Con,4,6
4315,Lab,Lab,SNP,SNP,LD,Con,4,6
4316,Lab,Lab,SNP,SNP,LD,Con,4,6
4317,Lab,Lab,SNP,SNP,LD,Con,4,6
4318,Lab,Lab,SNP,SNP,LD,Con,4,6
4319,Lab,Lab,SNP,SNP,LD,Con,4,6
4320,Lab,Lab,SNP,SNP,LD,Con,4,6
4321,Lab,Lab,SNP,SNP,LD,Con,4,6
4322,Lab,Lab,SNP,SNP,LD,Con,4,6
4323,Lab,Lab,SNP,SNP,LD,Con,4,6
4324,Lab,Lab,SNP,SNP,LD,Con,4,6
4325,Lab,Lab,SNP,SNP,LD,Con,4,6
4326,Lab,Lab,SNP,SNP,LD,Con,4,6
4327,Lab,Lab,SNP,SNP,LD,Con,4,6
4328,Lab,Lab,SNP,SNP,LD,Con,4,6
4329,SNP,SNP,LD,skipped,skipped,skipped,4,6
4330,SNP,SNP,LD,skipped,skipped,skipped,4,6
4331,SNP,SNP,LD,skipped,skipped,skipped,4,6
4332,SNP,SNP,LD,skipped,skipped,skipped,4,6
4333,SNP,SNP,LD,skipped,skipped,skipped,4,6
4334,SNP,SNP,LD,skipped,skipped,skipped,4,6
4335,SNP,SNP,LD,skipped,skipped,skipped,4,6
4336,SNP,SNP,LD,skipped,skipped,skipped,4,6
4337,SNP,SNP,LD,skipped,skipped,skipped,4,6
4338,SNP,SNP,LD,skipped,skipped,skipped,4,6
4339,SNP,SNP,LD,skipped,skipped,skipped,4,6
4340,SNP,SNP,LD,skipped,skipped,skipped,4,6
4341,SNP,SNP,LD,skipped,skipped,skipped,4,6
4342,SNP,SNP,LD,skipped,skipped,skipped,4,6
4343,SNP,SNP,LD,skipped,skipped,skipped,4,6
4344,SNP,SNP,LD,skipped,skipped,skipped,4,6
4345,SNP,SNP,LD,skipped,skipped,skipped,4,6
4346,SNP,SNP,LD,skipped,skipped,skipped,4,6
4347,SNP,SNP,LD,skipped,skipped,skipped,4,6
4348,SNP,SNP,LD,skipped,skipped,skipped,4,6
4349,SNP,SNP,LD,skipped,skipped,skipped,4,6
4350,SNP,SNP,LD,skipped,skipped,skipped,4,6
4351,SNP,SNP,LD,skipped,skipped,skipped,4,6
4352,SNP,SNP,LD,skipped,skipped,skipped,4,6
4353,SNP,SNP,LD,skipped,skipped,skipped,4,6
4354,SNP,SNP,LD,skipped,skipped,skipped,4,6
4355,SNP,SNP,LD,skipped,skipped,skipped,4,6
4356,SNP,SNP,LD,skipped,skipped,skipped,4,6
4357,SNP,SNP,LD,skipped,skipped,skipped,4,6
4358,SNP,SNP,LD,skipped,skipped,skipped,4,6
4359,SNP,SNP,LD,skipped,skipped,skipped,4,6
4360,SNP,SNP,LD,skipped,skipped,skipped,4,6
4361,SNP,SNP,LD,skipped,skipped,skipped,4,6
4362,SNP,SNP,LD,skipped,skipped,skipped,4,6
4363,SNP,SNP,LD,skipped,skipped,skipped,4,6
4364,SNP,SNP,Con,LD,Lab,Lab,4,6
4365,SNP,SNP,Con,LD,Lab,Lab,4,6
4366,SNP,SNP,Con,LD,Lab,Lab,4,6
4367,SNP,SNP,Con,LD,Lab,Lab,4,6
4368,Lab,LD,SNP,skipped,skipped,skipped,4,6
4369,Lab,LD,SNP,skipped,skipped,skipped,4,6
4370,Lab,LD,SNP,skipped,skipped,skipped,4,6
4371,LD,SNP,Lab,SNP,Lab,Con,4,6
4372,Lab,SNP,Lab,skipped,skipped,skipped,4,6
4373,Lab,SNP,LD,skipped,skipped,skipped,4,6
4374,Lab,SNP,LD,skipped,skipped,skipped,4,6
4375,Lab,SNP,LD,skipped,skipped,skipped,4,6
4376,Con,Lab,LD,skipped,skipped,skipped,4,6
4377,Con,Lab,LD,skipped,skipped,skipped,4,6
4378,Con,Lab,LD,skipped,skipped,skipped,4,6
4379,Con,Lab,LD,skipped,skipped,skipped,4,6
4380,Con,Lab,LD,skipped,skipped,skipped,4,6
4381,Con,Lab,LD,skipped,skipped,skipped,4,6
4382,Con,Lab,LD,skipped,skipped,skipped,4,6
4383,Con,Lab,LD,skipped,skipped,skipped,4,6
4384,Con,Lab,LD,skipped,skipped,skipped,4,6
4385,Con,Lab,LD,skipped,skipped,skipped,4,6
4386,Con,Lab,LD,skipped,skipped,skipped,4,6
4387,Con,Lab,LD,skipped,skipped,skipped,4,6
4388,Con,Lab,LD,skipped,skipped,skipped,4,6
4389,Con,Lab,LD,skipped,skipped,skipped,4,6
4390,Lab,SNP,SNP,Con,LD,Lab,4,6
4391,Lab,SNP,SNP,Lab,LD,Con,4,6
4392,LD,Con,skipped,skipped,skipped,skipped,4,6
4393,LD,Con,skipped,skipped,skipped,skipped,4,6
4394,LD,Con,skipped,skipped,skipped,skipped,4,6
4395,LD,Con,skipped,skipped,skipped,skipped,4,6
4396,LD,Con,skipped,skipped,skipped,skipped,4,6
4397,LD,Con,skipped,skipped,skipped,skipped,4,6
4398,LD,Con,skipped,skipped,skipped,skipped,4,6
4399,LD,Con,skipped,skipped,skipped,skipped,4,6
4400,LD,Con,skipped,skipped,skipped,skipped,4,6
4401,LD,Con,skipped,skipped,skipped,skipped,4,6
4402,Lab,Lab,SNP,skipped,skipped,skipped,4,6
4403,Lab,Lab,SNP,skipped,skipped,skipped,4,6
4404,Lab,Lab,SNP,skipped,skipped,skipped,4,6
4405,Lab,Lab,SNP,skipped,skipped,skipped,4,6
4406,Lab,Lab,SNP,skipped,skipped,skipped,4,6
4407,Lab,Lab,SNP,skipped,skipped,skipped,4,6
4408,Lab,Lab,SNP,skipped,skipped,skipped,4,6
4409,Lab,Lab,SNP,skipped,skipped,skipped,4,6
4410,Lab,Lab,SNP,skipped,skipped,skipped,4,6
4411,Lab,Lab,SNP,skipped,skipped,skipped,4,6
4412,Lab,Lab,SNP,skipped,skipped,skipped,4,6
4413,Lab,Lab,SNP,skipped,skipped,skipped,4,6
4414,Lab,Lab,SNP,skipped,skipped,skipped,4,6
4415,Lab,SNP,skipped,skipped,skipped,skipped,4,6
4416,Lab,SNP,skipped,skipped,skipped,skipped,4,6
4417,Lab,SNP,skipped,skipped,skipped,skipped,4,6
4418,Lab,SNP,skipped,skipped,skipped,skipped,4,6
4419,Lab,SNP,skipped,skipped,skipped,skipped,4,6
4420,Lab,SNP,skipped,skipped,skipped,skipped,4,6
4421,Lab,SNP,skipped,skipped,skipped,skipped,4,6
4422,Lab,SNP,skipped,skipped,skipped,skipped,4,6
4423,Lab,SNP,skipped,skipped,skipped,skipped,4,6
4424,Lab,SNP,skipped,skipped,skipped,skipped,4,6
4425,Lab,SNP,skipped,skipped,skipped,skipped,4,6
4426,Lab,SNP,skipped,skipped,skipped,skipped,4,6
4427,Lab,SNP,skipped,skipped,skipped,skipped,4,6
4428,Lab,SNP,skipped,skipped,skipped,skipped,4,6
4429,Lab,Con,Lab,skipped,skipped,skipped,4,6
4430,Lab,Con,Lab,skipped,skipped,skipped,4,6
4431,Lab,Con,Lab,skipped,skipped,skipped,4,6
4432,Lab,Con,SNP,LD,SNP,Lab,4,6
4433,SNP,SNP,LD,Lab,skipped,skipped,4,6
4434,SNP,SNP,LD,Lab,skipped,skipped,4,6
4435,Con,LD,SNP,Lab,SNP,Lab,4,6
4436,Con,SNP,SNP,Lab,LD,Lab,4,6
4437,Con,SNP,SNP,Lab,LD,Lab,4,6
4438,Lab,LD,Con,skipped,skipped,skipped,4,6
4439,Lab,LD,Con,skipped,skipped,skipped,4,6
4440,SNP,SNP,Lab,LD,Con,Lab,4,6
4441,Con,Lab,Lab,LD,SNP,SNP,4,6
4442,Con,Lab,Lab,LD,SNP,SNP,4,6
4443,Con,Lab,Lab,LD,SNP,SNP,4,6
4444,Con,Lab,Lab,LD,SNP,SNP,4,6
4445,Con,Lab,Lab,LD,SNP,SNP,4,6
4446,Con,Lab,Lab,LD,SNP,SNP,4,6
4447,Con,Lab,Lab,LD,SNP,SNP,4,6
4448,Con,Lab,Lab,LD,SNP,SNP,4,6
4449,Con,Lab,Lab,LD,SNP,SNP,4,6
4450,Con,Lab,Lab,LD,SNP,SNP,4,6
4451,Con,Lab,Lab,LD,SNP,SNP,4,6
4452,Con,Lab,Lab,LD,SNP,SNP,4,6
4453,Con,Lab,Lab,LD,SNP,SNP,4,6
4454,Con,Lab,Lab,LD,SNP,SNP,4,6
4455,Con,Lab,Lab,LD,SNP,SNP,4,6
4456,Con,Lab,Lab,LD,SNP,SNP,4,6
4457,Con,Lab,Lab,LD,SNP,SNP,4,6
4458,Con,Lab,Lab,LD,SNP,SNP,4,6
4459,Con,Lab,Lab,LD,SNP,SNP,4,6
4460,Con,Lab,Lab,LD,SNP,SNP,4,6
4461,Con,Lab,Lab,LD,SNP,SNP,4,6
4462,Con,Lab,Lab,LD,SNP,SNP,4,6
4463,Con,Lab,Lab,LD,SNP,SNP,4,6
4464,Lab,Lab,SNP,LD,skipped,skipped,4,6
4465,Con,Lab,LD,skipped,skipped,skipped,4,6
4466,Con,Lab,LD,skipped,skipped,skipped,4,6
4467,Con,Lab,LD,skipped,skipped,skipped,4,6
4468,Con,Lab,LD,skipped,skipped,skipped,4,6
4469,Con,Lab,LD,skipped,skipped,skipped,4,6
4470,Con,Lab,LD,skipped,skipped,skipped,4,6
4471,Con,Lab,LD,skipped,skipped,skipped,4,6
4472,Con,Lab,LD,skipped,skipped,skipped,4,6
4473,Con,Lab,LD,skipped,skipped,skipped,4,6
4474,Lab,SNP,SNP,Con,LD,Lab,4,6
4475,SNP,Lab,Lab,SNP,LD,skipped,4,6
