voterId,rank1,rank2,rank3,rank4,rank5,numSeats,numCands
0,Lawrence O'NEILL (Lab),skipped,skipped,skipped,skipped,,5
1,Lawrence O'NEILL (Lab),skipped,skipped,skipped,skipped,,5
2,Lawrence O'NEILL (Lab),skipped,skipped,skipped,skipped,,5
3,Lawrence O'NEILL (Lab),skipped,skipped,skipped,skipped,,5
4,Lawrence O'NEILL (Lab),skipped,skipped,skipped,skipped,,5
5,Lawrence O'NEILL (Lab),skipped,skipped,skipped,skipped,,5
6,Lawrence O'NEILL (Lab),skipped,skipped,skipped,skipped,,5
7,Lawrence O'NEILL (Lab),skipped,skipped,skipped,skipped,,5
8,Lawrence O'NEILL (Lab),skipped,skipped,skipped,skipped,,5
9,Lawrence O'NEILL (Lab),skipped,skipped,skipped,skipped,,5
10,Lawrence O'NEILL (Lab),skipped,skipped,skipped,skipped,,5
11,Lawrence O'NEILL (Lab),skipped,skipped,skipped,skipped,,5
12,Lawrence O'NEILL (Lab),skipped,skipped,skipped,skipped,,5
13,Lawrence O'NEILL (Lab),skipped,skipped,skipped,skipped,,5
14,Lawrence O'NEILL (Lab),skipped,skipped,skipped,skipped,,5
15,Lawrence O'NEILL (Lab),skipped,skipped,skipped,skipped,,5
16,Lawrence O'NEILL (Lab),skipped,skipped,skipped,skipped,,5
17,Lawrence O'NEILL (Lab),skipped,skipped,skipped,skipped,,5
18,Lawrence O'NEILL (Lab),skipped,skipped,skipped,skipped,,5
19,Lawrence O'NEILL (Lab),skipped,skipped,skipped,skipped,,5
20,Lawrence O'NEILL (Lab),skipped,skipped,skipped,skipped,,5
21,Lawrence O'NEILL (Lab),skipped,skipped,skipped,skipped,,5
22,Lawrence O'NEILL (Lab),skipped,skipped,skipped,skipped,,5
23,Lawrence O'NEILL (Lab),skipped,skipped,skipped,skipped,,5
24,Lawrence O'NEILL (Lab),skipped,skipped,skipped,skipped,,5
25,Lawrence O'NEILL (Lab),skipped,skipped,skipped,skipped,,5
26,Lawrence O'NEILL (Lab),skipped,skipped,skipped,skipped,,5
27,Lawrence O'NEILL (Lab),skipped,skipped,skipped,skipped,,5
28,Lawrence O'NEILL (Lab),skipped,skipped,skipped,skipped,,5
29,Lawrence O'NEILL (Lab),skipped,skipped,skipped,skipped,,5
30,Lawrence O'NEILL (Lab),Hermione SPENCER (Con),skipped,skipped,skipped,,5
31,Lawrence O'NEILL (Lab),Hermione SPENCER (Con),skipped,skipped,skipped,,5
32,Lawrence O'NEILL (Lab),Hermione SPENCER (Con),skipped,skipped,skipped,,5
33,Lawrence O'NEILL (Lab),Hermione SPENCER (Con),Jim FINN (SNP),skipped,skipped,,5
34,Hermione SPENCER (Con),Claire GALLAGHER (SNP),Douglas James MCALLISTER (Lab),skipped,skipped,,5
35,Hermione SPENCER (Con),Douglas James MCALLISTER (Lab),skipped,skipped,skipped,,5
36,Hermione SPENCER (Con),Douglas James MCALLISTER (Lab),skipped,skipped,skipped,,5
37,Hermione SPENCER (Con),Douglas James MCALLISTER (Lab),skipped,skipped,skipped,,5
38,Hermione SPENCER (Con),Douglas James MCALLISTER (Lab),skipped,skipped,skipped,,5
39,Hermione SPENCER (Con),Douglas James MCALLISTER (Lab),skipped,skipped,skipped,,5
40,Hermione SPENCER (Con),Douglas James MCALLISTER (Lab),skipped,skipped,skipped,,5
41,Hermione SPENCER (Con),Douglas James MCALLISTER (Lab),skipped,skipped,skipped,,5
42,Hermione SPENCER (Con),Douglas James MCALLISTER (Lab),skipped,skipped,skipped,,5
43,Hermione SPENCER (Con),Douglas James MCALLISTER (Lab),skipped,skipped,skipped,,5
44,Hermione SPENCER (Con),Douglas James MCALLISTER (Lab),skipped,skipped,skipped,,5
45,Hermione SPENCER (Con),Douglas James MCALLISTER (Lab),Claire GALLAGHER (SNP),skipped,skipped,,5
46,Hermione SPENCER (Con),Douglas James MCALLISTER (Lab),Claire GALLAGHER (SNP),skipped,skipped,,5
47,Hermione SPENCER (Con),Douglas James MCALLISTER (Lab),Claire GALLAGHER (SNP),skipped,skipped,,5
48,Hermione SPENCER (Con),Douglas James MCALLISTER (Lab),Claire GALLAGHER (SNP),skipped,skipped,,5
49,Lawrence O'NEILL (Lab),Jim FINN (SNP),skipped,skipped,skipped,,5
50,Lawrence O'NEILL (Lab),Jim FINN (SNP),skipped,skipped,skipped,,5
51,Jim FINN (SNP),Douglas James MCALLISTER (Lab),skipped,skipped,skipped,,5
52,Douglas James MCALLISTER (Lab),Claire GALLAGHER (SNP),skipped,skipped,skipped,,5
53,Douglas James MCALLISTER (Lab),Claire GALLAGHER (SNP),skipped,skipped,skipped,,5
54,Douglas James MCALLISTER (Lab),Claire GALLAGHER (SNP),skipped,skipped,skipped,,5
55,Douglas James MCALLISTER (Lab),Claire GALLAGHER (SNP),Hermione SPENCER (Con),skipped,skipped,,5
56,Lawrence O'NEILL (Lab),Claire GALLAGHER (SNP),skipped,skipped,skipped,,5
57,Lawrence O'NEILL (Lab),Claire GALLAGHER (SNP),skipped,skipped,skipped,,5
58,Lawrence O'NEILL (Lab),Claire GALLAGHER (SNP),skipped,skipped,skipped,,5
59,Lawrence O'NEILL (Lab),Claire GALLAGHER (SNP),skipped,skipped,skipped,,5
60,Lawrence O'NEILL (Lab),Claire GALLAGHER (SNP),skipped,skipped,skipped,,5
61,Lawrence O'NEILL (Lab),Claire GALLAGHER (SNP),skipped,skipped,skipped,,5
62,Claire GALLAGHER (SNP),Douglas James MCALLISTER (Lab),Hermione SPENCER (Con),skipped,skipped,,5
63,Claire GALLAGHER (SNP),Douglas James MCALLISTER (Lab),Hermione SPENCER (Con),skipped,skipped,,5
64,Douglas James MCALLISTER (Lab),skipped,skipped,skipped,skipped,,5
65,Douglas James MCALLISTER (Lab),skipped,skipped,skipped,skipped,,5
66,Douglas James MCALLISTER (Lab),skipped,skipped,skipped,skipped,,5
67,Douglas James MCALLISTER (Lab),skipped,skipped,skipped,skipped,,5
68,Douglas James MCALLISTER (Lab),skipped,skipped,skipped,skipped,,5
69,Douglas James MCALLISTER (Lab),skipped,skipped,skipped,skipped,,5
70,Douglas James MCALLISTER (Lab),skipped,skipped,skipped,skipped,,5
71,Douglas James MCALLISTER (Lab),skipped,skipped,skipped,skipped,,5
72,Douglas James MCALLISTER (Lab),skipped,skipped,skipped,skipped,,5
73,Douglas James MCALLISTER (Lab),skipped,skipped,skipped,skipped,,5
74,Douglas James MCALLISTER (Lab),skipped,skipped,skipped,skipped,,5
75,Douglas James MCALLISTER (Lab),skipped,skipped,skipped,skipped,,5
76,Douglas James MCALLISTER (Lab),skipped,skipped,skipped,skipped,,5
77,Douglas James MCALLISTER (Lab),skipped,skipped,skipped,skipped,,5
78,Douglas James MCALLISTER (Lab),skipped,skipped,skipped,skipped,,5
79,Douglas James MCALLISTER (Lab),skipped,skipped,skipped,skipped,,5
80,Douglas James MCALLISTER (Lab),skipped,skipped,skipped,skipped,,5
81,Douglas James MCALLISTER (Lab),skipped,skipped,skipped,skipped,,5
82,Douglas James MCALLISTER (Lab),skipped,skipped,skipped,skipped,,5
83,Douglas James MCALLISTER (Lab),skipped,skipped,skipped,skipped,,5
84,Douglas James MCALLISTER (Lab),skipped,skipped,skipped,skipped,,5
85,Douglas James MCALLISTER (Lab),skipped,skipped,skipped,skipped,,5
86,Douglas James MCALLISTER (Lab),skipped,skipped,skipped,skipped,,5
87,Douglas James MCALLISTER (Lab),skipped,skipped,skipped,skipped,,5
88,Douglas James MCALLISTER (Lab),skipped,skipped,skipped,skipped,,5
89,Douglas James MCALLISTER (Lab),skipped,skipped,skipped,skipped,,5
90,Douglas James MCALLISTER (Lab),skipped,skipped,skipped,skipped,,5
91,Douglas James MCALLISTER (Lab),skipped,skipped,skipped,skipped,,5
92,Douglas James MCALLISTER (Lab),skipped,skipped,skipped,skipped,,5
93,Douglas James MCALLISTER (Lab),skipped,skipped,skipped,skipped,,5
94,Douglas James MCALLISTER (Lab),skipped,skipped,skipped,skipped,,5
95,Douglas James MCALLISTER (Lab),skipped,skipped,skipped,skipped,,5
96,Douglas James MCALLISTER (Lab),skipped,skipped,skipped,skipped,,5
97,Douglas James MCALLISTER (Lab),skipped,skipped,skipped,skipped,,5
98,Douglas James MCALLISTER (Lab),skipped,skipped,skipped,skipped,,5
99,Douglas James MCALLISTER (Lab),skipped,skipped,skipped,skipped,,5
100,Douglas James MCALLISTER (Lab),skipped,skipped,skipped,skipped,,5
101,Douglas James MCALLISTER (Lab),skipped,skipped,skipped,skipped,,5
102,Douglas James MCALLISTER (Lab),skipped,skipped,skipped,skipped,,5
103,Douglas James MCALLISTER (Lab),skipped,skipped,skipped,skipped,,5
104,Douglas James MCALLISTER (Lab),skipped,skipped,skipped,skipped,,5
105,Douglas James MCALLISTER (Lab),skipped,skipped,skipped,skipped,,5
106,Douglas James MCALLISTER (Lab),skipped,skipped,skipped,skipped,,5
107,Douglas James MCALLISTER (Lab),skipped,skipped,skipped,skipped,,5
108,Douglas James MCALLISTER (Lab),skipped,skipped,skipped,skipped,,5
109,Douglas James MCALLISTER (Lab),skipped,skipped,skipped,skipped,,5
110,Douglas James MCALLISTER (Lab),skipped,skipped,skipped,skipped,,5
111,Douglas James MCALLISTER (Lab),skipped,skipped,skipped,skipped,,5
112,Douglas James MCALLISTER (Lab),skipped,skipped,skipped,skipped,,5
113,Douglas James MCALLISTER (Lab),skipped,skipped,skipped,skipped,,5
114,Douglas James MCALLISTER (Lab),skipped,skipped,skipped,skipped,,5
115,Douglas James MCALLISTER (Lab),skipped,skipped,skipped,skipped,,5
116,Douglas James MCALLISTER (Lab),skipped,skipped,skipped,skipped,,5
117,Douglas James MCALLISTER (Lab),skipped,skipped,skipped,skipped,,5
118,Douglas James MCALLISTER (Lab),skipped,skipped,skipped,skipped,,5
119,Douglas James MCALLISTER (Lab),skipped,skipped,skipped,skipped,,5
120,Douglas James MCALLISTER (Lab),skipped,skipped,skipped,skipped,,5
121,Douglas James MCALLISTER (Lab),skipped,skipped,skipped,skipped,,5
122,Douglas James MCALLISTER (Lab),skipped,skipped,skipped,skipped,,5
123,Douglas James MCALLISTER (Lab),skipped,skipped,skipped,skipped,,5
124,Douglas James MCALLISTER (Lab),skipped,skipped,skipped,skipped,,5
125,Douglas James MCALLISTER (Lab),skipped,skipped,skipped,skipped,,5
126,Douglas James MCALLISTER (Lab),skipped,skipped,skipped,skipped,,5
127,Douglas James MCALLISTER (Lab),skipped,skipped,skipped,skipped,,5
128,Douglas James MCALLISTER (Lab),skipped,skipped,skipped,skipped,,5
129,Douglas James MCALLISTER (Lab),skipped,skipped,skipped,skipped,,5
130,Douglas James MCALLISTER (Lab),skipped,skipped,skipped,skipped,,5
131,Douglas James MCALLISTER (Lab),skipped,skipped,skipped,skipped,,5
132,Douglas James MCALLISTER (Lab),skipped,skipped,skipped,skipped,,5
133,Douglas James MCALLISTER (Lab),skipped,skipped,skipped,skipped,,5
134,Douglas James MCALLISTER (Lab),skipped,skipped,skipped,skipped,,5
135,Douglas James MCALLISTER (Lab),skipped,skipped,skipped,skipped,,5
136,Douglas James MCALLISTER (Lab),skipped,skipped,skipped,skipped,,5
137,Douglas James MCALLISTER (Lab),skipped,skipped,skipped,skipped,,5
138,Douglas James MCALLISTER (Lab),skipped,skipped,skipped,skipped,,5
139,Douglas James MCALLISTER (Lab),skipped,skipped,skipped,skipped,,5
140,Douglas James MCALLISTER (Lab),skipped,skipped,skipped,skipped,,5
141,Douglas James MCALLISTER (Lab),skipped,skipped,skipped,skipped,,5
142,Douglas James MCALLISTER (Lab),skipped,skipped,skipped,skipped,,5
143,Douglas James MCALLISTER (Lab),skipped,skipped,skipped,skipped,,5
144,Douglas James MCALLISTER (Lab),skipped,skipped,skipped,skipped,,5
145,Douglas James MCALLISTER (Lab),skipped,skipped,skipped,skipped,,5
146,Douglas James MCALLISTER (Lab),skipped,skipped,skipped,skipped,,5
147,Douglas James MCALLISTER (Lab),skipped,skipped,skipped,skipped,,5
148,Douglas James MCALLISTER (Lab),skipped,skipped,skipped,skipped,,5
149,Douglas James MCALLISTER (Lab),skipped,skipped,skipped,skipped,,5
150,Douglas James MCALLISTER (Lab),skipped,skipped,skipped,skipped,,5
151,Douglas James MCALLISTER (Lab),skipped,skipped,skipped,skipped,,5
152,Douglas James MCALLISTER (Lab),skipped,skipped,skipped,skipped,,5
153,Douglas James MCALLISTER (Lab),skipped,skipped,skipped,skipped,,5
154,Douglas James MCALLISTER (Lab),skipped,skipped,skipped,skipped,,5
155,Douglas James MCALLISTER (Lab),skipped,skipped,skipped,skipped,,5
156,Douglas James MCALLISTER (Lab),skipped,skipped,skipped,skipped,,5
157,Douglas James MCALLISTER (Lab),skipped,skipped,skipped,skipped,,5
158,Douglas James MCALLISTER (Lab),skipped,skipped,skipped,skipped,,5
159,Douglas James MCALLISTER (Lab),skipped,skipped,skipped,skipped,,5
160,Douglas James MCALLISTER (Lab),skipped,skipped,skipped,skipped,,5
161,Douglas James MCALLISTER (Lab),skipped,skipped,skipped,skipped,,5
162,Douglas James MCALLISTER (Lab),skipped,skipped,skipped,skipped,,5
163,Douglas James MCALLISTER (Lab),skipped,skipped,skipped,skipped,,5
164,Douglas James MCALLISTER (Lab),skipped,skipped,skipped,skipped,,5
165,Douglas James MCALLISTER (Lab),skipped,skipped,skipped,skipped,,5
166,Douglas James MCALLISTER (Lab),skipped,skipped,skipped,skipped,,5
167,Douglas James MCALLISTER (Lab),skipped,skipped,skipped,skipped,,5
168,Douglas James MCALLISTER (Lab),skipped,skipped,skipped,skipped,,5
169,Douglas James MCALLISTER (Lab),skipped,skipped,skipped,skipped,,5
170,Douglas James MCALLISTER (Lab),skipped,skipped,skipped,skipped,,5
171,Douglas James MCALLISTER (Lab),skipped,skipped,skipped,skipped,,5
172,Douglas James MCALLISTER (Lab),skipped,skipped,skipped,skipped,,5
173,Douglas James MCALLISTER (Lab),skipped,skipped,skipped,skipped,,5
174,Douglas James MCALLISTER (Lab),skipped,skipped,skipped,skipped,,5
175,Douglas James MCALLISTER (Lab),skipped,skipped,skipped,skipped,,5
176,Douglas James MCALLISTER (Lab),skipped,skipped,skipped,skipped,,5
177,Douglas James MCALLISTER (Lab),skipped,skipped,skipped,skipped,,5
178,Douglas James MCALLISTER (Lab),skipped,skipped,skipped,skipped,,5
179,Douglas James MCALLISTER (Lab),skipped,skipped,skipped,skipped,,5
180,Douglas James MCALLISTER (Lab),skipped,skipped,skipped,skipped,,5
181,Douglas James MCALLISTER (Lab),skipped,skipped,skipped,skipped,,5
182,Douglas James MCALLISTER (Lab),skipped,skipped,skipped,skipped,,5
183,Douglas James MCALLISTER (Lab),skipped,skipped,skipped,skipped,,5
184,Douglas James MCALLISTER (Lab),skipped,skipped,skipped,skipped,,5
185,Douglas James MCALLISTER (Lab),skipped,skipped,skipped,skipped,,5
186,Douglas James MCALLISTER (Lab),skipped,skipped,skipped,skipped,,5
187,Douglas James MCALLISTER (Lab),skipped,skipped,skipped,skipped,,5
188,Douglas James MCALLISTER (Lab),skipped,skipped,skipped,skipped,,5
189,Douglas James MCALLISTER (Lab),skipped,skipped,skipped,skipped,,5
190,Douglas James MCALLISTER (Lab),skipped,skipped,skipped,skipped,,5
191,Douglas James MCALLISTER (Lab),skipped,skipped,skipped,skipped,,5
192,Douglas James MCALLISTER (Lab),skipped,skipped,skipped,skipped,,5
193,Douglas James MCALLISTER (Lab),skipped,skipped,skipped,skipped,,5
194,Douglas James MCALLISTER (Lab),skipped,skipped,skipped,skipped,,5
195,Douglas James MCALLISTER (Lab),skipped,skipped,skipped,skipped,,5
196,Douglas James MCALLISTER (Lab),skipped,skipped,skipped,skipped,,5
197,Douglas James MCALLISTER (Lab),skipped,skipped,skipped,skipped,,5
198,Douglas James MCALLISTER (Lab),skipped,skipped,skipped,skipped,,5
199,Douglas James MCALLISTER (Lab),Hermione SPENCER (Con),skipped,skipped,skipped,,5
200,Douglas James MCALLISTER (Lab),Hermione SPENCER (Con),skipped,skipped,skipped,,5
201,Douglas James MCALLISTER (Lab),Hermione SPENCER (Con),skipped,skipped,skipped,,5
202,Douglas James MCALLISTER (Lab),Hermione SPENCER (Con),skipped,skipped,skipped,,5
203,Douglas James MCALLISTER (Lab),Hermione SPENCER (Con),skipped,skipped,skipped,,5
204,Douglas James MCALLISTER (Lab),Hermione SPENCER (Con),skipped,skipped,skipped,,5
205,Douglas James MCALLISTER (Lab),Hermione SPENCER (Con),skipped,skipped,skipped,,5
206,Douglas James MCALLISTER (Lab),Hermione SPENCER (Con),skipped,skipped,skipped,,5
207,Douglas James MCALLISTER (Lab),Hermione SPENCER (Con),skipped,skipped,skipped,,5
208,Douglas James MCALLISTER (Lab),Hermione SPENCER (Con),skipped,skipped,skipped,,5
209,Douglas James MCALLISTER (Lab),Hermione SPENCER (Con),skipped,skipped,skipped,,5
210,Douglas James MCALLISTER (Lab),Hermione SPENCER (Con),skipped,skipped,skipped,,5
211,Douglas James MCALLISTER (Lab),Hermione SPENCER (Con),skipped,skipped,skipped,,5
212,Douglas James MCALLISTER (Lab),Hermione SPENCER (Con),skipped,skipped,skipped,,5
213,Douglas James MCALLISTER (Lab),Hermione SPENCER (Con),skipped,skipped,skipped,,5
214,Douglas James MCALLISTER (Lab),Hermione SPENCER (Con),skipped,skipped,skipped,,5
215,Douglas James MCALLISTER (Lab),Hermione SPENCER (Con),skipped,skipped,skipped,,5
216,Douglas James MCALLISTER (Lab),Hermione SPENCER (Con),skipped,skipped,skipped,,5
217,Douglas James MCALLISTER (Lab),Hermione SPENCER (Con),skipped,skipped,skipped,,5
218,Douglas James MCALLISTER (Lab),Hermione SPENCER (Con),skipped,skipped,skipped,,5
219,Douglas James MCALLISTER (Lab),Hermione SPENCER (Con),skipped,skipped,skipped,,5
220,Douglas James MCALLISTER (Lab),Hermione SPENCER (Con),skipped,skipped,skipped,,5
221,Douglas James MCALLISTER (Lab),Hermione SPENCER (Con),skipped,skipped,skipped,,5
222,Douglas James MCALLISTER (Lab),Hermione SPENCER (Con),skipped,skipped,skipped,,5
223,Douglas James MCALLISTER (Lab),Hermione SPENCER (Con),skipped,skipped,skipped,,5
224,Douglas James MCALLISTER (Lab),Hermione SPENCER (Con),skipped,skipped,skipped,,5
225,Douglas James MCALLISTER (Lab),Hermione SPENCER (Con),skipped,skipped,skipped,,5
226,Douglas James MCALLISTER (Lab),Hermione SPENCER (Con),skipped,skipped,skipped,,5
227,Douglas James MCALLISTER (Lab),Hermione SPENCER (Con),skipped,skipped,skipped,,5
228,Douglas James MCALLISTER (Lab),Hermione SPENCER (Con),skipped,skipped,skipped,,5
229,Douglas James MCALLISTER (Lab),Hermione SPENCER (Con),skipped,skipped,skipped,,5
230,Douglas James MCALLISTER (Lab),Hermione SPENCER (Con),skipped,skipped,skipped,,5
231,Douglas James MCALLISTER (Lab),Hermione SPENCER (Con),skipped,skipped,skipped,,5
232,Douglas James MCALLISTER (Lab),Hermione SPENCER (Con),skipped,skipped,skipped,,5
233,Douglas James MCALLISTER (Lab),Hermione SPENCER (Con),skipped,skipped,skipped,,5
234,Douglas James MCALLISTER (Lab),Hermione SPENCER (Con),skipped,skipped,skipped,,5
235,Douglas James MCALLISTER (Lab),Hermione SPENCER (Con),skipped,skipped,skipped,,5
236,Douglas James MCALLISTER (Lab),Hermione SPENCER (Con),skipped,skipped,skipped,,5
237,Douglas James MCALLISTER (Lab),Hermione SPENCER (Con),skipped,skipped,skipped,,5
238,Douglas James MCALLISTER (Lab),Hermione SPENCER (Con),skipped,skipped,skipped,,5
239,Douglas James MCALLISTER (Lab),Hermione SPENCER (Con),Claire GALLAGHER (SNP),skipped,skipped,,5
240,Douglas James MCALLISTER (Lab),Hermione SPENCER (Con),Claire GALLAGHER (SNP),skipped,skipped,,5
241,Douglas James MCALLISTER (Lab),Hermione SPENCER (Con),Claire GALLAGHER (SNP),skipped,skipped,,5
242,Douglas James MCALLISTER (Lab),Hermione SPENCER (Con),Claire GALLAGHER (SNP),skipped,skipped,,5
243,Douglas James MCALLISTER (Lab),Hermione SPENCER (Con),Claire GALLAGHER (SNP),skipped,skipped,,5
244,Douglas James MCALLISTER (Lab),Hermione SPENCER (Con),Claire GALLAGHER (SNP),skipped,skipped,,5
245,Douglas James MCALLISTER (Lab),Hermione SPENCER (Con),Claire GALLAGHER (SNP),skipped,skipped,,5
246,Douglas James MCALLISTER (Lab),Hermione SPENCER (Con),Claire GALLAGHER (SNP),skipped,skipped,,5
247,Douglas James MCALLISTER (Lab),Hermione SPENCER (Con),Claire GALLAGHER (SNP),skipped,skipped,,5
248,Douglas James MCALLISTER (Lab),Jim FINN (SNP),skipped,skipped,skipped,,5
249,Douglas James MCALLISTER (Lab),Jim FINN (SNP),skipped,skipped,skipped,,5
250,Douglas James MCALLISTER (Lab),Jim FINN (SNP),skipped,skipped,skipped,,5
251,Douglas James MCALLISTER (Lab),Jim FINN (SNP),skipped,skipped,skipped,,5
252,Douglas James MCALLISTER (Lab),Jim FINN (SNP),skipped,skipped,skipped,,5
253,Douglas James MCALLISTER (Lab),Jim FINN (SNP),skipped,skipped,skipped,,5
254,Douglas James MCALLISTER (Lab),Jim FINN (SNP),skipped,skipped,skipped,,5
255,Douglas James MCALLISTER (Lab),Jim FINN (SNP),skipped,skipped,skipped,,5
256,Douglas James MCALLISTER (Lab),Jim FINN (SNP),skipped,skipped,skipped,,5
257,Douglas James MCALLISTER (Lab),Jim FINN (SNP),skipped,skipped,skipped,,5
258,Douglas James MCALLISTER (Lab),Jim FINN (SNP),skipped,skipped,skipped,,5
259,Douglas James MCALLISTER (Lab),Jim FINN (SNP),skipped,skipped,skipped,,5
260,Douglas James MCALLISTER (Lab),Claire GALLAGHER (SNP),skipped,skipped,skipped,,5
261,Douglas James MCALLISTER (Lab),Claire GALLAGHER (SNP),skipped,skipped,skipped,,5
262,Douglas James MCALLISTER (Lab),Claire GALLAGHER (SNP),skipped,skipped,skipped,,5
263,Douglas James MCALLISTER (Lab),Claire GALLAGHER (SNP),skipped,skipped,skipped,,5
264,Douglas James MCALLISTER (Lab),Claire GALLAGHER (SNP),skipped,skipped,skipped,,5
265,Douglas James MCALLISTER (Lab),Claire GALLAGHER (SNP),skipped,skipped,skipped,,5
266,Douglas James MCALLISTER (Lab),Claire GALLAGHER (SNP),skipped,skipped,skipped,,5
267,Douglas James MCALLISTER (Lab),Claire GALLAGHER (SNP),skipped,skipped,skipped,,5
268,Douglas James MCALLISTER (Lab),Claire GALLAGHER (SNP),skipped,skipped,skipped,,5
269,Douglas James MCALLISTER (Lab),Claire GALLAGHER (SNP),skipped,skipped,skipped,,5
270,Douglas James MCALLISTER (Lab),Claire GALLAGHER (SNP),skipped,skipped,skipped,,5
271,Douglas James MCALLISTER (Lab),Claire GALLAGHER (SNP),Hermione SPENCER (Con),skipped,skipped,,5
272,Douglas James MCALLISTER (Lab),Claire GALLAGHER (SNP),Hermione SPENCER (Con),skipped,skipped,,5
273,Douglas James MCALLISTER (Lab),Claire GALLAGHER (SNP),Hermione SPENCER (Con),skipped,skipped,,5
274,Douglas James MCALLISTER (Lab),Claire GALLAGHER (SNP),Hermione SPENCER (Con),skipped,skipped,,5
275,Douglas James MCALLISTER (Lab),Claire GALLAGHER (SNP),Hermione SPENCER (Con),skipped,skipped,,5
276,Douglas James MCALLISTER (Lab),Claire GALLAGHER (SNP),Hermione SPENCER (Con),skipped,skipped,,5
277,Douglas James MCALLISTER (Lab),Claire GALLAGHER (SNP),Hermione SPENCER (Con),skipped,skipped,,5
278,Douglas James MCALLISTER (Lab),Claire GALLAGHER (SNP),Hermione SPENCER (Con),skipped,skipped,,5
279,Douglas James MCALLISTER (Lab),Claire GALLAGHER (SNP),Hermione SPENCER (Con),skipped,skipped,,5
280,Douglas James MCALLISTER (Lab),Claire GALLAGHER (SNP),Hermione SPENCER (Con),skipped,skipped,,5
281,Douglas James MCALLISTER (Lab),Claire GALLAGHER (SNP),Hermione SPENCER (Con),skipped,skipped,,5
282,Douglas James MCALLISTER (Lab),Claire GALLAGHER (SNP),Hermione SPENCER (Con),skipped,skipped,,5
283,Douglas James MCALLISTER (Lab),Claire GALLAGHER (SNP),Hermione SPENCER (Con),skipped,skipped,,5
284,Douglas James MCALLISTER (Lab),Claire GALLAGHER (SNP),Hermione SPENCER (Con),skipped,skipped,,5
285,Douglas James MCALLISTER (Lab),Claire GALLAGHER (SNP),Hermione SPENCER (Con),skipped,skipped,,5
286,Douglas James MCALLISTER (Lab),Claire GALLAGHER (SNP),Hermione SPENCER (Con),skipped,skipped,,5
287,Douglas James MCALLISTER (Lab),Claire GALLAGHER (SNP),skipped,skipped,skipped,,5
288,Douglas James MCALLISTER (Lab),Claire GALLAGHER (SNP),skipped,skipped,skipped,,5
289,Douglas James MCALLISTER (Lab),Claire GALLAGHER (SNP),skipped,skipped,skipped,,5
290,Douglas James MCALLISTER (Lab),Claire GALLAGHER (SNP),skipped,skipped,skipped,,5
291,Douglas James MCALLISTER (Lab),Claire GALLAGHER (SNP),skipped,skipped,skipped,,5
292,Douglas James MCALLISTER (Lab),Claire GALLAGHER (SNP),skipped,skipped,skipped,,5
293,Douglas James MCALLISTER (Lab),Claire GALLAGHER (SNP),skipped,skipped,skipped,,5
294,Douglas James MCALLISTER (Lab),Claire GALLAGHER (SNP),skipped,skipped,skipped,,5
295,Douglas James MCALLISTER (Lab),Claire GALLAGHER (SNP),skipped,skipped,skipped,,5
296,Douglas James MCALLISTER (Lab),Claire GALLAGHER (SNP),skipped,skipped,skipped,,5
297,Douglas James MCALLISTER (Lab),Claire GALLAGHER (SNP),skipped,skipped,skipped,,5
298,Douglas James MCALLISTER (Lab),Claire GALLAGHER (SNP),skipped,skipped,skipped,,5
299,Douglas James MCALLISTER (Lab),Claire GALLAGHER (SNP),skipped,skipped,skipped,,5
300,Douglas James MCALLISTER (Lab),Claire GALLAGHER (SNP),skipped,skipped,skipped,,5
301,Douglas James MCALLISTER (Lab),Claire GALLAGHER (SNP),skipped,skipped,skipped,,5
302,Douglas James MCALLISTER (Lab),Claire GALLAGHER (SNP),skipped,skipped,skipped,,5
303,Douglas James MCALLISTER (Lab),Claire GALLAGHER (SNP),skipped,skipped,skipped,,5
304,Douglas James MCALLISTER (Lab),Claire GALLAGHER (SNP),skipped,skipped,skipped,,5
305,Douglas James MCALLISTER (Lab),Claire GALLAGHER (SNP),skipped,skipped,skipped,,5
306,Douglas James MCALLISTER (Lab),Claire GALLAGHER (SNP),skipped,skipped,skipped,,5
307,Douglas James MCALLISTER (Lab),Claire GALLAGHER (SNP),skipped,skipped,skipped,,5
308,Douglas James MCALLISTER (Lab),Claire GALLAGHER (SNP),skipped,skipped,skipped,,5
309,Douglas James MCALLISTER (Lab),Claire GALLAGHER (SNP),skipped,skipped,skipped,,5
310,Douglas James MCALLISTER (Lab),Claire GALLAGHER (SNP),skipped,skipped,skipped,,5
311,Douglas James MCALLISTER (Lab),Claire GALLAGHER (SNP),skipped,skipped,skipped,,5
312,Douglas James MCALLISTER (Lab),Claire GALLAGHER (SNP),skipped,skipped,skipped,,5
313,Douglas James MCALLISTER (Lab),Claire GALLAGHER (SNP),skipped,skipped,skipped,,5
314,Douglas James MCALLISTER (Lab),Claire GALLAGHER (SNP),skipped,skipped,skipped,,5
315,Douglas James MCALLISTER (Lab),Claire GALLAGHER (SNP),skipped,skipped,skipped,,5
316,Douglas James MCALLISTER (Lab),Claire GALLAGHER (SNP),skipped,skipped,skipped,,5
317,Douglas James MCALLISTER (Lab),Claire GALLAGHER (SNP),skipped,skipped,skipped,,5
318,Douglas James MCALLISTER (Lab),Claire GALLAGHER (SNP),skipped,skipped,skipped,,5
319,Douglas James MCALLISTER (Lab),Claire GALLAGHER (SNP),Hermione SPENCER (Con),skipped,skipped,,5
320,Douglas James MCALLISTER (Lab),Claire GALLAGHER (SNP),Hermione SPENCER (Con),skipped,skipped,,5
321,Douglas James MCALLISTER (Lab),Claire GALLAGHER (SNP),Hermione SPENCER (Con),skipped,skipped,,5
322,Douglas James MCALLISTER (Lab),Claire GALLAGHER (SNP),Hermione SPENCER (Con),skipped,skipped,,5
323,Douglas James MCALLISTER (Lab),Claire GALLAGHER (SNP),Hermione SPENCER (Con),skipped,skipped,,5
324,Douglas James MCALLISTER (Lab),Claire GALLAGHER (SNP),Hermione SPENCER (Con),skipped,skipped,,5
325,Douglas James MCALLISTER (Lab),Claire GALLAGHER (SNP),Hermione SPENCER (Con),skipped,skipped,,5
326,Douglas James MCALLISTER (Lab),Claire GALLAGHER (SNP),Hermione SPENCER (Con),skipped,skipped,,5
327,Douglas James MCALLISTER (Lab),Claire GALLAGHER (SNP),Hermione SPENCER (Con),skipped,skipped,,5
328,Douglas James MCALLISTER (Lab),Claire GALLAGHER (SNP),Hermione SPENCER (Con),skipped,skipped,,5
329,Douglas James MCALLISTER (Lab),Claire GALLAGHER (SNP),Hermione SPENCER (Con),skipped,skipped,,5
330,Douglas James MCALLISTER (Lab),Claire GALLAGHER (SNP),Hermione SPENCER (Con),skipped,skipped,,5
331,Douglas James MCALLISTER (Lab),Claire GALLAGHER (SNP),Hermione SPENCER (Con),skipped,skipped,,5
332,Douglas James MCALLISTER (Lab),Claire GALLAGHER (SNP),Hermione SPENCER (Con),skipped,skipped,,5
333,Douglas James MCALLISTER (Lab),Claire GALLAGHER (SNP),Hermione SPENCER (Con),skipped,skipped,,5
334,Douglas James MCALLISTER (Lab),Claire GALLAGHER (SNP),Hermione SPENCER (Con),skipped,skipped,,5
335,Douglas James MCALLISTER (Lab),Claire GALLAGHER (SNP),Hermione SPENCER (Con),skipped,skipped,,5
336,Douglas James MCALLISTER (Lab),Claire GALLAGHER (SNP),Hermione SPENCER (Con),skipped,skipped,,5
337,Douglas James MCALLISTER (Lab),Claire GALLAGHER (SNP),Hermione SPENCER (Con),skipped,skipped,,5
338,Douglas James MCALLISTER (Lab),Claire GALLAGHER (SNP),Hermione SPENCER (Con),skipped,skipped,,5
339,Douglas James MCALLISTER (Lab),Claire GALLAGHER (SNP),Hermione SPENCER (Con),skipped,skipped,,5
340,Douglas James MCALLISTER (Lab),Claire GALLAGHER (SNP),Hermione SPENCER (Con),skipped,skipped,,5
341,Douglas James MCALLISTER (Lab),Claire GALLAGHER (SNP),Hermione SPENCER (Con),skipped,skipped,,5
342,Douglas James MCALLISTER (Lab),Claire GALLAGHER (SNP),Hermione SPENCER (Con),skipped,skipped,,5
343,Lawrence O'NEILL (Lab),Claire GALLAGHER (SNP),skipped,skipped,skipped,,5
344,Lawrence O'NEILL (Lab),Claire GALLAGHER (SNP),skipped,skipped,skipped,,5
345,Lawrence O'NEILL (Lab),Claire GALLAGHER (SNP),skipped,skipped,skipped,,5
346,Lawrence O'NEILL (Lab),Claire GALLAGHER (SNP),skipped,skipped,skipped,,5
347,Lawrence O'NEILL (Lab),Claire GALLAGHER (SNP),skipped,skipped,skipped,,5
348,Lawrence O'NEILL (Lab),Claire GALLAGHER (SNP),Hermione SPENCER (Con),skipped,skipped,,5
349,Lawrence O'NEILL (Lab),Claire GALLAGHER (SNP),skipped,skipped,skipped,,5
350,Lawrence O'NEILL (Lab),Claire GALLAGHER (SNP),skipped,skipped,skipped,,5
351,Lawrence O'NEILL (Lab),Claire GALLAGHER (SNP),skipped,skipped,skipped,,5
352,Lawrence O'NEILL (Lab),Claire GALLAGHER (SNP),skipped,skipped,skipped,,5
353,Claire GALLAGHER (SNP),Douglas James MCALLISTER (Lab),skipped,skipped,skipped,,5
354,Claire GALLAGHER (SNP),Douglas James MCALLISTER (Lab),Hermione SPENCER (Con),skipped,skipped,,5
355,Claire GALLAGHER (SNP),Douglas James MCALLISTER (Lab),skipped,skipped,skipped,,5
356,Claire GALLAGHER (SNP),Douglas James MCALLISTER (Lab),skipped,skipped,skipped,,5
357,Claire GALLAGHER (SNP),Douglas James MCALLISTER (Lab),skipped,skipped,skipped,,5
358,Claire GALLAGHER (SNP),Douglas James MCALLISTER (Lab),skipped,skipped,skipped,,5
359,Claire GALLAGHER (SNP),Douglas James MCALLISTER (Lab),skipped,skipped,skipped,,5
360,Claire GALLAGHER (SNP),Douglas James MCALLISTER (Lab),skipped,skipped,skipped,,5
361,Claire GALLAGHER (SNP),Douglas James MCALLISTER (Lab),skipped,skipped,skipped,,5
362,Claire GALLAGHER (SNP),Douglas James MCALLISTER (Lab),skipped,skipped,skipped,,5
363,Claire GALLAGHER (SNP),Douglas James MCALLISTER (Lab),Hermione SPENCER (Con),skipped,skipped,,5
364,Claire GALLAGHER (SNP),Douglas James MCALLISTER (Lab),Hermione SPENCER (Con),skipped,skipped,,5
365,Claire GALLAGHER (SNP),Douglas James MCALLISTER (Lab),Hermione SPENCER (Con),skipped,skipped,,5
366,Claire GALLAGHER (SNP),Douglas James MCALLISTER (Lab),Hermione SPENCER (Con),skipped,skipped,,5
367,Hermione SPENCER (Con),skipped,skipped,skipped,skipped,,5
368,Hermione SPENCER (Con),skipped,skipped,skipped,skipped,,5
369,Hermione SPENCER (Con),skipped,skipped,skipped,skipped,,5
370,Hermione SPENCER (Con),skipped,skipped,skipped,skipped,,5
371,Hermione SPENCER (Con),skipped,skipped,skipped,skipped,,5
372,Hermione SPENCER (Con),skipped,skipped,skipped,skipped,,5
373,Hermione SPENCER (Con),skipped,skipped,skipped,skipped,,5
374,Hermione SPENCER (Con),skipped,skipped,skipped,skipped,,5
375,Hermione SPENCER (Con),skipped,skipped,skipped,skipped,,5
376,Hermione SPENCER (Con),skipped,skipped,skipped,skipped,,5
377,Hermione SPENCER (Con),skipped,skipped,skipped,skipped,,5
378,Hermione SPENCER (Con),skipped,skipped,skipped,skipped,,5
379,Hermione SPENCER (Con),skipped,skipped,skipped,skipped,,5
380,Hermione SPENCER (Con),skipped,skipped,skipped,skipped,,5
381,Hermione SPENCER (Con),skipped,skipped,skipped,skipped,,5
382,Hermione SPENCER (Con),skipped,skipped,skipped,skipped,,5
383,Hermione SPENCER (Con),skipped,skipped,skipped,skipped,,5
384,Hermione SPENCER (Con),skipped,skipped,skipped,skipped,,5
385,Hermione SPENCER (Con),skipped,skipped,skipped,skipped,,5
386,Hermione SPENCER (Con),skipped,skipped,skipped,skipped,,5
387,Hermione SPENCER (Con),skipped,skipped,skipped,skipped,,5
388,Hermione SPENCER (Con),skipped,skipped,skipped,skipped,,5
389,Hermione SPENCER (Con),skipped,skipped,skipped,skipped,,5
390,Hermione SPENCER (Con),skipped,skipped,skipped,skipped,,5
391,Hermione SPENCER (Con),skipped,skipped,skipped,skipped,,5
392,Hermione SPENCER (Con),skipped,skipped,skipped,skipped,,5
393,Hermione SPENCER (Con),skipped,skipped,skipped,skipped,,5
394,Hermione SPENCER (Con),skipped,skipped,skipped,skipped,,5
395,Hermione SPENCER (Con),skipped,skipped,skipped,skipped,,5
396,Hermione SPENCER (Con),skipped,skipped,skipped,skipped,,5
397,Hermione SPENCER (Con),skipped,skipped,skipped,skipped,,5
398,Hermione SPENCER (Con),skipped,skipped,skipped,skipped,,5
399,Hermione SPENCER (Con),skipped,skipped,skipped,skipped,,5
400,Hermione SPENCER (Con),skipped,skipped,skipped,skipped,,5
401,Hermione SPENCER (Con),skipped,skipped,skipped,skipped,,5
402,Hermione SPENCER (Con),skipped,skipped,skipped,skipped,,5
403,Hermione SPENCER (Con),skipped,skipped,skipped,skipped,,5
404,Hermione SPENCER (Con),skipped,skipped,skipped,skipped,,5
405,Hermione SPENCER (Con),skipped,skipped,skipped,skipped,,5
406,Hermione SPENCER (Con),skipped,skipped,skipped,skipped,,5
407,Hermione SPENCER (Con),skipped,skipped,skipped,skipped,,5
408,Hermione SPENCER (Con),skipped,skipped,skipped,skipped,,5
409,Hermione SPENCER (Con),skipped,skipped,skipped,skipped,,5
410,Hermione SPENCER (Con),skipped,skipped,skipped,skipped,,5
411,Hermione SPENCER (Con),skipped,skipped,skipped,skipped,,5
412,Hermione SPENCER (Con),skipped,skipped,skipped,skipped,,5
413,Hermione SPENCER (Con),skipped,skipped,skipped,skipped,,5
414,Hermione SPENCER (Con),skipped,skipped,skipped,skipped,,5
415,Hermione SPENCER (Con),skipped,skipped,skipped,skipped,,5
416,Hermione SPENCER (Con),skipped,skipped,skipped,skipped,,5
417,Hermione SPENCER (Con),skipped,skipped,skipped,skipped,,5
418,Hermione SPENCER (Con),skipped,skipped,skipped,skipped,,5
419,Hermione SPENCER (Con),skipped,skipped,skipped,skipped,,5
420,Hermione SPENCER (Con),skipped,skipped,skipped,skipped,,5
421,Hermione SPENCER (Con),skipped,skipped,skipped,skipped,,5
422,Hermione SPENCER (Con),skipped,skipped,skipped,skipped,,5
423,Hermione SPENCER (Con),skipped,skipped,skipped,skipped,,5
424,Hermione SPENCER (Con),skipped,skipped,skipped,skipped,,5
425,Hermione SPENCER (Con),skipped,skipped,skipped,skipped,,5
426,Hermione SPENCER (Con),skipped,skipped,skipped,skipped,,5
427,Hermione SPENCER (Con),skipped,skipped,skipped,skipped,,5
428,Hermione SPENCER (Con),skipped,skipped,skipped,skipped,,5
429,Hermione SPENCER (Con),skipped,skipped,skipped,skipped,,5
430,Hermione SPENCER (Con),skipped,skipped,skipped,skipped,,5
431,Hermione SPENCER (Con),skipped,skipped,skipped,skipped,,5
432,Hermione SPENCER (Con),skipped,skipped,skipped,skipped,,5
433,Hermione SPENCER (Con),skipped,skipped,skipped,skipped,,5
434,Hermione SPENCER (Con),skipped,skipped,skipped,skipped,,5
435,Hermione SPENCER (Con),skipped,skipped,skipped,skipped,,5
436,Hermione SPENCER (Con),skipped,skipped,skipped,skipped,,5
437,Hermione SPENCER (Con),skipped,skipped,skipped,skipped,,5
438,Hermione SPENCER (Con),skipped,skipped,skipped,skipped,,5
439,Hermione SPENCER (Con),skipped,skipped,skipped,skipped,,5
440,Hermione SPENCER (Con),skipped,skipped,skipped,skipped,,5
441,Hermione SPENCER (Con),skipped,skipped,skipped,skipped,,5
442,Hermione SPENCER (Con),skipped,skipped,skipped,skipped,,5
443,Hermione SPENCER (Con),skipped,skipped,skipped,skipped,,5
444,Hermione SPENCER (Con),skipped,skipped,skipped,skipped,,5
445,Hermione SPENCER (Con),skipped,skipped,skipped,skipped,,5
446,Hermione SPENCER (Con),skipped,skipped,skipped,skipped,,5
447,Hermione SPENCER (Con),skipped,skipped,skipped,skipped,,5
448,Hermione SPENCER (Con),skipped,skipped,skipped,skipped,,5
449,Hermione SPENCER (Con),skipped,skipped,skipped,skipped,,5
450,Hermione SPENCER (Con),skipped,skipped,skipped,skipped,,5
451,Hermione SPENCER (Con),skipped,skipped,skipped,skipped,,5
452,Hermione SPENCER (Con),skipped,skipped,skipped,skipped,,5
453,Hermione SPENCER (Con),skipped,skipped,skipped,skipped,,5
454,Hermione SPENCER (Con),skipped,skipped,skipped,skipped,,5
455,Hermione SPENCER (Con),skipped,skipped,skipped,skipped,,5
456,Hermione SPENCER (Con),skipped,skipped,skipped,skipped,,5
457,Hermione SPENCER (Con),skipped,skipped,skipped,skipped,,5
458,Hermione SPENCER (Con),skipped,skipped,skipped,skipped,,5
459,Hermione SPENCER (Con),skipped,skipped,skipped,skipped,,5
460,Hermione SPENCER (Con),skipped,skipped,skipped,skipped,,5
461,Hermione SPENCER (Con),skipped,skipped,skipped,skipped,,5
462,Hermione SPENCER (Con),skipped,skipped,skipped,skipped,,5
463,Hermione SPENCER (Con),skipped,skipped,skipped,skipped,,5
464,Hermione SPENCER (Con),skipped,skipped,skipped,skipped,,5
465,Hermione SPENCER (Con),skipped,skipped,skipped,skipped,,5
466,Hermione SPENCER (Con),skipped,skipped,skipped,skipped,,5
467,Hermione SPENCER (Con),skipped,skipped,skipped,skipped,,5
468,Hermione SPENCER (Con),skipped,skipped,skipped,skipped,,5
469,Hermione SPENCER (Con),skipped,skipped,skipped,skipped,,5
470,Hermione SPENCER (Con),skipped,skipped,skipped,skipped,,5
471,Hermione SPENCER (Con),skipped,skipped,skipped,skipped,,5
472,Hermione SPENCER (Con),skipped,skipped,skipped,skipped,,5
473,Hermione SPENCER (Con),skipped,skipped,skipped,skipped,,5
474,Hermione SPENCER (Con),skipped,skipped,skipped,skipped,,5
475,Hermione SPENCER (Con),skipped,skipped,skipped,skipped,,5
476,Hermione SPENCER (Con),skipped,skipped,skipped,skipped,,5
477,Hermione SPENCER (Con),skipped,skipped,skipped,skipped,,5
478,Hermione SPENCER (Con),skipped,skipped,skipped,skipped,,5
479,Hermione SPENCER (Con),skipped,skipped,skipped,skipped,,5
480,Hermione SPENCER (Con),skipped,skipped,skipped,skipped,,5
481,Hermione SPENCER (Con),skipped,skipped,skipped,skipped,,5
482,Hermione SPENCER (Con),skipped,skipped,skipped,skipped,,5
483,Hermione SPENCER (Con),skipped,skipped,skipped,skipped,,5
484,Hermione SPENCER (Con),skipped,skipped,skipped,skipped,,5
485,Hermione SPENCER (Con),skipped,skipped,skipped,skipped,,5
486,Hermione SPENCER (Con),skipped,skipped,skipped,skipped,,5
487,Hermione SPENCER (Con),skipped,skipped,skipped,skipped,,5
488,Hermione SPENCER (Con),skipped,skipped,skipped,skipped,,5
489,Hermione SPENCER (Con),skipped,skipped,skipped,skipped,,5
490,Hermione SPENCER (Con),skipped,skipped,skipped,skipped,,5
491,Hermione SPENCER (Con),skipped,skipped,skipped,skipped,,5
492,Hermione SPENCER (Con),skipped,skipped,skipped,skipped,,5
493,Hermione SPENCER (Con),skipped,skipped,skipped,skipped,,5
494,Hermione SPENCER (Con),skipped,skipped,skipped,skipped,,5
495,Hermione SPENCER (Con),skipped,skipped,skipped,skipped,,5
496,Hermione SPENCER (Con),Lawrence O'NEILL (Lab),skipped,skipped,skipped,,5
497,Hermione SPENCER (Con),Lawrence O'NEILL (Lab),skipped,skipped,skipped,,5
498,Hermione SPENCER (Con),Lawrence O'NEILL (Lab),skipped,skipped,skipped,,5
499,Hermione SPENCER (Con),Lawrence O'NEILL (Lab),skipped,skipped,skipped,,5
500,Hermione SPENCER (Con),Lawrence O'NEILL (Lab),skipped,skipped,skipped,,5
501,Hermione SPENCER (Con),Lawrence O'NEILL (Lab),skipped,skipped,skipped,,5
502,Hermione SPENCER (Con),Lawrence O'NEILL (Lab),skipped,skipped,skipped,,5
503,Hermione SPENCER (Con),Lawrence O'NEILL (Lab),skipped,skipped,skipped,,5
504,Hermione SPENCER (Con),Lawrence O'NEILL (Lab),skipped,skipped,skipped,,5
505,Hermione SPENCER (Con),Lawrence O'NEILL (Lab),skipped,skipped,skipped,,5
506,Hermione SPENCER (Con),Lawrence O'NEILL (Lab),Jim FINN (SNP),skipped,skipped,,5
507,Hermione SPENCER (Con),Lawrence O'NEILL (Lab),Jim FINN (SNP),skipped,skipped,,5
508,Hermione SPENCER (Con),Douglas James MCALLISTER (Lab),skipped,skipped,skipped,,5
509,Hermione SPENCER (Con),Douglas James MCALLISTER (Lab),skipped,skipped,skipped,,5
510,Hermione SPENCER (Con),Douglas James MCALLISTER (Lab),skipped,skipped,skipped,,5
511,Hermione SPENCER (Con),Douglas James MCALLISTER (Lab),skipped,skipped,skipped,,5
512,Hermione SPENCER (Con),Douglas James MCALLISTER (Lab),skipped,skipped,skipped,,5
513,Hermione SPENCER (Con),Douglas James MCALLISTER (Lab),skipped,skipped,skipped,,5
514,Hermione SPENCER (Con),Douglas James MCALLISTER (Lab),skipped,skipped,skipped,,5
515,Hermione SPENCER (Con),Douglas James MCALLISTER (Lab),skipped,skipped,skipped,,5
516,Hermione SPENCER (Con),Douglas James MCALLISTER (Lab),skipped,skipped,skipped,,5
517,Hermione SPENCER (Con),Douglas James MCALLISTER (Lab),skipped,skipped,skipped,,5
518,Hermione SPENCER (Con),Douglas James MCALLISTER (Lab),skipped,skipped,skipped,,5
519,Hermione SPENCER (Con),Douglas James MCALLISTER (Lab),skipped,skipped,skipped,,5
520,Hermione SPENCER (Con),Douglas James MCALLISTER (Lab),skipped,skipped,skipped,,5
521,Hermione SPENCER (Con),Douglas James MCALLISTER (Lab),skipped,skipped,skipped,,5
522,Hermione SPENCER (Con),Douglas James MCALLISTER (Lab),skipped,skipped,skipped,,5
523,Hermione SPENCER (Con),Douglas James MCALLISTER (Lab),skipped,skipped,skipped,,5
524,Hermione SPENCER (Con),Douglas James MCALLISTER (Lab),skipped,skipped,skipped,,5
525,Hermione SPENCER (Con),Douglas James MCALLISTER (Lab),skipped,skipped,skipped,,5
526,Hermione SPENCER (Con),Douglas James MCALLISTER (Lab),skipped,skipped,skipped,,5
527,Hermione SPENCER (Con),Douglas James MCALLISTER (Lab),skipped,skipped,skipped,,5
528,Hermione SPENCER (Con),Douglas James MCALLISTER (Lab),skipped,skipped,skipped,,5
529,Hermione SPENCER (Con),Douglas James MCALLISTER (Lab),skipped,skipped,skipped,,5
530,Hermione SPENCER (Con),Douglas James MCALLISTER (Lab),skipped,skipped,skipped,,5
531,Hermione SPENCER (Con),Douglas James MCALLISTER (Lab),skipped,skipped,skipped,,5
532,Hermione SPENCER (Con),Douglas James MCALLISTER (Lab),skipped,skipped,skipped,,5
533,Hermione SPENCER (Con),Douglas James MCALLISTER (Lab),skipped,skipped,skipped,,5
534,Hermione SPENCER (Con),Douglas James MCALLISTER (Lab),skipped,skipped,skipped,,5
535,Hermione SPENCER (Con),Douglas James MCALLISTER (Lab),skipped,skipped,skipped,,5
536,Hermione SPENCER (Con),Douglas James MCALLISTER (Lab),skipped,skipped,skipped,,5
537,Hermione SPENCER (Con),Douglas James MCALLISTER (Lab),skipped,skipped,skipped,,5
538,Hermione SPENCER (Con),Douglas James MCALLISTER (Lab),skipped,skipped,skipped,,5
539,Hermione SPENCER (Con),Douglas James MCALLISTER (Lab),skipped,skipped,skipped,,5
540,Hermione SPENCER (Con),Douglas James MCALLISTER (Lab),skipped,skipped,skipped,,5
541,Hermione SPENCER (Con),Douglas James MCALLISTER (Lab),skipped,skipped,skipped,,5
542,Hermione SPENCER (Con),Douglas James MCALLISTER (Lab),skipped,skipped,skipped,,5
543,Hermione SPENCER (Con),Douglas James MCALLISTER (Lab),skipped,skipped,skipped,,5
544,Hermione SPENCER (Con),Douglas James MCALLISTER (Lab),skipped,skipped,skipped,,5
545,Hermione SPENCER (Con),Douglas James MCALLISTER (Lab),skipped,skipped,skipped,,5
546,Hermione SPENCER (Con),Douglas James MCALLISTER (Lab),skipped,skipped,skipped,,5
547,Hermione SPENCER (Con),Douglas James MCALLISTER (Lab),skipped,skipped,skipped,,5
548,Hermione SPENCER (Con),Douglas James MCALLISTER (Lab),skipped,skipped,skipped,,5
549,Hermione SPENCER (Con),Douglas James MCALLISTER (Lab),skipped,skipped,skipped,,5
550,Hermione SPENCER (Con),Douglas James MCALLISTER (Lab),skipped,skipped,skipped,,5
551,Hermione SPENCER (Con),Douglas James MCALLISTER (Lab),skipped,skipped,skipped,,5
552,Hermione SPENCER (Con),Douglas James MCALLISTER (Lab),skipped,skipped,skipped,,5
553,Hermione SPENCER (Con),Douglas James MCALLISTER (Lab),skipped,skipped,skipped,,5
554,Hermione SPENCER (Con),Douglas James MCALLISTER (Lab),skipped,skipped,skipped,,5
555,Hermione SPENCER (Con),Douglas James MCALLISTER (Lab),skipped,skipped,skipped,,5
556,Hermione SPENCER (Con),Douglas James MCALLISTER (Lab),skipped,skipped,skipped,,5
557,Hermione SPENCER (Con),Douglas James MCALLISTER (Lab),skipped,skipped,skipped,,5
558,Hermione SPENCER (Con),Douglas James MCALLISTER (Lab),skipped,skipped,skipped,,5
559,Hermione SPENCER (Con),Douglas James MCALLISTER (Lab),skipped,skipped,skipped,,5
560,Hermione SPENCER (Con),Douglas James MCALLISTER (Lab),skipped,skipped,skipped,,5
561,Hermione SPENCER (Con),Douglas James MCALLISTER (Lab),skipped,skipped,skipped,,5
562,Hermione SPENCER (Con),Douglas James MCALLISTER (Lab),skipped,skipped,skipped,,5
563,Hermione SPENCER (Con),Douglas James MCALLISTER (Lab),skipped,skipped,skipped,,5
564,Hermione SPENCER (Con),Douglas James MCALLISTER (Lab),skipped,skipped,skipped,,5
565,Hermione SPENCER (Con),Douglas James MCALLISTER (Lab),skipped,skipped,skipped,,5
566,Hermione SPENCER (Con),Douglas James MCALLISTER (Lab),Claire GALLAGHER (SNP),skipped,skipped,,5
567,Hermione SPENCER (Con),Douglas James MCALLISTER (Lab),Claire GALLAGHER (SNP),skipped,skipped,,5
568,Hermione SPENCER (Con),Douglas James MCALLISTER (Lab),Claire GALLAGHER (SNP),skipped,skipped,,5
569,Hermione SPENCER (Con),Douglas James MCALLISTER (Lab),Claire GALLAGHER (SNP),skipped,skipped,,5
570,Hermione SPENCER (Con),Douglas James MCALLISTER (Lab),Claire GALLAGHER (SNP),skipped,skipped,,5
571,Hermione SPENCER (Con),Douglas James MCALLISTER (Lab),Claire GALLAGHER (SNP),skipped,skipped,,5
572,Hermione SPENCER (Con),Douglas James MCALLISTER (Lab),Claire GALLAGHER (SNP),skipped,skipped,,5
573,Hermione SPENCER (Con),Douglas James MCALLISTER (Lab),Claire GALLAGHER (SNP),skipped,skipped,,5
574,Hermione SPENCER (Con),Douglas James MCALLISTER (Lab),Claire GALLAGHER (SNP),skipped,skipped,,5
575,Hermione SPENCER (Con),Douglas James MCALLISTER (Lab),Claire GALLAGHER (SNP),skipped,skipped,,5
576,Hermione SPENCER (Con),Douglas James MCALLISTER (Lab),Claire GALLAGHER (SNP),skipped,skipped,,5
577,Hermione SPENCER (Con),Douglas James MCALLISTER (Lab),Claire GALLAGHER (SNP),skipped,skipped,,5
578,Hermione SPENCER (Con),Douglas James MCALLISTER (Lab),Claire GALLAGHER (SNP),skipped,skipped,,5
579,Hermione SPENCER (Con),Douglas James MCALLISTER (Lab),Claire GALLAGHER (SNP),skipped,skipped,,5
580,Hermione SPENCER (Con),Douglas James MCALLISTER (Lab),Claire GALLAGHER (SNP),skipped,skipped,,5
581,Hermione SPENCER (Con),Douglas James MCALLISTER (Lab),Claire GALLAGHER (SNP),skipped,skipped,,5
582,Hermione SPENCER (Con),Lawrence O'NEILL (Lab),Claire GALLAGHER (SNP),skipped,skipped,,5
583,Hermione SPENCER (Con),Lawrence O'NEILL (Lab),Claire GALLAGHER (SNP),skipped,skipped,,5
584,Hermione SPENCER (Con),Jim FINN (SNP),skipped,skipped,skipped,,5
585,Hermione SPENCER (Con),Jim FINN (SNP),skipped,skipped,skipped,,5
586,Hermione SPENCER (Con),Jim FINN (SNP),Lawrence O'NEILL (Lab),skipped,skipped,,5
587,Hermione SPENCER (Con),Jim FINN (SNP),Douglas James MCALLISTER (Lab),skipped,skipped,,5
588,Hermione SPENCER (Con),Douglas James MCALLISTER (Lab),Claire GALLAGHER (SNP),skipped,skipped,,5
589,Hermione SPENCER (Con),Jim FINN (SNP),Douglas James MCALLISTER (Lab),skipped,skipped,,5
590,Hermione SPENCER (Con),Claire GALLAGHER (SNP),skipped,skipped,skipped,,5
591,Hermione SPENCER (Con),Claire GALLAGHER (SNP),skipped,skipped,skipped,,5
592,Hermione SPENCER (Con),Claire GALLAGHER (SNP),skipped,skipped,skipped,,5
593,Hermione SPENCER (Con),Claire GALLAGHER (SNP),skipped,skipped,skipped,,5
594,Hermione SPENCER (Con),Claire GALLAGHER (SNP),skipped,skipped,skipped,,5
595,Hermione SPENCER (Con),Claire GALLAGHER (SNP),Douglas James MCALLISTER (Lab),skipped,skipped,,5
596,Hermione SPENCER (Con),Claire GALLAGHER (SNP),Douglas James MCALLISTER (Lab),skipped,skipped,,5
597,Hermione SPENCER (Con),Douglas James MCALLISTER (Lab),skipped,skipped,skipped,,5
598,Hermione SPENCER (Con),Douglas James MCALLISTER (Lab),skipped,skipped,skipped,,5
599,Hermione SPENCER (Con),Douglas James MCALLISTER (Lab),skipped,skipped,skipped,,5
600,Hermione SPENCER (Con),Douglas James MCALLISTER (Lab),skipped,skipped,skipped,,5
601,Hermione SPENCER (Con),Douglas James MCALLISTER (Lab),skipped,skipped,skipped,,5
602,Hermione SPENCER (Con),Douglas James MCALLISTER (Lab),skipped,skipped,skipped,,5
603,Hermione SPENCER (Con),Douglas James MCALLISTER (Lab),skipped,skipped,skipped,,5
604,Hermione SPENCER (Con),Douglas James MCALLISTER (Lab),skipped,skipped,skipped,,5
605,Hermione SPENCER (Con),Douglas James MCALLISTER (Lab),skipped,skipped,skipped,,5
606,Hermione SPENCER (Con),Douglas James MCALLISTER (Lab),skipped,skipped,skipped,,5
607,Hermione SPENCER (Con),Douglas James MCALLISTER (Lab),skipped,skipped,skipped,,5
608,Hermione SPENCER (Con),Douglas James MCALLISTER (Lab),skipped,skipped,skipped,,5
609,Hermione SPENCER (Con),Douglas James MCALLISTER (Lab),skipped,skipped,skipped,,5
610,Hermione SPENCER (Con),Douglas James MCALLISTER (Lab),skipped,skipped,skipped,,5
611,Hermione SPENCER (Con),Douglas James MCALLISTER (Lab),skipped,skipped,skipped,,5
612,Hermione SPENCER (Con),Douglas James MCALLISTER (Lab),skipped,skipped,skipped,,5
613,Hermione SPENCER (Con),Douglas James MCALLISTER (Lab),skipped,skipped,skipped,,5
614,Hermione SPENCER (Con),Douglas James MCALLISTER (Lab),skipped,skipped,skipped,,5
615,Hermione SPENCER (Con),Douglas James MCALLISTER (Lab),skipped,skipped,skipped,,5
616,Hermione SPENCER (Con),Douglas James MCALLISTER (Lab),skipped,skipped,skipped,,5
617,Hermione SPENCER (Con),Douglas James MCALLISTER (Lab),skipped,skipped,skipped,,5
618,Hermione SPENCER (Con),Douglas James MCALLISTER (Lab),skipped,skipped,skipped,,5
619,Hermione SPENCER (Con),Douglas James MCALLISTER (Lab),skipped,skipped,skipped,,5
620,Hermione SPENCER (Con),Douglas James MCALLISTER (Lab),skipped,skipped,skipped,,5
621,Hermione SPENCER (Con),Douglas James MCALLISTER (Lab),skipped,skipped,skipped,,5
622,Hermione SPENCER (Con),Douglas James MCALLISTER (Lab),skipped,skipped,skipped,,5
623,Hermione SPENCER (Con),Douglas James MCALLISTER (Lab),skipped,skipped,skipped,,5
624,Hermione SPENCER (Con),Douglas James MCALLISTER (Lab),skipped,skipped,skipped,,5
625,Hermione SPENCER (Con),Douglas James MCALLISTER (Lab),skipped,skipped,skipped,,5
626,Hermione SPENCER (Con),Douglas James MCALLISTER (Lab),skipped,skipped,skipped,,5
627,Hermione SPENCER (Con),Douglas James MCALLISTER (Lab),skipped,skipped,skipped,,5
628,Hermione SPENCER (Con),Douglas James MCALLISTER (Lab),skipped,skipped,skipped,,5
629,Hermione SPENCER (Con),Douglas James MCALLISTER (Lab),skipped,skipped,skipped,,5
630,Hermione SPENCER (Con),Douglas James MCALLISTER (Lab),skipped,skipped,skipped,,5
631,Hermione SPENCER (Con),Douglas James MCALLISTER (Lab),skipped,skipped,skipped,,5
632,Hermione SPENCER (Con),Douglas James MCALLISTER (Lab),skipped,skipped,skipped,,5
633,Hermione SPENCER (Con),Douglas James MCALLISTER (Lab),skipped,skipped,skipped,,5
634,Hermione SPENCER (Con),Douglas James MCALLISTER (Lab),skipped,skipped,skipped,,5
635,Hermione SPENCER (Con),Douglas James MCALLISTER (Lab),skipped,skipped,skipped,,5
636,Hermione SPENCER (Con),Douglas James MCALLISTER (Lab),skipped,skipped,skipped,,5
637,Hermione SPENCER (Con),Douglas James MCALLISTER (Lab),skipped,skipped,skipped,,5
638,Hermione SPENCER (Con),Douglas James MCALLISTER (Lab),skipped,skipped,skipped,,5
639,Hermione SPENCER (Con),Douglas James MCALLISTER (Lab),skipped,skipped,skipped,,5
640,Hermione SPENCER (Con),Douglas James MCALLISTER (Lab),skipped,skipped,skipped,,5
641,Hermione SPENCER (Con),Douglas James MCALLISTER (Lab),skipped,skipped,skipped,,5
642,Hermione SPENCER (Con),Douglas James MCALLISTER (Lab),skipped,skipped,skipped,,5
643,Hermione SPENCER (Con),Douglas James MCALLISTER (Lab),skipped,skipped,skipped,,5
644,Hermione SPENCER (Con),Douglas James MCALLISTER (Lab),skipped,skipped,skipped,,5
645,Hermione SPENCER (Con),Douglas James MCALLISTER (Lab),skipped,skipped,skipped,,5
646,Hermione SPENCER (Con),Douglas James MCALLISTER (Lab),skipped,skipped,skipped,,5
647,Hermione SPENCER (Con),Douglas James MCALLISTER (Lab),skipped,skipped,skipped,,5
648,Hermione SPENCER (Con),Douglas James MCALLISTER (Lab),skipped,skipped,skipped,,5
649,Hermione SPENCER (Con),Douglas James MCALLISTER (Lab),skipped,skipped,skipped,,5
650,Hermione SPENCER (Con),Douglas James MCALLISTER (Lab),skipped,skipped,skipped,,5
651,Hermione SPENCER (Con),Douglas James MCALLISTER (Lab),skipped,skipped,skipped,,5
652,Hermione SPENCER (Con),Douglas James MCALLISTER (Lab),skipped,skipped,skipped,,5
653,Hermione SPENCER (Con),Douglas James MCALLISTER (Lab),skipped,skipped,skipped,,5
654,Hermione SPENCER (Con),Douglas James MCALLISTER (Lab),skipped,skipped,skipped,,5
655,Hermione SPENCER (Con),Douglas James MCALLISTER (Lab),skipped,skipped,skipped,,5
656,Hermione SPENCER (Con),Douglas James MCALLISTER (Lab),skipped,skipped,skipped,,5
657,Hermione SPENCER (Con),Douglas James MCALLISTER (Lab),skipped,skipped,skipped,,5
658,Hermione SPENCER (Con),Douglas James MCALLISTER (Lab),skipped,skipped,skipped,,5
659,Hermione SPENCER (Con),Douglas James MCALLISTER (Lab),skipped,skipped,skipped,,5
660,Hermione SPENCER (Con),Douglas James MCALLISTER (Lab),skipped,skipped,skipped,,5
661,Hermione SPENCER (Con),Douglas James MCALLISTER (Lab),skipped,skipped,skipped,,5
662,Hermione SPENCER (Con),Douglas James MCALLISTER (Lab),skipped,skipped,skipped,,5
663,Hermione SPENCER (Con),Douglas James MCALLISTER (Lab),skipped,skipped,skipped,,5
664,Hermione SPENCER (Con),Douglas James MCALLISTER (Lab),skipped,skipped,skipped,,5
665,Hermione SPENCER (Con),Douglas James MCALLISTER (Lab),skipped,skipped,skipped,,5
666,Hermione SPENCER (Con),Douglas James MCALLISTER (Lab),skipped,skipped,skipped,,5
667,Hermione SPENCER (Con),Douglas James MCALLISTER (Lab),skipped,skipped,skipped,,5
668,Hermione SPENCER (Con),Douglas James MCALLISTER (Lab),skipped,skipped,skipped,,5
669,Hermione SPENCER (Con),Douglas James MCALLISTER (Lab),skipped,skipped,skipped,,5
670,Hermione SPENCER (Con),Douglas James MCALLISTER (Lab),skipped,skipped,skipped,,5
671,Hermione SPENCER (Con),Douglas James MCALLISTER (Lab),skipped,skipped,skipped,,5
672,Hermione SPENCER (Con),Douglas James MCALLISTER (Lab),skipped,skipped,skipped,,5
673,Hermione SPENCER (Con),Douglas James MCALLISTER (Lab),skipped,skipped,skipped,,5
674,Hermione SPENCER (Con),Douglas James MCALLISTER (Lab),skipped,skipped,skipped,,5
675,Hermione SPENCER (Con),Douglas James MCALLISTER (Lab),skipped,skipped,skipped,,5
676,Hermione SPENCER (Con),Douglas James MCALLISTER (Lab),skipped,skipped,skipped,,5
677,Hermione SPENCER (Con),Douglas James MCALLISTER (Lab),skipped,skipped,skipped,,5
678,Hermione SPENCER (Con),Douglas James MCALLISTER (Lab),skipped,skipped,skipped,,5
679,Hermione SPENCER (Con),Douglas James MCALLISTER (Lab),skipped,skipped,skipped,,5
680,Hermione SPENCER (Con),Douglas James MCALLISTER (Lab),Jim FINN (SNP),skipped,skipped,,5
681,Hermione SPENCER (Con),Douglas James MCALLISTER (Lab),Claire GALLAGHER (SNP),skipped,skipped,,5
682,Hermione SPENCER (Con),Douglas James MCALLISTER (Lab),Claire GALLAGHER (SNP),skipped,skipped,,5
683,Hermione SPENCER (Con),Douglas James MCALLISTER (Lab),Claire GALLAGHER (SNP),skipped,skipped,,5
684,Hermione SPENCER (Con),Douglas James MCALLISTER (Lab),Claire GALLAGHER (SNP),skipped,skipped,,5
685,Hermione SPENCER (Con),Douglas James MCALLISTER (Lab),Claire GALLAGHER (SNP),skipped,skipped,,5
686,Hermione SPENCER (Con),Douglas James MCALLISTER (Lab),Claire GALLAGHER (SNP),skipped,skipped,,5
687,Hermione SPENCER (Con),Douglas James MCALLISTER (Lab),Claire GALLAGHER (SNP),skipped,skipped,,5
688,Hermione SPENCER (Con),Douglas James MCALLISTER (Lab),Claire GALLAGHER (SNP),skipped,skipped,,5
689,Hermione SPENCER (Con),Douglas James MCALLISTER (Lab),Claire GALLAGHER (SNP),skipped,skipped,,5
690,Hermione SPENCER (Con),Douglas James MCALLISTER (Lab),Claire GALLAGHER (SNP),skipped,skipped,,5
691,Hermione SPENCER (Con),Douglas James MCALLISTER (Lab),Claire GALLAGHER (SNP),skipped,skipped,,5
692,Hermione SPENCER (Con),Douglas James MCALLISTER (Lab),Claire GALLAGHER (SNP),skipped,skipped,,5
693,Hermione SPENCER (Con),Douglas James MCALLISTER (Lab),Claire GALLAGHER (SNP),skipped,skipped,,5
694,Hermione SPENCER (Con),Douglas James MCALLISTER (Lab),Claire GALLAGHER (SNP),skipped,skipped,,5
695,Hermione SPENCER (Con),Douglas James MCALLISTER (Lab),Claire GALLAGHER (SNP),skipped,skipped,,5
696,Hermione SPENCER (Con),Douglas James MCALLISTER (Lab),Claire GALLAGHER (SNP),skipped,skipped,,5
697,Hermione SPENCER (Con),Douglas James MCALLISTER (Lab),Claire GALLAGHER (SNP),skipped,skipped,,5
698,Hermione SPENCER (Con),Douglas James MCALLISTER (Lab),Claire GALLAGHER (SNP),skipped,skipped,,5
699,Hermione SPENCER (Con),Douglas James MCALLISTER (Lab),Jim FINN (SNP),skipped,skipped,,5
700,Hermione SPENCER (Con),Douglas James MCALLISTER (Lab),Jim FINN (SNP),skipped,skipped,,5
701,Hermione SPENCER (Con),Douglas James MCALLISTER (Lab),Jim FINN (SNP),skipped,skipped,,5
702,Hermione SPENCER (Con),Douglas James MCALLISTER (Lab),Claire GALLAGHER (SNP),skipped,skipped,,5
703,Hermione SPENCER (Con),Douglas James MCALLISTER (Lab),Claire GALLAGHER (SNP),skipped,skipped,,5
704,Hermione SPENCER (Con),Douglas James MCALLISTER (Lab),Claire GALLAGHER (SNP),skipped,skipped,,5
705,Hermione SPENCER (Con),Douglas James MCALLISTER (Lab),Claire GALLAGHER (SNP),skipped,skipped,,5
706,Hermione SPENCER (Con),Claire GALLAGHER (SNP),skipped,skipped,skipped,,5
707,Hermione SPENCER (Con),Claire GALLAGHER (SNP),skipped,skipped,skipped,,5
708,Hermione SPENCER (Con),Claire GALLAGHER (SNP),skipped,skipped,skipped,,5
709,Hermione SPENCER (Con),Claire GALLAGHER (SNP),Douglas James MCALLISTER (Lab),skipped,skipped,,5
710,Hermione SPENCER (Con),Claire GALLAGHER (SNP),Douglas James MCALLISTER (Lab),skipped,skipped,,5
711,Hermione SPENCER (Con),Claire GALLAGHER (SNP),Douglas James MCALLISTER (Lab),skipped,skipped,,5
712,Hermione SPENCER (Con),Claire GALLAGHER (SNP),Douglas James MCALLISTER (Lab),skipped,skipped,,5
713,Jim FINN (SNP),skipped,skipped,skipped,skipped,,5
714,Jim FINN (SNP),skipped,skipped,skipped,skipped,,5
715,Jim FINN (SNP),skipped,skipped,skipped,skipped,,5
716,Jim FINN (SNP),skipped,skipped,skipped,skipped,,5
717,Jim FINN (SNP),skipped,skipped,skipped,skipped,,5
718,Jim FINN (SNP),skipped,skipped,skipped,skipped,,5
719,Jim FINN (SNP),skipped,skipped,skipped,skipped,,5
720,Jim FINN (SNP),skipped,skipped,skipped,skipped,,5
721,Jim FINN (SNP),skipped,skipped,skipped,skipped,,5
722,Jim FINN (SNP),skipped,skipped,skipped,skipped,,5
723,Jim FINN (SNP),skipped,skipped,skipped,skipped,,5
724,Jim FINN (SNP),skipped,skipped,skipped,skipped,,5
725,Jim FINN (SNP),skipped,skipped,skipped,skipped,,5
726,Jim FINN (SNP),skipped,skipped,skipped,skipped,,5
727,Jim FINN (SNP),skipped,skipped,skipped,skipped,,5
728,Jim FINN (SNP),skipped,skipped,skipped,skipped,,5
729,Jim FINN (SNP),skipped,skipped,skipped,skipped,,5
730,Jim FINN (SNP),skipped,skipped,skipped,skipped,,5
731,Jim FINN (SNP),skipped,skipped,skipped,skipped,,5
732,Jim FINN (SNP),skipped,skipped,skipped,skipped,,5
733,Jim FINN (SNP),skipped,skipped,skipped,skipped,,5
734,Jim FINN (SNP),skipped,skipped,skipped,skipped,,5
735,Jim FINN (SNP),skipped,skipped,skipped,skipped,,5
736,Jim FINN (SNP),skipped,skipped,skipped,skipped,,5
737,Jim FINN (SNP),skipped,skipped,skipped,skipped,,5
738,Jim FINN (SNP),skipped,skipped,skipped,skipped,,5
739,Jim FINN (SNP),skipped,skipped,skipped,skipped,,5
740,Jim FINN (SNP),skipped,skipped,skipped,skipped,,5
741,Jim FINN (SNP),skipped,skipped,skipped,skipped,,5
742,Jim FINN (SNP),skipped,skipped,skipped,skipped,,5
743,Jim FINN (SNP),skipped,skipped,skipped,skipped,,5
744,Jim FINN (SNP),skipped,skipped,skipped,skipped,,5
745,Jim FINN (SNP),skipped,skipped,skipped,skipped,,5
746,Jim FINN (SNP),skipped,skipped,skipped,skipped,,5
747,Jim FINN (SNP),skipped,skipped,skipped,skipped,,5
748,Jim FINN (SNP),skipped,skipped,skipped,skipped,,5
749,Jim FINN (SNP),skipped,skipped,skipped,skipped,,5
750,Jim FINN (SNP),skipped,skipped,skipped,skipped,,5
751,Jim FINN (SNP),skipped,skipped,skipped,skipped,,5
752,Jim FINN (SNP),skipped,skipped,skipped,skipped,,5
753,Jim FINN (SNP),skipped,skipped,skipped,skipped,,5
754,Jim FINN (SNP),skipped,skipped,skipped,skipped,,5
755,Jim FINN (SNP),skipped,skipped,skipped,skipped,,5
756,Jim FINN (SNP),skipped,skipped,skipped,skipped,,5
757,Jim FINN (SNP),skipped,skipped,skipped,skipped,,5
758,Jim FINN (SNP),skipped,skipped,skipped,skipped,,5
759,Jim FINN (SNP),skipped,skipped,skipped,skipped,,5
760,Jim FINN (SNP),Lawrence O'NEILL (Lab),skipped,skipped,skipped,,5
761,Jim FINN (SNP),Lawrence O'NEILL (Lab),skipped,skipped,skipped,,5
762,Jim FINN (SNP),Lawrence O'NEILL (Lab),skipped,skipped,skipped,,5
763,Jim FINN (SNP),Lawrence O'NEILL (Lab),skipped,skipped,skipped,,5
764,Jim FINN (SNP),Lawrence O'NEILL (Lab),Hermione SPENCER (Con),skipped,skipped,,5
765,Jim FINN (SNP),Douglas James MCALLISTER (Lab),skipped,skipped,skipped,,5
766,Douglas James MCALLISTER (Lab),Claire GALLAGHER (SNP),Hermione SPENCER (Con),skipped,skipped,,5
767,Lawrence O'NEILL (Lab),Claire GALLAGHER (SNP),skipped,skipped,skipped,,5
768,Lawrence O'NEILL (Lab),Claire GALLAGHER (SNP),skipped,skipped,skipped,,5
769,Lawrence O'NEILL (Lab),Claire GALLAGHER (SNP),skipped,skipped,skipped,,5
770,Claire GALLAGHER (SNP),Douglas James MCALLISTER (Lab),skipped,skipped,skipped,,5
771,Claire GALLAGHER (SNP),Douglas James MCALLISTER (Lab),skipped,skipped,skipped,,5
772,Jim FINN (SNP),Hermione SPENCER (Con),skipped,skipped,skipped,,5
773,Jim FINN (SNP),Hermione SPENCER (Con),skipped,skipped,skipped,,5
774,Jim FINN (SNP),Hermione SPENCER (Con),skipped,skipped,skipped,,5
775,Jim FINN (SNP),Hermione SPENCER (Con),Douglas James MCALLISTER (Lab),skipped,skipped,,5
776,Hermione SPENCER (Con),Claire GALLAGHER (SNP),Douglas James MCALLISTER (Lab),skipped,skipped,,5
777,Hermione SPENCER (Con),Claire GALLAGHER (SNP),Douglas James MCALLISTER (Lab),skipped,skipped,,5
778,Jim FINN (SNP),Douglas James MCALLISTER (Lab),skipped,skipped,skipped,,5
779,Jim FINN (SNP),Douglas James MCALLISTER (Lab),skipped,skipped,skipped,,5
780,Jim FINN (SNP),Douglas James MCALLISTER (Lab),skipped,skipped,skipped,,5
781,Jim FINN (SNP),Douglas James MCALLISTER (Lab),skipped,skipped,skipped,,5
782,Jim FINN (SNP),Douglas James MCALLISTER (Lab),skipped,skipped,skipped,,5
783,Jim FINN (SNP),Douglas James MCALLISTER (Lab),skipped,skipped,skipped,,5
784,Jim FINN (SNP),Douglas James MCALLISTER (Lab),skipped,skipped,skipped,,5
785,Jim FINN (SNP),Douglas James MCALLISTER (Lab),skipped,skipped,skipped,,5
786,Jim FINN (SNP),Douglas James MCALLISTER (Lab),skipped,skipped,skipped,,5
787,Jim FINN (SNP),Douglas James MCALLISTER (Lab),skipped,skipped,skipped,,5
788,Jim FINN (SNP),Douglas James MCALLISTER (Lab),skipped,skipped,skipped,,5
789,Jim FINN (SNP),Douglas James MCALLISTER (Lab),skipped,skipped,skipped,,5
790,Jim FINN (SNP),Douglas James MCALLISTER (Lab),skipped,skipped,skipped,,5
791,Jim FINN (SNP),Douglas James MCALLISTER (Lab),skipped,skipped,skipped,,5
792,Jim FINN (SNP),Douglas James MCALLISTER (Lab),skipped,skipped,skipped,,5
793,Douglas James MCALLISTER (Lab),Hermione SPENCER (Con),Claire GALLAGHER (SNP),skipped,skipped,,5
794,Douglas James MCALLISTER (Lab),Hermione SPENCER (Con),Claire GALLAGHER (SNP),skipped,skipped,,5
795,Douglas James MCALLISTER (Lab),Claire GALLAGHER (SNP),skipped,skipped,skipped,,5
796,Douglas James MCALLISTER (Lab),Claire GALLAGHER (SNP),Hermione SPENCER (Con),skipped,skipped,,5
797,Douglas James MCALLISTER (Lab),Claire GALLAGHER (SNP),skipped,skipped,skipped,,5
798,Douglas James MCALLISTER (Lab),Claire GALLAGHER (SNP),skipped,skipped,skipped,,5
799,Douglas James MCALLISTER (Lab),Claire GALLAGHER (SNP),skipped,skipped,skipped,,5
800,Douglas James MCALLISTER (Lab),Claire GALLAGHER (SNP),skipped,skipped,skipped,,5
801,Douglas James MCALLISTER (Lab),Claire GALLAGHER (SNP),skipped,skipped,skipped,,5
802,Douglas James MCALLISTER (Lab),Claire GALLAGHER (SNP),skipped,skipped,skipped,,5
803,Douglas James MCALLISTER (Lab),Claire GALLAGHER (SNP),skipped,skipped,skipped,,5
804,Douglas James MCALLISTER (Lab),Claire GALLAGHER (SNP),skipped,skipped,skipped,,5
805,Douglas James MCALLISTER (Lab),Claire GALLAGHER (SNP),skipped,skipped,skipped,,5
806,Douglas James MCALLISTER (Lab),Claire GALLAGHER (SNP),skipped,skipped,skipped,,5
807,Douglas James MCALLISTER (Lab),Claire GALLAGHER (SNP),skipped,skipped,skipped,,5
808,Douglas James MCALLISTER (Lab),Claire GALLAGHER (SNP),skipped,skipped,skipped,,5
809,Douglas James MCALLISTER (Lab),Claire GALLAGHER (SNP),skipped,skipped,skipped,,5
810,Douglas James MCALLISTER (Lab),Claire GALLAGHER (SNP),skipped,skipped,skipped,,5
811,Douglas James MCALLISTER (Lab),Claire GALLAGHER (SNP),skipped,skipped,skipped,,5
812,Douglas James MCALLISTER (Lab),Claire GALLAGHER (SNP),Hermione SPENCER (Con),skipped,skipped,,5
813,Douglas James MCALLISTER (Lab),Claire GALLAGHER (SNP),Hermione SPENCER (Con),skipped,skipped,,5
814,Douglas James MCALLISTER (Lab),Claire GALLAGHER (SNP),Hermione SPENCER (Con),skipped,skipped,,5
815,Douglas James MCALLISTER (Lab),Claire GALLAGHER (SNP),Hermione SPENCER (Con),skipped,skipped,,5
816,Douglas James MCALLISTER (Lab),Claire GALLAGHER (SNP),Hermione SPENCER (Con),skipped,skipped,,5
817,Douglas James MCALLISTER (Lab),Claire GALLAGHER (SNP),Hermione SPENCER (Con),skipped,skipped,,5
818,Douglas James MCALLISTER (Lab),Claire GALLAGHER (SNP),Hermione SPENCER (Con),skipped,skipped,,5
819,Douglas James MCALLISTER (Lab),Claire GALLAGHER (SNP),Hermione SPENCER (Con),skipped,skipped,,5
820,Douglas James MCALLISTER (Lab),Claire GALLAGHER (SNP),Hermione SPENCER (Con),skipped,skipped,,5
821,Douglas James MCALLISTER (Lab),Claire GALLAGHER (SNP),Hermione SPENCER (Con),skipped,skipped,,5
822,Claire GALLAGHER (SNP),skipped,skipped,skipped,skipped,,5
823,Claire GALLAGHER (SNP),skipped,skipped,skipped,skipped,,5
824,Claire GALLAGHER (SNP),skipped,skipped,skipped,skipped,,5
825,Claire GALLAGHER (SNP),skipped,skipped,skipped,skipped,,5
826,Claire GALLAGHER (SNP),skipped,skipped,skipped,skipped,,5
827,Claire GALLAGHER (SNP),skipped,skipped,skipped,skipped,,5
828,Claire GALLAGHER (SNP),skipped,skipped,skipped,skipped,,5
829,Claire GALLAGHER (SNP),skipped,skipped,skipped,skipped,,5
830,Claire GALLAGHER (SNP),skipped,skipped,skipped,skipped,,5
831,Claire GALLAGHER (SNP),skipped,skipped,skipped,skipped,,5
832,Claire GALLAGHER (SNP),skipped,skipped,skipped,skipped,,5
833,Claire GALLAGHER (SNP),skipped,skipped,skipped,skipped,,5
834,Claire GALLAGHER (SNP),skipped,skipped,skipped,skipped,,5
835,Claire GALLAGHER (SNP),skipped,skipped,skipped,skipped,,5
836,Claire GALLAGHER (SNP),skipped,skipped,skipped,skipped,,5
837,Claire GALLAGHER (SNP),skipped,skipped,skipped,skipped,,5
838,Claire GALLAGHER (SNP),skipped,skipped,skipped,skipped,,5
839,Claire GALLAGHER (SNP),skipped,skipped,skipped,skipped,,5
840,Claire GALLAGHER (SNP),skipped,skipped,skipped,skipped,,5
841,Claire GALLAGHER (SNP),skipped,skipped,skipped,skipped,,5
842,Claire GALLAGHER (SNP),skipped,skipped,skipped,skipped,,5
843,Claire GALLAGHER (SNP),skipped,skipped,skipped,skipped,,5
844,Claire GALLAGHER (SNP),skipped,skipped,skipped,skipped,,5
845,Claire GALLAGHER (SNP),skipped,skipped,skipped,skipped,,5
846,Claire GALLAGHER (SNP),skipped,skipped,skipped,skipped,,5
847,Claire GALLAGHER (SNP),skipped,skipped,skipped,skipped,,5
848,Claire GALLAGHER (SNP),skipped,skipped,skipped,skipped,,5
849,Claire GALLAGHER (SNP),skipped,skipped,skipped,skipped,,5
850,Claire GALLAGHER (SNP),skipped,skipped,skipped,skipped,,5
851,Claire GALLAGHER (SNP),skipped,skipped,skipped,skipped,,5
852,Claire GALLAGHER (SNP),skipped,skipped,skipped,skipped,,5
853,Claire GALLAGHER (SNP),skipped,skipped,skipped,skipped,,5
854,Claire GALLAGHER (SNP),skipped,skipped,skipped,skipped,,5
855,Claire GALLAGHER (SNP),skipped,skipped,skipped,skipped,,5
856,Claire GALLAGHER (SNP),skipped,skipped,skipped,skipped,,5
857,Claire GALLAGHER (SNP),skipped,skipped,skipped,skipped,,5
858,Claire GALLAGHER (SNP),skipped,skipped,skipped,skipped,,5
859,Claire GALLAGHER (SNP),skipped,skipped,skipped,skipped,,5
860,Claire GALLAGHER (SNP),skipped,skipped,skipped,skipped,,5
861,Claire GALLAGHER (SNP),skipped,skipped,skipped,skipped,,5
862,Claire GALLAGHER (SNP),skipped,skipped,skipped,skipped,,5
863,Claire GALLAGHER (SNP),skipped,skipped,skipped,skipped,,5
864,Claire GALLAGHER (SNP),skipped,skipped,skipped,skipped,,5
865,Claire GALLAGHER (SNP),skipped,skipped,skipped,skipped,,5
866,Claire GALLAGHER (SNP),skipped,skipped,skipped,skipped,,5
867,Claire GALLAGHER (SNP),skipped,skipped,skipped,skipped,,5
868,Claire GALLAGHER (SNP),skipped,skipped,skipped,skipped,,5
869,Claire GALLAGHER (SNP),skipped,skipped,skipped,skipped,,5
870,Claire GALLAGHER (SNP),skipped,skipped,skipped,skipped,,5
871,Claire GALLAGHER (SNP),skipped,skipped,skipped,skipped,,5
872,Claire GALLAGHER (SNP),skipped,skipped,skipped,skipped,,5
873,Claire GALLAGHER (SNP),skipped,skipped,skipped,skipped,,5
874,Claire GALLAGHER (SNP),skipped,skipped,skipped,skipped,,5
875,Claire GALLAGHER (SNP),skipped,skipped,skipped,skipped,,5
876,Claire GALLAGHER (SNP),skipped,skipped,skipped,skipped,,5
877,Claire GALLAGHER (SNP),skipped,skipped,skipped,skipped,,5
878,Claire GALLAGHER (SNP),skipped,skipped,skipped,skipped,,5
879,Claire GALLAGHER (SNP),skipped,skipped,skipped,skipped,,5
880,Claire GALLAGHER (SNP),skipped,skipped,skipped,skipped,,5
881,Claire GALLAGHER (SNP),skipped,skipped,skipped,skipped,,5
882,Claire GALLAGHER (SNP),skipped,skipped,skipped,skipped,,5
883,Claire GALLAGHER (SNP),skipped,skipped,skipped,skipped,,5
884,Claire GALLAGHER (SNP),skipped,skipped,skipped,skipped,,5
885,Claire GALLAGHER (SNP),skipped,skipped,skipped,skipped,,5
886,Claire GALLAGHER (SNP),skipped,skipped,skipped,skipped,,5
887,Claire GALLAGHER (SNP),skipped,skipped,skipped,skipped,,5
888,Claire GALLAGHER (SNP),skipped,skipped,skipped,skipped,,5
889,Claire GALLAGHER (SNP),skipped,skipped,skipped,skipped,,5
890,Claire GALLAGHER (SNP),skipped,skipped,skipped,skipped,,5
891,Claire GALLAGHER (SNP),skipped,skipped,skipped,skipped,,5
892,Claire GALLAGHER (SNP),skipped,skipped,skipped,skipped,,5
893,Claire GALLAGHER (SNP),skipped,skipped,skipped,skipped,,5
894,Claire GALLAGHER (SNP),skipped,skipped,skipped,skipped,,5
895,Claire GALLAGHER (SNP),skipped,skipped,skipped,skipped,,5
896,Claire GALLAGHER (SNP),skipped,skipped,skipped,skipped,,5
897,Claire GALLAGHER (SNP),skipped,skipped,skipped,skipped,,5
898,Claire GALLAGHER (SNP),skipped,skipped,skipped,skipped,,5
899,Claire GALLAGHER (SNP),skipped,skipped,skipped,skipped,,5
900,Claire GALLAGHER (SNP),skipped,skipped,skipped,skipped,,5
901,Claire GALLAGHER (SNP),skipped,skipped,skipped,skipped,,5
902,Claire GALLAGHER (SNP),skipped,skipped,skipped,skipped,,5
903,Claire GALLAGHER (SNP),skipped,skipped,skipped,skipped,,5
904,Claire GALLAGHER (SNP),skipped,skipped,skipped,skipped,,5
905,Claire GALLAGHER (SNP),skipped,skipped,skipped,skipped,,5
906,Claire GALLAGHER (SNP),skipped,skipped,skipped,skipped,,5
907,Claire GALLAGHER (SNP),skipped,skipped,skipped,skipped,,5
908,Claire GALLAGHER (SNP),skipped,skipped,skipped,skipped,,5
909,Claire GALLAGHER (SNP),skipped,skipped,skipped,skipped,,5
910,Claire GALLAGHER (SNP),skipped,skipped,skipped,skipped,,5
911,Claire GALLAGHER (SNP),skipped,skipped,skipped,skipped,,5
912,Claire GALLAGHER (SNP),skipped,skipped,skipped,skipped,,5
913,Claire GALLAGHER (SNP),skipped,skipped,skipped,skipped,,5
914,Claire GALLAGHER (SNP),skipped,skipped,skipped,skipped,,5
915,Claire GALLAGHER (SNP),skipped,skipped,skipped,skipped,,5
916,Claire GALLAGHER (SNP),skipped,skipped,skipped,skipped,,5
917,Claire GALLAGHER (SNP),skipped,skipped,skipped,skipped,,5
918,Claire GALLAGHER (SNP),skipped,skipped,skipped,skipped,,5
919,Claire GALLAGHER (SNP),skipped,skipped,skipped,skipped,,5
920,Claire GALLAGHER (SNP),skipped,skipped,skipped,skipped,,5
921,Claire GALLAGHER (SNP),skipped,skipped,skipped,skipped,,5
922,Claire GALLAGHER (SNP),skipped,skipped,skipped,skipped,,5
923,Claire GALLAGHER (SNP),skipped,skipped,skipped,skipped,,5
924,Claire GALLAGHER (SNP),skipped,skipped,skipped,skipped,,5
925,Claire GALLAGHER (SNP),skipped,skipped,skipped,skipped,,5
926,Claire GALLAGHER (SNP),skipped,skipped,skipped,skipped,,5
927,Claire GALLAGHER (SNP),skipped,skipped,skipped,skipped,,5
928,Claire GALLAGHER (SNP),skipped,skipped,skipped,skipped,,5
929,Claire GALLAGHER (SNP),skipped,skipped,skipped,skipped,,5
930,Claire GALLAGHER (SNP),skipped,skipped,skipped,skipped,,5
931,Claire GALLAGHER (SNP),skipped,skipped,skipped,skipped,,5
932,Claire GALLAGHER (SNP),skipped,skipped,skipped,skipped,,5
933,Claire GALLAGHER (SNP),skipped,skipped,skipped,skipped,,5
934,Claire GALLAGHER (SNP),skipped,skipped,skipped,skipped,,5
935,Claire GALLAGHER (SNP),skipped,skipped,skipped,skipped,,5
936,Claire GALLAGHER (SNP),skipped,skipped,skipped,skipped,,5
937,Claire GALLAGHER (SNP),skipped,skipped,skipped,skipped,,5
938,Claire GALLAGHER (SNP),skipped,skipped,skipped,skipped,,5
939,Claire GALLAGHER (SNP),skipped,skipped,skipped,skipped,,5
940,Claire GALLAGHER (SNP),skipped,skipped,skipped,skipped,,5
941,Claire GALLAGHER (SNP),skipped,skipped,skipped,skipped,,5
942,Claire GALLAGHER (SNP),skipped,skipped,skipped,skipped,,5
943,Claire GALLAGHER (SNP),skipped,skipped,skipped,skipped,,5
944,Claire GALLAGHER (SNP),skipped,skipped,skipped,skipped,,5
945,Claire GALLAGHER (SNP),skipped,skipped,skipped,skipped,,5
946,Claire GALLAGHER (SNP),skipped,skipped,skipped,skipped,,5
947,Claire GALLAGHER (SNP),skipped,skipped,skipped,skipped,,5
948,Claire GALLAGHER (SNP),skipped,skipped,skipped,skipped,,5
949,Claire GALLAGHER (SNP),skipped,skipped,skipped,skipped,,5
950,Claire GALLAGHER (SNP),skipped,skipped,skipped,skipped,,5
951,Claire GALLAGHER (SNP),skipped,skipped,skipped,skipped,,5
952,Claire GALLAGHER (SNP),skipped,skipped,skipped,skipped,,5
953,Claire GALLAGHER (SNP),skipped,skipped,skipped,skipped,,5
954,Claire GALLAGHER (SNP),skipped,skipped,skipped,skipped,,5
955,Claire GALLAGHER (SNP),skipped,skipped,skipped,skipped,,5
956,Claire GALLAGHER (SNP),skipped,skipped,skipped,skipped,,5
957,Claire GALLAGHER (SNP),skipped,skipped,skipped,skipped,,5
958,Claire GALLAGHER (SNP),skipped,skipped,skipped,skipped,,5
959,Claire GALLAGHER (SNP),skipped,skipped,skipped,skipped,,5
960,Claire GALLAGHER (SNP),skipped,skipped,skipped,skipped,,5
961,Claire GALLAGHER (SNP),skipped,skipped,skipped,skipped,,5
962,Claire GALLAGHER (SNP),skipped,skipped,skipped,skipped,,5
963,Claire GALLAGHER (SNP),skipped,skipped,skipped,skipped,,5
964,Claire GALLAGHER (SNP),skipped,skipped,skipped,skipped,,5
965,Claire GALLAGHER (SNP),skipped,skipped,skipped,skipped,,5
966,Claire GALLAGHER (SNP),skipped,skipped,skipped,skipped,,5
967,Claire GALLAGHER (SNP),skipped,skipped,skipped,skipped,,5
968,Claire GALLAGHER (SNP),skipped,skipped,skipped,skipped,,5
969,Claire GALLAGHER (SNP),skipped,skipped,skipped,skipped,,5
970,Claire GALLAGHER (SNP),skipped,skipped,skipped,skipped,,5
971,Claire GALLAGHER (SNP),skipped,skipped,skipped,skipped,,5
972,Claire GALLAGHER (SNP),skipped,skipped,skipped,skipped,,5
973,Claire GALLAGHER (SNP),skipped,skipped,skipped,skipped,,5
974,Claire GALLAGHER (SNP),skipped,skipped,skipped,skipped,,5
975,Claire GALLAGHER (SNP),skipped,skipped,skipped,skipped,,5
976,Claire GALLAGHER (SNP),skipped,skipped,skipped,skipped,,5
977,Claire GALLAGHER (SNP),skipped,skipped,skipped,skipped,,5
978,Claire GALLAGHER (SNP),skipped,skipped,skipped,skipped,,5
979,Claire GALLAGHER (SNP),skipped,skipped,skipped,skipped,,5
980,Claire GALLAGHER (SNP),skipped,skipped,skipped,skipped,,5
981,Claire GALLAGHER (SNP),skipped,skipped,skipped,skipped,,5
982,Claire GALLAGHER (SNP),skipped,skipped,skipped,skipped,,5
983,Claire GALLAGHER (SNP),skipped,skipped,skipped,skipped,,5
984,Claire GALLAGHER (SNP),skipped,skipped,skipped,skipped,,5
985,Claire GALLAGHER (SNP),skipped,skipped,skipped,skipped,,5
986,Claire GALLAGHER (SNP),skipped,skipped,skipped,skipped,,5
987,Claire GALLAGHER (SNP),skipped,skipped,skipped,skipped,,5
988,Claire GALLAGHER (SNP),skipped,skipped,skipped,skipped,,5
989,Claire GALLAGHER (SNP),skipped,skipped,skipped,skipped,,5
990,Claire GALLAGHER (SNP),skipped,skipped,skipped,skipped,,5
991,Claire GALLAGHER (SNP),skipped,skipped,skipped,skipped,,5
992,Claire GALLAGHER (SNP),skipped,skipped,skipped,skipped,,5
993,Claire GALLAGHER (SNP),skipped,skipped,skipped,skipped,,5
994,Claire GALLAGHER (SNP),skipped,skipped,skipped,skipped,,5
995,Claire GALLAGHER (SNP),skipped,skipped,skipped,skipped,,5
996,Claire GALLAGHER (SNP),skipped,skipped,skipped,skipped,,5
997,Claire GALLAGHER (SNP),skipped,skipped,skipped,skipped,,5
998,Claire GALLAGHER (SNP),skipped,skipped,skipped,skipped,,5
999,Claire GALLAGHER (SNP),skipped,skipped,skipped,skipped,,5
1000,Claire GALLAGHER (SNP),skipped,skipped,skipped,skipped,,5
1001,Claire GALLAGHER (SNP),skipped,skipped,skipped,skipped,,5
1002,Claire GALLAGHER (SNP),skipped,skipped,skipped,skipped,,5
1003,Claire GALLAGHER (SNP),skipped,skipped,skipped,skipped,,5
1004,Claire GALLAGHER (SNP),skipped,skipped,skipped,skipped,,5
1005,Claire GALLAGHER (SNP),skipped,skipped,skipped,skipped,,5
1006,Claire GALLAGHER (SNP),skipped,skipped,skipped,skipped,,5
1007,Claire GALLAGHER (SNP),skipped,skipped,skipped,skipped,,5
1008,Claire GALLAGHER (SNP),skipped,skipped,skipped,skipped,,5
1009,Claire GALLAGHER (SNP),skipped,skipped,skipped,skipped,,5
1010,Claire GALLAGHER (SNP),skipped,skipped,skipped,skipped,,5
1011,Claire GALLAGHER (SNP),skipped,skipped,skipped,skipped,,5
1012,Claire GALLAGHER (SNP),skipped,skipped,skipped,skipped,,5
1013,Claire GALLAGHER (SNP),skipped,skipped,skipped,skipped,,5
1014,Claire GALLAGHER (SNP),skipped,skipped,skipped,skipped,,5
1015,Claire GALLAGHER (SNP),skipped,skipped,skipped,skipped,,5
1016,Claire GALLAGHER (SNP),skipped,skipped,skipped,skipped,,5
1017,Claire GALLAGHER (SNP),skipped,skipped,skipped,skipped,,5
1018,Claire GALLAGHER (SNP),skipped,skipped,skipped,skipped,,5
1019,Claire GALLAGHER (SNP),skipped,skipped,skipped,skipped,,5
1020,Claire GALLAGHER (SNP),skipped,skipped,skipped,skipped,,5
1021,Claire GALLAGHER (SNP),skipped,skipped,skipped,skipped,,5
1022,Claire GALLAGHER (SNP),skipped,skipped,skipped,skipped,,5
1023,Claire GALLAGHER (SNP),skipped,skipped,skipped,skipped,,5
1024,Claire GALLAGHER (SNP),skipped,skipped,skipped,skipped,,5
1025,Claire GALLAGHER (SNP),skipped,skipped,skipped,skipped,,5
1026,Claire GALLAGHER (SNP),skipped,skipped,skipped,skipped,,5
1027,Claire GALLAGHER (SNP),skipped,skipped,skipped,skipped,,5
1028,Claire GALLAGHER (SNP),skipped,skipped,skipped,skipped,,5
1029,Claire GALLAGHER (SNP),skipped,skipped,skipped,skipped,,5
1030,Claire GALLAGHER (SNP),skipped,skipped,skipped,skipped,,5
1031,Claire GALLAGHER (SNP),skipped,skipped,skipped,skipped,,5
1032,Claire GALLAGHER (SNP),skipped,skipped,skipped,skipped,,5
1033,Claire GALLAGHER (SNP),skipped,skipped,skipped,skipped,,5
1034,Claire GALLAGHER (SNP),skipped,skipped,skipped,skipped,,5
1035,Claire GALLAGHER (SNP),skipped,skipped,skipped,skipped,,5
1036,Claire GALLAGHER (SNP),skipped,skipped,skipped,skipped,,5
1037,Claire GALLAGHER (SNP),skipped,skipped,skipped,skipped,,5
1038,Claire GALLAGHER (SNP),skipped,skipped,skipped,skipped,,5
1039,Claire GALLAGHER (SNP),skipped,skipped,skipped,skipped,,5
1040,Claire GALLAGHER (SNP),skipped,skipped,skipped,skipped,,5
1041,Claire GALLAGHER (SNP),skipped,skipped,skipped,skipped,,5
1042,Claire GALLAGHER (SNP),skipped,skipped,skipped,skipped,,5
1043,Claire GALLAGHER (SNP),skipped,skipped,skipped,skipped,,5
1044,Claire GALLAGHER (SNP),skipped,skipped,skipped,skipped,,5
1045,Claire GALLAGHER (SNP),skipped,skipped,skipped,skipped,,5
1046,Claire GALLAGHER (SNP),skipped,skipped,skipped,skipped,,5
1047,Claire GALLAGHER (SNP),skipped,skipped,skipped,skipped,,5
1048,Claire GALLAGHER (SNP),skipped,skipped,skipped,skipped,,5
1049,Claire GALLAGHER (SNP),skipped,skipped,skipped,skipped,,5
1050,Claire GALLAGHER (SNP),skipped,skipped,skipped,skipped,,5
1051,Claire GALLAGHER (SNP),skipped,skipped,skipped,skipped,,5
1052,Claire GALLAGHER (SNP),skipped,skipped,skipped,skipped,,5
1053,Claire GALLAGHER (SNP),skipped,skipped,skipped,skipped,,5
1054,Claire GALLAGHER (SNP),skipped,skipped,skipped,skipped,,5
1055,Claire GALLAGHER (SNP),skipped,skipped,skipped,skipped,,5
1056,Claire GALLAGHER (SNP),skipped,skipped,skipped,skipped,,5
1057,Claire GALLAGHER (SNP),skipped,skipped,skipped,skipped,,5
1058,Claire GALLAGHER (SNP),skipped,skipped,skipped,skipped,,5
1059,Claire GALLAGHER (SNP),skipped,skipped,skipped,skipped,,5
1060,Claire GALLAGHER (SNP),skipped,skipped,skipped,skipped,,5
1061,Claire GALLAGHER (SNP),skipped,skipped,skipped,skipped,,5
1062,Claire GALLAGHER (SNP),skipped,skipped,skipped,skipped,,5
1063,Claire GALLAGHER (SNP),skipped,skipped,skipped,skipped,,5
1064,Claire GALLAGHER (SNP),skipped,skipped,skipped,skipped,,5
1065,Claire GALLAGHER (SNP),skipped,skipped,skipped,skipped,,5
1066,Claire GALLAGHER (SNP),skipped,skipped,skipped,skipped,,5
1067,Claire GALLAGHER (SNP),skipped,skipped,skipped,skipped,,5
1068,Claire GALLAGHER (SNP),skipped,skipped,skipped,skipped,,5
1069,Claire GALLAGHER (SNP),skipped,skipped,skipped,skipped,,5
1070,Claire GALLAGHER (SNP),skipped,skipped,skipped,skipped,,5
1071,Claire GALLAGHER (SNP),skipped,skipped,skipped,skipped,,5
1072,Claire GALLAGHER (SNP),skipped,skipped,skipped,skipped,,5
1073,Claire GALLAGHER (SNP),skipped,skipped,skipped,skipped,,5
1074,Claire GALLAGHER (SNP),skipped,skipped,skipped,skipped,,5
1075,Claire GALLAGHER (SNP),skipped,skipped,skipped,skipped,,5
1076,Claire GALLAGHER (SNP),skipped,skipped,skipped,skipped,,5
1077,Claire GALLAGHER (SNP),skipped,skipped,skipped,skipped,,5
1078,Claire GALLAGHER (SNP),skipped,skipped,skipped,skipped,,5
1079,Claire GALLAGHER (SNP),skipped,skipped,skipped,skipped,,5
1080,Claire GALLAGHER (SNP),skipped,skipped,skipped,skipped,,5
1081,Claire GALLAGHER (SNP),skipped,skipped,skipped,skipped,,5
1082,Claire GALLAGHER (SNP),skipped,skipped,skipped,skipped,,5
1083,Claire GALLAGHER (SNP),skipped,skipped,skipped,skipped,,5
1084,Claire GALLAGHER (SNP),skipped,skipped,skipped,skipped,,5
1085,Claire GALLAGHER (SNP),skipped,skipped,skipped,skipped,,5
1086,Claire GALLAGHER (SNP),skipped,skipped,skipped,skipped,,5
1087,Claire GALLAGHER (SNP),skipped,skipped,skipped,skipped,,5
1088,Claire GALLAGHER (SNP),skipped,skipped,skipped,skipped,,5
1089,Claire GALLAGHER (SNP),skipped,skipped,skipped,skipped,,5
1090,Claire GALLAGHER (SNP),skipped,skipped,skipped,skipped,,5
1091,Claire GALLAGHER (SNP),skipped,skipped,skipped,skipped,,5
1092,Claire GALLAGHER (SNP),skipped,skipped,skipped,skipped,,5
1093,Claire GALLAGHER (SNP),skipped,skipped,skipped,skipped,,5
1094,Claire GALLAGHER (SNP),skipped,skipped,skipped,skipped,,5
1095,Claire GALLAGHER (SNP),skipped,skipped,skipped,skipped,,5
1096,Claire GALLAGHER (SNP),skipped,skipped,skipped,skipped,,5
1097,Claire GALLAGHER (SNP),skipped,skipped,skipped,skipped,,5
1098,Claire GALLAGHER (SNP),skipped,skipped,skipped,skipped,,5
1099,Claire GALLAGHER (SNP),skipped,skipped,skipped,skipped,,5
1100,Claire GALLAGHER (SNP),skipped,skipped,skipped,skipped,,5
1101,Claire GALLAGHER (SNP),skipped,skipped,skipped,skipped,,5
1102,Claire GALLAGHER (SNP),skipped,skipped,skipped,skipped,,5
1103,Claire GALLAGHER (SNP),skipped,skipped,skipped,skipped,,5
1104,Claire GALLAGHER (SNP),skipped,skipped,skipped,skipped,,5
1105,Claire GALLAGHER (SNP),skipped,skipped,skipped,skipped,,5
1106,Claire GALLAGHER (SNP),skipped,skipped,skipped,skipped,,5
1107,Claire GALLAGHER (SNP),skipped,skipped,skipped,skipped,,5
1108,Claire GALLAGHER (SNP),skipped,skipped,skipped,skipped,,5
1109,Claire GALLAGHER (SNP),skipped,skipped,skipped,skipped,,5
1110,Claire GALLAGHER (SNP),skipped,skipped,skipped,skipped,,5
1111,Claire GALLAGHER (SNP),skipped,skipped,skipped,skipped,,5
1112,Claire GALLAGHER (SNP),skipped,skipped,skipped,skipped,,5
1113,Claire GALLAGHER (SNP),skipped,skipped,skipped,skipped,,5
1114,Claire GALLAGHER (SNP),skipped,skipped,skipped,skipped,,5
1115,Claire GALLAGHER (SNP),skipped,skipped,skipped,skipped,,5
1116,Claire GALLAGHER (SNP),skipped,skipped,skipped,skipped,,5
1117,Claire GALLAGHER (SNP),skipped,skipped,skipped,skipped,,5
1118,Claire GALLAGHER (SNP),skipped,skipped,skipped,skipped,,5
1119,Claire GALLAGHER (SNP),skipped,skipped,skipped,skipped,,5
1120,Claire GALLAGHER (SNP),skipped,skipped,skipped,skipped,,5
1121,Claire GALLAGHER (SNP),skipped,skipped,skipped,skipped,,5
1122,Claire GALLAGHER (SNP),skipped,skipped,skipped,skipped,,5
1123,Claire GALLAGHER (SNP),skipped,skipped,skipped,skipped,,5
1124,Claire GALLAGHER (SNP),skipped,skipped,skipped,skipped,,5
1125,Claire GALLAGHER (SNP),skipped,skipped,skipped,skipped,,5
1126,Claire GALLAGHER (SNP),skipped,skipped,skipped,skipped,,5
1127,Claire GALLAGHER (SNP),skipped,skipped,skipped,skipped,,5
1128,Claire GALLAGHER (SNP),skipped,skipped,skipped,skipped,,5
1129,Claire GALLAGHER (SNP),skipped,skipped,skipped,skipped,,5
1130,Claire GALLAGHER (SNP),skipped,skipped,skipped,skipped,,5
1131,Claire GALLAGHER (SNP),skipped,skipped,skipped,skipped,,5
1132,Claire GALLAGHER (SNP),skipped,skipped,skipped,skipped,,5
1133,Claire GALLAGHER (SNP),skipped,skipped,skipped,skipped,,5
1134,Claire GALLAGHER (SNP),skipped,skipped,skipped,skipped,,5
1135,Claire GALLAGHER (SNP),skipped,skipped,skipped,skipped,,5
1136,Claire GALLAGHER (SNP),skipped,skipped,skipped,skipped,,5
1137,Claire GALLAGHER (SNP),skipped,skipped,skipped,skipped,,5
1138,Claire GALLAGHER (SNP),skipped,skipped,skipped,skipped,,5
1139,Claire GALLAGHER (SNP),skipped,skipped,skipped,skipped,,5
1140,Claire GALLAGHER (SNP),skipped,skipped,skipped,skipped,,5
1141,Claire GALLAGHER (SNP),skipped,skipped,skipped,skipped,,5
1142,Claire GALLAGHER (SNP),skipped,skipped,skipped,skipped,,5
1143,Claire GALLAGHER (SNP),skipped,skipped,skipped,skipped,,5
1144,Claire GALLAGHER (SNP),skipped,skipped,skipped,skipped,,5
1145,Claire GALLAGHER (SNP),skipped,skipped,skipped,skipped,,5
1146,Claire GALLAGHER (SNP),skipped,skipped,skipped,skipped,,5
1147,Claire GALLAGHER (SNP),skipped,skipped,skipped,skipped,,5
1148,Claire GALLAGHER (SNP),skipped,skipped,skipped,skipped,,5
1149,Claire GALLAGHER (SNP),skipped,skipped,skipped,skipped,,5
1150,Claire GALLAGHER (SNP),skipped,skipped,skipped,skipped,,5
1151,Claire GALLAGHER (SNP),skipped,skipped,skipped,skipped,,5
1152,Claire GALLAGHER (SNP),skipped,skipped,skipped,skipped,,5
1153,Claire GALLAGHER (SNP),skipped,skipped,skipped,skipped,,5
1154,Claire GALLAGHER (SNP),skipped,skipped,skipped,skipped,,5
1155,Claire GALLAGHER (SNP),skipped,skipped,skipped,skipped,,5
1156,Claire GALLAGHER (SNP),skipped,skipped,skipped,skipped,,5
1157,Claire GALLAGHER (SNP),skipped,skipped,skipped,skipped,,5
1158,Claire GALLAGHER (SNP),skipped,skipped,skipped,skipped,,5
1159,Claire GALLAGHER (SNP),skipped,skipped,skipped,skipped,,5
1160,Claire GALLAGHER (SNP),skipped,skipped,skipped,skipped,,5
1161,Claire GALLAGHER (SNP),skipped,skipped,skipped,skipped,,5
1162,Claire GALLAGHER (SNP),skipped,skipped,skipped,skipped,,5
1163,Claire GALLAGHER (SNP),skipped,skipped,skipped,skipped,,5
1164,Claire GALLAGHER (SNP),skipped,skipped,skipped,skipped,,5
1165,Claire GALLAGHER (SNP),skipped,skipped,skipped,skipped,,5
1166,Claire GALLAGHER (SNP),skipped,skipped,skipped,skipped,,5
1167,Claire GALLAGHER (SNP),skipped,skipped,skipped,skipped,,5
1168,Claire GALLAGHER (SNP),skipped,skipped,skipped,skipped,,5
1169,Claire GALLAGHER (SNP),skipped,skipped,skipped,skipped,,5
1170,Claire GALLAGHER (SNP),skipped,skipped,skipped,skipped,,5
1171,Claire GALLAGHER (SNP),skipped,skipped,skipped,skipped,,5
1172,Claire GALLAGHER (SNP),skipped,skipped,skipped,skipped,,5
1173,Claire GALLAGHER (SNP),skipped,skipped,skipped,skipped,,5
1174,Claire GALLAGHER (SNP),skipped,skipped,skipped,skipped,,5
1175,Claire GALLAGHER (SNP),skipped,skipped,skipped,skipped,,5
1176,Claire GALLAGHER (SNP),skipped,skipped,skipped,skipped,,5
1177,Claire GALLAGHER (SNP),skipped,skipped,skipped,skipped,,5
1178,Claire GALLAGHER (SNP),skipped,skipped,skipped,skipped,,5
1179,Claire GALLAGHER (SNP),skipped,skipped,skipped,skipped,,5
1180,Claire GALLAGHER (SNP),skipped,skipped,skipped,skipped,,5
1181,Claire GALLAGHER (SNP),skipped,skipped,skipped,skipped,,5
1182,Claire GALLAGHER (SNP),skipped,skipped,skipped,skipped,,5
1183,Claire GALLAGHER (SNP),skipped,skipped,skipped,skipped,,5
1184,Claire GALLAGHER (SNP),skipped,skipped,skipped,skipped,,5
1185,Claire GALLAGHER (SNP),skipped,skipped,skipped,skipped,,5
1186,Claire GALLAGHER (SNP),skipped,skipped,skipped,skipped,,5
1187,Claire GALLAGHER (SNP),skipped,skipped,skipped,skipped,,5
1188,Claire GALLAGHER (SNP),skipped,skipped,skipped,skipped,,5
1189,Claire GALLAGHER (SNP),skipped,skipped,skipped,skipped,,5
1190,Claire GALLAGHER (SNP),skipped,skipped,skipped,skipped,,5
1191,Claire GALLAGHER (SNP),skipped,skipped,skipped,skipped,,5
1192,Claire GALLAGHER (SNP),skipped,skipped,skipped,skipped,,5
1193,Claire GALLAGHER (SNP),skipped,skipped,skipped,skipped,,5
1194,Claire GALLAGHER (SNP),skipped,skipped,skipped,skipped,,5
1195,Claire GALLAGHER (SNP),skipped,skipped,skipped,skipped,,5
1196,Claire GALLAGHER (SNP),skipped,skipped,skipped,skipped,,5
1197,Claire GALLAGHER (SNP),skipped,skipped,skipped,skipped,,5
1198,Claire GALLAGHER (SNP),skipped,skipped,skipped,skipped,,5
1199,Claire GALLAGHER (SNP),skipped,skipped,skipped,skipped,,5
1200,Claire GALLAGHER (SNP),skipped,skipped,skipped,skipped,,5
1201,Claire GALLAGHER (SNP),skipped,skipped,skipped,skipped,,5
1202,Claire GALLAGHER (SNP),skipped,skipped,skipped,skipped,,5
1203,Claire GALLAGHER (SNP),skipped,skipped,skipped,skipped,,5
1204,Claire GALLAGHER (SNP),skipped,skipped,skipped,skipped,,5
1205,Claire GALLAGHER (SNP),skipped,skipped,skipped,skipped,,5
1206,Claire GALLAGHER (SNP),skipped,skipped,skipped,skipped,,5
1207,Claire GALLAGHER (SNP),skipped,skipped,skipped,skipped,,5
1208,Claire GALLAGHER (SNP),skipped,skipped,skipped,skipped,,5
1209,Claire GALLAGHER (SNP),skipped,skipped,skipped,skipped,,5
1210,Claire GALLAGHER (SNP),skipped,skipped,skipped,skipped,,5
1211,Claire GALLAGHER (SNP),skipped,skipped,skipped,skipped,,5
1212,Claire GALLAGHER (SNP),skipped,skipped,skipped,skipped,,5
1213,Claire GALLAGHER (SNP),skipped,skipped,skipped,skipped,,5
1214,Claire GALLAGHER (SNP),skipped,skipped,skipped,skipped,,5
1215,Claire GALLAGHER (SNP),skipped,skipped,skipped,skipped,,5
1216,Claire GALLAGHER (SNP),skipped,skipped,skipped,skipped,,5
1217,Claire GALLAGHER (SNP),skipped,skipped,skipped,skipped,,5
1218,Claire GALLAGHER (SNP),skipped,skipped,skipped,skipped,,5
1219,Claire GALLAGHER (SNP),skipped,skipped,skipped,skipped,,5
1220,Claire GALLAGHER (SNP),skipped,skipped,skipped,skipped,,5
1221,Claire GALLAGHER (SNP),skipped,skipped,skipped,skipped,,5
1222,Claire GALLAGHER (SNP),skipped,skipped,skipped,skipped,,5
1223,Claire GALLAGHER (SNP),skipped,skipped,skipped,skipped,,5
1224,Claire GALLAGHER (SNP),skipped,skipped,skipped,skipped,,5
1225,Claire GALLAGHER (SNP),skipped,skipped,skipped,skipped,,5
1226,Claire GALLAGHER (SNP),skipped,skipped,skipped,skipped,,5
1227,Claire GALLAGHER (SNP),skipped,skipped,skipped,skipped,,5
1228,Claire GALLAGHER (SNP),skipped,skipped,skipped,skipped,,5
1229,Claire GALLAGHER (SNP),skipped,skipped,skipped,skipped,,5
1230,Claire GALLAGHER (SNP),skipped,skipped,skipped,skipped,,5
1231,Claire GALLAGHER (SNP),skipped,skipped,skipped,skipped,,5
1232,Claire GALLAGHER (SNP),skipped,skipped,skipped,skipped,,5
1233,Claire GALLAGHER (SNP),skipped,skipped,skipped,skipped,,5
1234,Claire GALLAGHER (SNP),skipped,skipped,skipped,skipped,,5
1235,Claire GALLAGHER (SNP),skipped,skipped,skipped,skipped,,5
1236,Claire GALLAGHER (SNP),skipped,skipped,skipped,skipped,,5
1237,Claire GALLAGHER (SNP),skipped,skipped,skipped,skipped,,5
1238,Claire GALLAGHER (SNP),skipped,skipped,skipped,skipped,,5
1239,Claire GALLAGHER (SNP),skipped,skipped,skipped,skipped,,5
1240,Claire GALLAGHER (SNP),skipped,skipped,skipped,skipped,,5
1241,Claire GALLAGHER (SNP),skipped,skipped,skipped,skipped,,5
1242,Claire GALLAGHER (SNP),skipped,skipped,skipped,skipped,,5
1243,Claire GALLAGHER (SNP),skipped,skipped,skipped,skipped,,5
1244,Claire GALLAGHER (SNP),skipped,skipped,skipped,skipped,,5
1245,Claire GALLAGHER (SNP),skipped,skipped,skipped,skipped,,5
1246,Claire GALLAGHER (SNP),skipped,skipped,skipped,skipped,,5
1247,Claire GALLAGHER (SNP),skipped,skipped,skipped,skipped,,5
1248,Claire GALLAGHER (SNP),skipped,skipped,skipped,skipped,,5
1249,Claire GALLAGHER (SNP),skipped,skipped,skipped,skipped,,5
1250,Claire GALLAGHER (SNP),skipped,skipped,skipped,skipped,,5
1251,Claire GALLAGHER (SNP),Lawrence O'NEILL (Lab),skipped,skipped,skipped,,5
1252,Claire GALLAGHER (SNP),Lawrence O'NEILL (Lab),skipped,skipped,skipped,,5
1253,Claire GALLAGHER (SNP),Lawrence O'NEILL (Lab),skipped,skipped,skipped,,5
1254,Claire GALLAGHER (SNP),Lawrence O'NEILL (Lab),skipped,skipped,skipped,,5
1255,Claire GALLAGHER (SNP),Lawrence O'NEILL (Lab),skipped,skipped,skipped,,5
1256,Claire GALLAGHER (SNP),Lawrence O'NEILL (Lab),skipped,skipped,skipped,,5
1257,Claire GALLAGHER (SNP),Lawrence O'NEILL (Lab),skipped,skipped,skipped,,5
1258,Claire GALLAGHER (SNP),Lawrence O'NEILL (Lab),skipped,skipped,skipped,,5
1259,Claire GALLAGHER (SNP),Lawrence O'NEILL (Lab),skipped,skipped,skipped,,5
1260,Claire GALLAGHER (SNP),Lawrence O'NEILL (Lab),skipped,skipped,skipped,,5
1261,Claire GALLAGHER (SNP),Lawrence O'NEILL (Lab),skipped,skipped,skipped,,5
1262,Claire GALLAGHER (SNP),Lawrence O'NEILL (Lab),skipped,skipped,skipped,,5
1263,Claire GALLAGHER (SNP),Lawrence O'NEILL (Lab),skipped,skipped,skipped,,5
1264,Claire GALLAGHER (SNP),Lawrence O'NEILL (Lab),skipped,skipped,skipped,,5
1265,Claire GALLAGHER (SNP),Lawrence O'NEILL (Lab),skipped,skipped,skipped,,5
1266,Claire GALLAGHER (SNP),Lawrence O'NEILL (Lab),skipped,skipped,skipped,,5
1267,Claire GALLAGHER (SNP),Lawrence O'NEILL (Lab),skipped,skipped,skipped,,5
1268,Claire GALLAGHER (SNP),Lawrence O'NEILL (Lab),skipped,skipped,skipped,,5
1269,Claire GALLAGHER (SNP),Lawrence O'NEILL (Lab),skipped,skipped,skipped,,5
1270,Claire GALLAGHER (SNP),Lawrence O'NEILL (Lab),skipped,skipped,skipped,,5
1271,Claire GALLAGHER (SNP),Lawrence O'NEILL (Lab),skipped,skipped,skipped,,5
1272,Claire GALLAGHER (SNP),Lawrence O'NEILL (Lab),skipped,skipped,skipped,,5
1273,Claire GALLAGHER (SNP),Lawrence O'NEILL (Lab),skipped,skipped,skipped,,5
1274,Claire GALLAGHER (SNP),Lawrence O'NEILL (Lab),skipped,skipped,skipped,,5
1275,Claire GALLAGHER (SNP),Lawrence O'NEILL (Lab),skipped,skipped,skipped,,5
1276,Claire GALLAGHER (SNP),Lawrence O'NEILL (Lab),skipped,skipped,skipped,,5
1277,Claire GALLAGHER (SNP),Lawrence O'NEILL (Lab),skipped,skipped,skipped,,5
1278,Claire GALLAGHER (SNP),Lawrence O'NEILL (Lab),skipped,skipped,skipped,,5
1279,Claire GALLAGHER (SNP),Lawrence O'NEILL (Lab),skipped,skipped,skipped,,5
1280,Claire GALLAGHER (SNP),Lawrence O'NEILL (Lab),skipped,skipped,skipped,,5
1281,Claire GALLAGHER (SNP),Lawrence O'NEILL (Lab),skipped,skipped,skipped,,5
1282,Claire GALLAGHER (SNP),Lawrence O'NEILL (Lab),skipped,skipped,skipped,,5
1283,Claire GALLAGHER (SNP),Lawrence O'NEILL (Lab),skipped,skipped,skipped,,5
1284,Claire GALLAGHER (SNP),Lawrence O'NEILL (Lab),skipped,skipped,skipped,,5
1285,Claire GALLAGHER (SNP),Lawrence O'NEILL (Lab),skipped,skipped,skipped,,5
1286,Claire GALLAGHER (SNP),Lawrence O'NEILL (Lab),skipped,skipped,skipped,,5
1287,Claire GALLAGHER (SNP),Lawrence O'NEILL (Lab),skipped,skipped,skipped,,5
1288,Claire GALLAGHER (SNP),Lawrence O'NEILL (Lab),skipped,skipped,skipped,,5
1289,Claire GALLAGHER (SNP),Lawrence O'NEILL (Lab),skipped,skipped,skipped,,5
1290,Claire GALLAGHER (SNP),Hermione SPENCER (Con),Douglas James MCALLISTER (Lab),skipped,skipped,,5
1291,Claire GALLAGHER (SNP),Hermione SPENCER (Con),Douglas James MCALLISTER (Lab),skipped,skipped,,5
1292,Claire GALLAGHER (SNP),Douglas James MCALLISTER (Lab),skipped,skipped,skipped,,5
1293,Claire GALLAGHER (SNP),Douglas James MCALLISTER (Lab),skipped,skipped,skipped,,5
1294,Claire GALLAGHER (SNP),Douglas James MCALLISTER (Lab),skipped,skipped,skipped,,5
1295,Claire GALLAGHER (SNP),Douglas James MCALLISTER (Lab),skipped,skipped,skipped,,5
1296,Claire GALLAGHER (SNP),Douglas James MCALLISTER (Lab),skipped,skipped,skipped,,5
1297,Claire GALLAGHER (SNP),Douglas James MCALLISTER (Lab),skipped,skipped,skipped,,5
1298,Claire GALLAGHER (SNP),Douglas James MCALLISTER (Lab),skipped,skipped,skipped,,5
1299,Claire GALLAGHER (SNP),Douglas James MCALLISTER (Lab),skipped,skipped,skipped,,5
1300,Claire GALLAGHER (SNP),Douglas James MCALLISTER (Lab),skipped,skipped,skipped,,5
1301,Claire GALLAGHER (SNP),Douglas James MCALLISTER (Lab),skipped,skipped,skipped,,5
1302,Claire GALLAGHER (SNP),Douglas James MCALLISTER (Lab),skipped,skipped,skipped,,5
1303,Claire GALLAGHER (SNP),Douglas James MCALLISTER (Lab),skipped,skipped,skipped,,5
1304,Claire GALLAGHER (SNP),Douglas James MCALLISTER (Lab),skipped,skipped,skipped,,5
1305,Claire GALLAGHER (SNP),Douglas James MCALLISTER (Lab),skipped,skipped,skipped,,5
1306,Claire GALLAGHER (SNP),Douglas James MCALLISTER (Lab),skipped,skipped,skipped,,5
1307,Claire GALLAGHER (SNP),Douglas James MCALLISTER (Lab),skipped,skipped,skipped,,5
1308,Claire GALLAGHER (SNP),Douglas James MCALLISTER (Lab),skipped,skipped,skipped,,5
1309,Claire GALLAGHER (SNP),Douglas James MCALLISTER (Lab),Hermione SPENCER (Con),skipped,skipped,,5
1310,Claire GALLAGHER (SNP),Douglas James MCALLISTER (Lab),Hermione SPENCER (Con),skipped,skipped,,5
1311,Claire GALLAGHER (SNP),Douglas James MCALLISTER (Lab),Hermione SPENCER (Con),skipped,skipped,,5
1312,Claire GALLAGHER (SNP),Douglas James MCALLISTER (Lab),Hermione SPENCER (Con),skipped,skipped,,5
1313,Claire GALLAGHER (SNP),Douglas James MCALLISTER (Lab),Hermione SPENCER (Con),skipped,skipped,,5
1314,Claire GALLAGHER (SNP),Douglas James MCALLISTER (Lab),Hermione SPENCER (Con),skipped,skipped,,5
1315,Claire GALLAGHER (SNP),Douglas James MCALLISTER (Lab),Hermione SPENCER (Con),skipped,skipped,,5
1316,Claire GALLAGHER (SNP),Douglas James MCALLISTER (Lab),Hermione SPENCER (Con),skipped,skipped,,5
1317,Claire GALLAGHER (SNP),Douglas James MCALLISTER (Lab),Hermione SPENCER (Con),skipped,skipped,,5
1318,Claire GALLAGHER (SNP),Douglas James MCALLISTER (Lab),Hermione SPENCER (Con),skipped,skipped,,5
1319,Claire GALLAGHER (SNP),Douglas James MCALLISTER (Lab),Hermione SPENCER (Con),skipped,skipped,,5
1320,Claire GALLAGHER (SNP),Douglas James MCALLISTER (Lab),Hermione SPENCER (Con),skipped,skipped,,5
1321,Claire GALLAGHER (SNP),Douglas James MCALLISTER (Lab),Hermione SPENCER (Con),skipped,skipped,,5
1322,Claire GALLAGHER (SNP),Douglas James MCALLISTER (Lab),Hermione SPENCER (Con),skipped,skipped,,5
1323,Claire GALLAGHER (SNP),Douglas James MCALLISTER (Lab),Hermione SPENCER (Con),skipped,skipped,,5
1324,Claire GALLAGHER (SNP),Douglas James MCALLISTER (Lab),Hermione SPENCER (Con),skipped,skipped,,5
1325,Claire GALLAGHER (SNP),Douglas James MCALLISTER (Lab),Hermione SPENCER (Con),skipped,skipped,,5
1326,Claire GALLAGHER (SNP),Douglas James MCALLISTER (Lab),Hermione SPENCER (Con),skipped,skipped,,5
1327,Claire GALLAGHER (SNP),Douglas James MCALLISTER (Lab),Hermione SPENCER (Con),skipped,skipped,,5
1328,Claire GALLAGHER (SNP),Douglas James MCALLISTER (Lab),Hermione SPENCER (Con),skipped,skipped,,5
1329,Claire GALLAGHER (SNP),Douglas James MCALLISTER (Lab),Hermione SPENCER (Con),skipped,skipped,,5
1330,Claire GALLAGHER (SNP),Douglas James MCALLISTER (Lab),Hermione SPENCER (Con),skipped,skipped,,5
1331,Claire GALLAGHER (SNP),Douglas James MCALLISTER (Lab),Hermione SPENCER (Con),skipped,skipped,,5
1332,Claire GALLAGHER (SNP),Douglas James MCALLISTER (Lab),Hermione SPENCER (Con),skipped,skipped,,5
1333,Claire GALLAGHER (SNP),Douglas James MCALLISTER (Lab),Hermione SPENCER (Con),skipped,skipped,,5
1334,Claire GALLAGHER (SNP),Douglas James MCALLISTER (Lab),Hermione SPENCER (Con),skipped,skipped,,5
1335,Claire GALLAGHER (SNP),Douglas James MCALLISTER (Lab),Hermione SPENCER (Con),skipped,skipped,,5
1336,Claire GALLAGHER (SNP),Douglas James MCALLISTER (Lab),Hermione SPENCER (Con),skipped,skipped,,5
1337,Claire GALLAGHER (SNP),Douglas James MCALLISTER (Lab),Hermione SPENCER (Con),skipped,skipped,,5
1338,Claire GALLAGHER (SNP),Douglas James MCALLISTER (Lab),Hermione SPENCER (Con),skipped,skipped,,5
1339,Claire GALLAGHER (SNP),Hermione SPENCER (Con),skipped,skipped,skipped,,5
1340,Claire GALLAGHER (SNP),Hermione SPENCER (Con),skipped,skipped,skipped,,5
1341,Claire GALLAGHER (SNP),Hermione SPENCER (Con),skipped,skipped,skipped,,5
1342,Claire GALLAGHER (SNP),Hermione SPENCER (Con),skipped,skipped,skipped,,5
1343,Claire GALLAGHER (SNP),Hermione SPENCER (Con),skipped,skipped,skipped,,5
1344,Claire GALLAGHER (SNP),Hermione SPENCER (Con),skipped,skipped,skipped,,5
1345,Claire GALLAGHER (SNP),Hermione SPENCER (Con),skipped,skipped,skipped,,5
1346,Claire GALLAGHER (SNP),Hermione SPENCER (Con),skipped,skipped,skipped,,5
1347,Claire GALLAGHER (SNP),Hermione SPENCER (Con),skipped,skipped,skipped,,5
1348,Claire GALLAGHER (SNP),Hermione SPENCER (Con),skipped,skipped,skipped,,5
1349,Claire GALLAGHER (SNP),Hermione SPENCER (Con),skipped,skipped,skipped,,5
1350,Claire GALLAGHER (SNP),Hermione SPENCER (Con),skipped,skipped,skipped,,5
1351,Claire GALLAGHER (SNP),Hermione SPENCER (Con),skipped,skipped,skipped,,5
1352,Claire GALLAGHER (SNP),Hermione SPENCER (Con),skipped,skipped,skipped,,5
1353,Claire GALLAGHER (SNP),Hermione SPENCER (Con),skipped,skipped,skipped,,5
1354,Claire GALLAGHER (SNP),Hermione SPENCER (Con),skipped,skipped,skipped,,5
1355,Claire GALLAGHER (SNP),Hermione SPENCER (Con),skipped,skipped,skipped,,5
1356,Claire GALLAGHER (SNP),Hermione SPENCER (Con),skipped,skipped,skipped,,5
1357,Claire GALLAGHER (SNP),Hermione SPENCER (Con),skipped,skipped,skipped,,5
1358,Claire GALLAGHER (SNP),Hermione SPENCER (Con),skipped,skipped,skipped,,5
1359,Claire GALLAGHER (SNP),Hermione SPENCER (Con),skipped,skipped,skipped,,5
1360,Claire GALLAGHER (SNP),Hermione SPENCER (Con),skipped,skipped,skipped,,5
1361,Claire GALLAGHER (SNP),Hermione SPENCER (Con),skipped,skipped,skipped,,5
1362,Claire GALLAGHER (SNP),Hermione SPENCER (Con),skipped,skipped,skipped,,5
1363,Claire GALLAGHER (SNP),Hermione SPENCER (Con),Douglas James MCALLISTER (Lab),skipped,skipped,,5
1364,Claire GALLAGHER (SNP),Hermione SPENCER (Con),Douglas James MCALLISTER (Lab),skipped,skipped,,5
1365,Claire GALLAGHER (SNP),Hermione SPENCER (Con),Douglas James MCALLISTER (Lab),skipped,skipped,,5
1366,Claire GALLAGHER (SNP),Hermione SPENCER (Con),Douglas James MCALLISTER (Lab),skipped,skipped,,5
1367,Claire GALLAGHER (SNP),Hermione SPENCER (Con),Douglas James MCALLISTER (Lab),skipped,skipped,,5
1368,Claire GALLAGHER (SNP),Hermione SPENCER (Con),Douglas James MCALLISTER (Lab),skipped,skipped,,5
1369,Claire GALLAGHER (SNP),Hermione SPENCER (Con),Douglas James MCALLISTER (Lab),skipped,skipped,,5
1370,Claire GALLAGHER (SNP),Hermione SPENCER (Con),Douglas James MCALLISTER (Lab),skipped,skipped,,5
1371,Claire GALLAGHER (SNP),Hermione SPENCER (Con),Douglas James MCALLISTER (Lab),skipped,skipped,,5
1372,Claire GALLAGHER (SNP),Hermione SPENCER (Con),Douglas James MCALLISTER (Lab),skipped,skipped,,5
1373,Claire GALLAGHER (SNP),Hermione SPENCER (Con),Douglas James MCALLISTER (Lab),skipped,skipped,,5
1374,Claire GALLAGHER (SNP),Hermione SPENCER (Con),Douglas James MCALLISTER (Lab),skipped,skipped,,5
1375,Claire GALLAGHER (SNP),Hermione SPENCER (Con),Douglas James MCALLISTER (Lab),skipped,skipped,,5
1376,Claire GALLAGHER (SNP),Hermione SPENCER (Con),Douglas James MCALLISTER (Lab),skipped,skipped,,5
1377,Claire GALLAGHER (SNP),Hermione SPENCER (Con),Douglas James MCALLISTER (Lab),skipped,skipped,,5
1378,Claire GALLAGHER (SNP),Douglas James MCALLISTER (Lab),skipped,skipped,skipped,,5
1379,Claire GALLAGHER (SNP),Douglas James MCALLISTER (Lab),skipped,skipped,skipped,,5
1380,Claire GALLAGHER (SNP),Douglas James MCALLISTER (Lab),skipped,skipped,skipped,,5
1381,Claire GALLAGHER (SNP),Douglas James MCALLISTER (Lab),skipped,skipped,skipped,,5
1382,Claire GALLAGHER (SNP),Douglas James MCALLISTER (Lab),skipped,skipped,skipped,,5
1383,Claire GALLAGHER (SNP),Douglas James MCALLISTER (Lab),skipped,skipped,skipped,,5
1384,Claire GALLAGHER (SNP),Douglas James MCALLISTER (Lab),skipped,skipped,skipped,,5
1385,Claire GALLAGHER (SNP),Douglas James MCALLISTER (Lab),skipped,skipped,skipped,,5
1386,Claire GALLAGHER (SNP),Douglas James MCALLISTER (Lab),skipped,skipped,skipped,,5
1387,Claire GALLAGHER (SNP),Douglas James MCALLISTER (Lab),skipped,skipped,skipped,,5
1388,Claire GALLAGHER (SNP),Douglas James MCALLISTER (Lab),skipped,skipped,skipped,,5
1389,Claire GALLAGHER (SNP),Douglas James MCALLISTER (Lab),skipped,skipped,skipped,,5
1390,Claire GALLAGHER (SNP),Douglas James MCALLISTER (Lab),skipped,skipped,skipped,,5
1391,Claire GALLAGHER (SNP),Douglas James MCALLISTER (Lab),skipped,skipped,skipped,,5
1392,Claire GALLAGHER (SNP),Douglas James MCALLISTER (Lab),skipped,skipped,skipped,,5
1393,Claire GALLAGHER (SNP),Douglas James MCALLISTER (Lab),skipped,skipped,skipped,,5
1394,Claire GALLAGHER (SNP),Douglas James MCALLISTER (Lab),skipped,skipped,skipped,,5
1395,Claire GALLAGHER (SNP),Douglas James MCALLISTER (Lab),skipped,skipped,skipped,,5
1396,Claire GALLAGHER (SNP),Douglas James MCALLISTER (Lab),skipped,skipped,skipped,,5
1397,Claire GALLAGHER (SNP),Douglas James MCALLISTER (Lab),skipped,skipped,skipped,,5
1398,Claire GALLAGHER (SNP),Douglas James MCALLISTER (Lab),skipped,skipped,skipped,,5
1399,Claire GALLAGHER (SNP),Douglas James MCALLISTER (Lab),skipped,skipped,skipped,,5
1400,Claire GALLAGHER (SNP),Douglas James MCALLISTER (Lab),skipped,skipped,skipped,,5
1401,Claire GALLAGHER (SNP),Douglas James MCALLISTER (Lab),skipped,skipped,skipped,,5
1402,Claire GALLAGHER (SNP),Douglas James MCALLISTER (Lab),skipped,skipped,skipped,,5
1403,Claire GALLAGHER (SNP),Douglas James MCALLISTER (Lab),skipped,skipped,skipped,,5
1404,Claire GALLAGHER (SNP),Douglas James MCALLISTER (Lab),skipped,skipped,skipped,,5
1405,Claire GALLAGHER (SNP),Douglas James MCALLISTER (Lab),skipped,skipped,skipped,,5
1406,Claire GALLAGHER (SNP),Douglas James MCALLISTER (Lab),skipped,skipped,skipped,,5
1407,Claire GALLAGHER (SNP),Douglas James MCALLISTER (Lab),skipped,skipped,skipped,,5
1408,Claire GALLAGHER (SNP),Douglas James MCALLISTER (Lab),skipped,skipped,skipped,,5
1409,Claire GALLAGHER (SNP),Douglas James MCALLISTER (Lab),skipped,skipped,skipped,,5
1410,Claire GALLAGHER (SNP),Douglas James MCALLISTER (Lab),skipped,skipped,skipped,,5
1411,Claire GALLAGHER (SNP),Douglas James MCALLISTER (Lab),skipped,skipped,skipped,,5
1412,Claire GALLAGHER (SNP),Douglas James MCALLISTER (Lab),skipped,skipped,skipped,,5
1413,Claire GALLAGHER (SNP),Douglas James MCALLISTER (Lab),skipped,skipped,skipped,,5
1414,Claire GALLAGHER (SNP),Douglas James MCALLISTER (Lab),skipped,skipped,skipped,,5
1415,Claire GALLAGHER (SNP),Douglas James MCALLISTER (Lab),skipped,skipped,skipped,,5
1416,Claire GALLAGHER (SNP),Douglas James MCALLISTER (Lab),skipped,skipped,skipped,,5
1417,Claire GALLAGHER (SNP),Douglas James MCALLISTER (Lab),skipped,skipped,skipped,,5
1418,Claire GALLAGHER (SNP),Douglas James MCALLISTER (Lab),skipped,skipped,skipped,,5
1419,Claire GALLAGHER (SNP),Douglas James MCALLISTER (Lab),skipped,skipped,skipped,,5
1420,Claire GALLAGHER (SNP),Douglas James MCALLISTER (Lab),skipped,skipped,skipped,,5
1421,Claire GALLAGHER (SNP),Douglas James MCALLISTER (Lab),skipped,skipped,skipped,,5
1422,Claire GALLAGHER (SNP),Douglas James MCALLISTER (Lab),skipped,skipped,skipped,,5
1423,Claire GALLAGHER (SNP),Douglas James MCALLISTER (Lab),skipped,skipped,skipped,,5
1424,Claire GALLAGHER (SNP),Douglas James MCALLISTER (Lab),skipped,skipped,skipped,,5
1425,Claire GALLAGHER (SNP),Douglas James MCALLISTER (Lab),skipped,skipped,skipped,,5
1426,Claire GALLAGHER (SNP),Douglas James MCALLISTER (Lab),skipped,skipped,skipped,,5
1427,Claire GALLAGHER (SNP),Douglas James MCALLISTER (Lab),skipped,skipped,skipped,,5
1428,Claire GALLAGHER (SNP),Douglas James MCALLISTER (Lab),skipped,skipped,skipped,,5
1429,Claire GALLAGHER (SNP),Douglas James MCALLISTER (Lab),skipped,skipped,skipped,,5
1430,Claire GALLAGHER (SNP),Douglas James MCALLISTER (Lab),skipped,skipped,skipped,,5
1431,Claire GALLAGHER (SNP),Douglas James MCALLISTER (Lab),skipped,skipped,skipped,,5
1432,Claire GALLAGHER (SNP),Douglas James MCALLISTER (Lab),skipped,skipped,skipped,,5
1433,Claire GALLAGHER (SNP),Douglas James MCALLISTER (Lab),skipped,skipped,skipped,,5
1434,Claire GALLAGHER (SNP),Douglas James MCALLISTER (Lab),skipped,skipped,skipped,,5
1435,Claire GALLAGHER (SNP),Douglas James MCALLISTER (Lab),skipped,skipped,skipped,,5
1436,Claire GALLAGHER (SNP),Douglas James MCALLISTER (Lab),skipped,skipped,skipped,,5
1437,Claire GALLAGHER (SNP),Douglas James MCALLISTER (Lab),skipped,skipped,skipped,,5
1438,Claire GALLAGHER (SNP),Douglas James MCALLISTER (Lab),skipped,skipped,skipped,,5
1439,Claire GALLAGHER (SNP),Douglas James MCALLISTER (Lab),skipped,skipped,skipped,,5
1440,Claire GALLAGHER (SNP),Douglas James MCALLISTER (Lab),skipped,skipped,skipped,,5
1441,Claire GALLAGHER (SNP),Douglas James MCALLISTER (Lab),skipped,skipped,skipped,,5
1442,Claire GALLAGHER (SNP),Douglas James MCALLISTER (Lab),skipped,skipped,skipped,,5
1443,Claire GALLAGHER (SNP),Douglas James MCALLISTER (Lab),skipped,skipped,skipped,,5
1444,Claire GALLAGHER (SNP),Douglas James MCALLISTER (Lab),skipped,skipped,skipped,,5
1445,Claire GALLAGHER (SNP),Douglas James MCALLISTER (Lab),skipped,skipped,skipped,,5
1446,Claire GALLAGHER (SNP),Douglas James MCALLISTER (Lab),skipped,skipped,skipped,,5
1447,Claire GALLAGHER (SNP),Douglas James MCALLISTER (Lab),skipped,skipped,skipped,,5
1448,Claire GALLAGHER (SNP),Douglas James MCALLISTER (Lab),skipped,skipped,skipped,,5
1449,Claire GALLAGHER (SNP),Douglas James MCALLISTER (Lab),skipped,skipped,skipped,,5
1450,Claire GALLAGHER (SNP),Douglas James MCALLISTER (Lab),skipped,skipped,skipped,,5
1451,Claire GALLAGHER (SNP),Douglas James MCALLISTER (Lab),skipped,skipped,skipped,,5
1452,Claire GALLAGHER (SNP),Douglas James MCALLISTER (Lab),skipped,skipped,skipped,,5
1453,Claire GALLAGHER (SNP),Douglas James MCALLISTER (Lab),skipped,skipped,skipped,,5
1454,Claire GALLAGHER (SNP),Douglas James MCALLISTER (Lab),skipped,skipped,skipped,,5
1455,Claire GALLAGHER (SNP),Douglas James MCALLISTER (Lab),skipped,skipped,skipped,,5
1456,Claire GALLAGHER (SNP),Douglas James MCALLISTER (Lab),skipped,skipped,skipped,,5
1457,Claire GALLAGHER (SNP),Douglas James MCALLISTER (Lab),skipped,skipped,skipped,,5
1458,Claire GALLAGHER (SNP),Douglas James MCALLISTER (Lab),skipped,skipped,skipped,,5
1459,Claire GALLAGHER (SNP),Douglas James MCALLISTER (Lab),skipped,skipped,skipped,,5
1460,Claire GALLAGHER (SNP),Douglas James MCALLISTER (Lab),skipped,skipped,skipped,,5
1461,Claire GALLAGHER (SNP),Douglas James MCALLISTER (Lab),skipped,skipped,skipped,,5
1462,Claire GALLAGHER (SNP),Douglas James MCALLISTER (Lab),skipped,skipped,skipped,,5
1463,Claire GALLAGHER (SNP),Douglas James MCALLISTER (Lab),skipped,skipped,skipped,,5
1464,Claire GALLAGHER (SNP),Douglas James MCALLISTER (Lab),skipped,skipped,skipped,,5
1465,Claire GALLAGHER (SNP),Douglas James MCALLISTER (Lab),skipped,skipped,skipped,,5
1466,Claire GALLAGHER (SNP),Douglas James MCALLISTER (Lab),skipped,skipped,skipped,,5
1467,Claire GALLAGHER (SNP),Douglas James MCALLISTER (Lab),skipped,skipped,skipped,,5
1468,Claire GALLAGHER (SNP),Douglas James MCALLISTER (Lab),skipped,skipped,skipped,,5
1469,Claire GALLAGHER (SNP),Douglas James MCALLISTER (Lab),skipped,skipped,skipped,,5
1470,Claire GALLAGHER (SNP),Douglas James MCALLISTER (Lab),skipped,skipped,skipped,,5
1471,Claire GALLAGHER (SNP),Douglas James MCALLISTER (Lab),skipped,skipped,skipped,,5
1472,Claire GALLAGHER (SNP),Douglas James MCALLISTER (Lab),skipped,skipped,skipped,,5
1473,Claire GALLAGHER (SNP),Douglas James MCALLISTER (Lab),skipped,skipped,skipped,,5
1474,Claire GALLAGHER (SNP),Douglas James MCALLISTER (Lab),skipped,skipped,skipped,,5
1475,Claire GALLAGHER (SNP),Douglas James MCALLISTER (Lab),skipped,skipped,skipped,,5
1476,Claire GALLAGHER (SNP),Douglas James MCALLISTER (Lab),skipped,skipped,skipped,,5
1477,Claire GALLAGHER (SNP),Douglas James MCALLISTER (Lab),skipped,skipped,skipped,,5
1478,Claire GALLAGHER (SNP),Douglas James MCALLISTER (Lab),skipped,skipped,skipped,,5
1479,Claire GALLAGHER (SNP),Douglas James MCALLISTER (Lab),skipped,skipped,skipped,,5
1480,Claire GALLAGHER (SNP),Douglas James MCALLISTER (Lab),skipped,skipped,skipped,,5
1481,Claire GALLAGHER (SNP),Douglas James MCALLISTER (Lab),skipped,skipped,skipped,,5
1482,Claire GALLAGHER (SNP),Douglas James MCALLISTER (Lab),skipped,skipped,skipped,,5
1483,Claire GALLAGHER (SNP),Douglas James MCALLISTER (Lab),skipped,skipped,skipped,,5
1484,Claire GALLAGHER (SNP),Douglas James MCALLISTER (Lab),skipped,skipped,skipped,,5
1485,Claire GALLAGHER (SNP),Douglas James MCALLISTER (Lab),skipped,skipped,skipped,,5
1486,Claire GALLAGHER (SNP),Douglas James MCALLISTER (Lab),skipped,skipped,skipped,,5
1487,Claire GALLAGHER (SNP),Douglas James MCALLISTER (Lab),skipped,skipped,skipped,,5
1488,Claire GALLAGHER (SNP),Douglas James MCALLISTER (Lab),skipped,skipped,skipped,,5
1489,Claire GALLAGHER (SNP),Douglas James MCALLISTER (Lab),skipped,skipped,skipped,,5
1490,Claire GALLAGHER (SNP),Douglas James MCALLISTER (Lab),skipped,skipped,skipped,,5
1491,Claire GALLAGHER (SNP),Douglas James MCALLISTER (Lab),skipped,skipped,skipped,,5
1492,Claire GALLAGHER (SNP),Douglas James MCALLISTER (Lab),skipped,skipped,skipped,,5
1493,Claire GALLAGHER (SNP),Douglas James MCALLISTER (Lab),skipped,skipped,skipped,,5
1494,Claire GALLAGHER (SNP),Douglas James MCALLISTER (Lab),skipped,skipped,skipped,,5
1495,Claire GALLAGHER (SNP),Douglas James MCALLISTER (Lab),skipped,skipped,skipped,,5
1496,Claire GALLAGHER (SNP),Douglas James MCALLISTER (Lab),skipped,skipped,skipped,,5
1497,Claire GALLAGHER (SNP),Douglas James MCALLISTER (Lab),skipped,skipped,skipped,,5
1498,Claire GALLAGHER (SNP),Douglas James MCALLISTER (Lab),skipped,skipped,skipped,,5
1499,Claire GALLAGHER (SNP),Douglas James MCALLISTER (Lab),skipped,skipped,skipped,,5
1500,Claire GALLAGHER (SNP),Douglas James MCALLISTER (Lab),skipped,skipped,skipped,,5
1501,Claire GALLAGHER (SNP),Douglas James MCALLISTER (Lab),skipped,skipped,skipped,,5
1502,Claire GALLAGHER (SNP),Douglas James MCALLISTER (Lab),skipped,skipped,skipped,,5
1503,Claire GALLAGHER (SNP),Douglas James MCALLISTER (Lab),skipped,skipped,skipped,,5
1504,Claire GALLAGHER (SNP),Douglas James MCALLISTER (Lab),skipped,skipped,skipped,,5
1505,Claire GALLAGHER (SNP),Douglas James MCALLISTER (Lab),skipped,skipped,skipped,,5
1506,Claire GALLAGHER (SNP),Douglas James MCALLISTER (Lab),skipped,skipped,skipped,,5
1507,Claire GALLAGHER (SNP),Douglas James MCALLISTER (Lab),skipped,skipped,skipped,,5
1508,Claire GALLAGHER (SNP),Douglas James MCALLISTER (Lab),skipped,skipped,skipped,,5
1509,Claire GALLAGHER (SNP),Douglas James MCALLISTER (Lab),skipped,skipped,skipped,,5
1510,Claire GALLAGHER (SNP),Douglas James MCALLISTER (Lab),skipped,skipped,skipped,,5
1511,Claire GALLAGHER (SNP),Douglas James MCALLISTER (Lab),skipped,skipped,skipped,,5
1512,Claire GALLAGHER (SNP),Douglas James MCALLISTER (Lab),skipped,skipped,skipped,,5
1513,Claire GALLAGHER (SNP),Douglas James MCALLISTER (Lab),skipped,skipped,skipped,,5
1514,Claire GALLAGHER (SNP),Douglas James MCALLISTER (Lab),skipped,skipped,skipped,,5
1515,Claire GALLAGHER (SNP),Douglas James MCALLISTER (Lab),skipped,skipped,skipped,,5
1516,Claire GALLAGHER (SNP),Douglas James MCALLISTER (Lab),skipped,skipped,skipped,,5
1517,Claire GALLAGHER (SNP),Douglas James MCALLISTER (Lab),skipped,skipped,skipped,,5
1518,Claire GALLAGHER (SNP),Douglas James MCALLISTER (Lab),skipped,skipped,skipped,,5
1519,Claire GALLAGHER (SNP),Douglas James MCALLISTER (Lab),skipped,skipped,skipped,,5
1520,Claire GALLAGHER (SNP),Douglas James MCALLISTER (Lab),skipped,skipped,skipped,,5
1521,Claire GALLAGHER (SNP),Douglas James MCALLISTER (Lab),skipped,skipped,skipped,,5
1522,Claire GALLAGHER (SNP),Douglas James MCALLISTER (Lab),skipped,skipped,skipped,,5
1523,Claire GALLAGHER (SNP),Douglas James MCALLISTER (Lab),skipped,skipped,skipped,,5
1524,Claire GALLAGHER (SNP),Douglas James MCALLISTER (Lab),skipped,skipped,skipped,,5
1525,Claire GALLAGHER (SNP),Douglas James MCALLISTER (Lab),skipped,skipped,skipped,,5
1526,Claire GALLAGHER (SNP),Douglas James MCALLISTER (Lab),skipped,skipped,skipped,,5
1527,Claire GALLAGHER (SNP),Douglas James MCALLISTER (Lab),skipped,skipped,skipped,,5
1528,Claire GALLAGHER (SNP),Douglas James MCALLISTER (Lab),skipped,skipped,skipped,,5
1529,Claire GALLAGHER (SNP),Douglas James MCALLISTER (Lab),skipped,skipped,skipped,,5
1530,Claire GALLAGHER (SNP),Douglas James MCALLISTER (Lab),skipped,skipped,skipped,,5
1531,Claire GALLAGHER (SNP),Douglas James MCALLISTER (Lab),skipped,skipped,skipped,,5
1532,Claire GALLAGHER (SNP),Douglas James MCALLISTER (Lab),skipped,skipped,skipped,,5
1533,Claire GALLAGHER (SNP),Douglas James MCALLISTER (Lab),skipped,skipped,skipped,,5
1534,Claire GALLAGHER (SNP),Douglas James MCALLISTER (Lab),skipped,skipped,skipped,,5
1535,Claire GALLAGHER (SNP),Douglas James MCALLISTER (Lab),skipped,skipped,skipped,,5
1536,Claire GALLAGHER (SNP),Douglas James MCALLISTER (Lab),skipped,skipped,skipped,,5
1537,Claire GALLAGHER (SNP),Douglas James MCALLISTER (Lab),skipped,skipped,skipped,,5
1538,Claire GALLAGHER (SNP),Douglas James MCALLISTER (Lab),skipped,skipped,skipped,,5
1539,Claire GALLAGHER (SNP),Douglas James MCALLISTER (Lab),skipped,skipped,skipped,,5
1540,Claire GALLAGHER (SNP),Douglas James MCALLISTER (Lab),skipped,skipped,skipped,,5
1541,Claire GALLAGHER (SNP),Douglas James MCALLISTER (Lab),skipped,skipped,skipped,,5
1542,Claire GALLAGHER (SNP),Douglas James MCALLISTER (Lab),skipped,skipped,skipped,,5
1543,Claire GALLAGHER (SNP),Douglas James MCALLISTER (Lab),skipped,skipped,skipped,,5
1544,Claire GALLAGHER (SNP),Douglas James MCALLISTER (Lab),skipped,skipped,skipped,,5
1545,Claire GALLAGHER (SNP),Douglas James MCALLISTER (Lab),skipped,skipped,skipped,,5
1546,Claire GALLAGHER (SNP),Douglas James MCALLISTER (Lab),skipped,skipped,skipped,,5
1547,Claire GALLAGHER (SNP),Douglas James MCALLISTER (Lab),Hermione SPENCER (Con),skipped,skipped,,5
1548,Claire GALLAGHER (SNP),Douglas James MCALLISTER (Lab),Hermione SPENCER (Con),skipped,skipped,,5
1549,Claire GALLAGHER (SNP),Douglas James MCALLISTER (Lab),Hermione SPENCER (Con),skipped,skipped,,5
1550,Claire GALLAGHER (SNP),Douglas James MCALLISTER (Lab),Hermione SPENCER (Con),skipped,skipped,,5
1551,Claire GALLAGHER (SNP),Douglas James MCALLISTER (Lab),Hermione SPENCER (Con),skipped,skipped,,5
1552,Claire GALLAGHER (SNP),Douglas James MCALLISTER (Lab),Hermione SPENCER (Con),skipped,skipped,,5
1553,Claire GALLAGHER (SNP),Douglas James MCALLISTER (Lab),Hermione SPENCER (Con),skipped,skipped,,5
1554,Claire GALLAGHER (SNP),Douglas James MCALLISTER (Lab),Hermione SPENCER (Con),skipped,skipped,,5
1555,Claire GALLAGHER (SNP),Douglas James MCALLISTER (Lab),Hermione SPENCER (Con),skipped,skipped,,5
1556,Claire GALLAGHER (SNP),Douglas James MCALLISTER (Lab),Hermione SPENCER (Con),skipped,skipped,,5
1557,Claire GALLAGHER (SNP),Douglas James MCALLISTER (Lab),Hermione SPENCER (Con),skipped,skipped,,5
1558,Claire GALLAGHER (SNP),Douglas James MCALLISTER (Lab),Hermione SPENCER (Con),skipped,skipped,,5
1559,Claire GALLAGHER (SNP),Douglas James MCALLISTER (Lab),Hermione SPENCER (Con),skipped,skipped,,5
1560,Claire GALLAGHER (SNP),Douglas James MCALLISTER (Lab),Hermione SPENCER (Con),skipped,skipped,,5
1561,Claire GALLAGHER (SNP),Douglas James MCALLISTER (Lab),Hermione SPENCER (Con),skipped,skipped,,5
1562,Claire GALLAGHER (SNP),Douglas James MCALLISTER (Lab),Hermione SPENCER (Con),skipped,skipped,,5
1563,Claire GALLAGHER (SNP),Douglas James MCALLISTER (Lab),Hermione SPENCER (Con),skipped,skipped,,5
1564,Claire GALLAGHER (SNP),Douglas James MCALLISTER (Lab),Hermione SPENCER (Con),skipped,skipped,,5
1565,Claire GALLAGHER (SNP),Douglas James MCALLISTER (Lab),Hermione SPENCER (Con),skipped,skipped,,5
1566,Claire GALLAGHER (SNP),Douglas James MCALLISTER (Lab),Hermione SPENCER (Con),skipped,skipped,,5
1567,Claire GALLAGHER (SNP),Douglas James MCALLISTER (Lab),Hermione SPENCER (Con),skipped,skipped,,5
1568,Claire GALLAGHER (SNP),Douglas James MCALLISTER (Lab),Hermione SPENCER (Con),skipped,skipped,,5
1569,Claire GALLAGHER (SNP),Douglas James MCALLISTER (Lab),Hermione SPENCER (Con),skipped,skipped,,5
1570,Claire GALLAGHER (SNP),Douglas James MCALLISTER (Lab),Hermione SPENCER (Con),skipped,skipped,,5
1571,Claire GALLAGHER (SNP),Douglas James MCALLISTER (Lab),Hermione SPENCER (Con),skipped,skipped,,5
1572,Claire GALLAGHER (SNP),Douglas James MCALLISTER (Lab),Hermione SPENCER (Con),skipped,skipped,,5
1573,Claire GALLAGHER (SNP),Douglas James MCALLISTER (Lab),Hermione SPENCER (Con),skipped,skipped,,5
1574,Claire GALLAGHER (SNP),Douglas James MCALLISTER (Lab),Hermione SPENCER (Con),skipped,skipped,,5
1575,Claire GALLAGHER (SNP),Douglas James MCALLISTER (Lab),Hermione SPENCER (Con),skipped,skipped,,5
1576,Claire GALLAGHER (SNP),Douglas James MCALLISTER (Lab),Hermione SPENCER (Con),skipped,skipped,,5
1577,Claire GALLAGHER (SNP),Douglas James MCALLISTER (Lab),Hermione SPENCER (Con),skipped,skipped,,5
1578,Claire GALLAGHER (SNP),Douglas James MCALLISTER (Lab),Hermione SPENCER (Con),skipped,skipped,,5
1579,Claire GALLAGHER (SNP),Douglas James MCALLISTER (Lab),Hermione SPENCER (Con),skipped,skipped,,5
1580,Claire GALLAGHER (SNP),Douglas James MCALLISTER (Lab),Hermione SPENCER (Con),skipped,skipped,,5
1581,Claire GALLAGHER (SNP),Douglas James MCALLISTER (Lab),Hermione SPENCER (Con),skipped,skipped,,5
1582,Claire GALLAGHER (SNP),Douglas James MCALLISTER (Lab),Hermione SPENCER (Con),skipped,skipped,,5
1583,Claire GALLAGHER (SNP),Douglas James MCALLISTER (Lab),Hermione SPENCER (Con),skipped,skipped,,5
1584,Claire GALLAGHER (SNP),Douglas James MCALLISTER (Lab),Hermione SPENCER (Con),skipped,skipped,,5
1585,Claire GALLAGHER (SNP),Douglas James MCALLISTER (Lab),Hermione SPENCER (Con),skipped,skipped,,5
1586,Claire GALLAGHER (SNP),Douglas James MCALLISTER (Lab),Hermione SPENCER (Con),skipped,skipped,,5
1587,Claire GALLAGHER (SNP),Douglas James MCALLISTER (Lab),Hermione SPENCER (Con),skipped,skipped,,5
1588,Claire GALLAGHER (SNP),Douglas James MCALLISTER (Lab),Hermione SPENCER (Con),skipped,skipped,,5
1589,Claire GALLAGHER (SNP),Douglas James MCALLISTER (Lab),Hermione SPENCER (Con),skipped,skipped,,5
1590,Claire GALLAGHER (SNP),Douglas James MCALLISTER (Lab),Hermione SPENCER (Con),skipped,skipped,,5
1591,Claire GALLAGHER (SNP),Douglas James MCALLISTER (Lab),Hermione SPENCER (Con),skipped,skipped,,5
1592,Claire GALLAGHER (SNP),Douglas James MCALLISTER (Lab),Hermione SPENCER (Con),skipped,skipped,,5
1593,Claire GALLAGHER (SNP),Douglas James MCALLISTER (Lab),Hermione SPENCER (Con),skipped,skipped,,5
1594,Claire GALLAGHER (SNP),Douglas James MCALLISTER (Lab),Hermione SPENCER (Con),skipped,skipped,,5
1595,Claire GALLAGHER (SNP),Douglas James MCALLISTER (Lab),Hermione SPENCER (Con),skipped,skipped,,5
1596,Claire GALLAGHER (SNP),Douglas James MCALLISTER (Lab),Hermione SPENCER (Con),skipped,skipped,,5
1597,Claire GALLAGHER (SNP),Douglas James MCALLISTER (Lab),Hermione SPENCER (Con),skipped,skipped,,5
1598,Claire GALLAGHER (SNP),Douglas James MCALLISTER (Lab),Hermione SPENCER (Con),skipped,skipped,,5
1599,Claire GALLAGHER (SNP),Douglas James MCALLISTER (Lab),Hermione SPENCER (Con),skipped,skipped,,5
1600,Claire GALLAGHER (SNP),Douglas James MCALLISTER (Lab),Hermione SPENCER (Con),skipped,skipped,,5
1601,Claire GALLAGHER (SNP),Douglas James MCALLISTER (Lab),Hermione SPENCER (Con),skipped,skipped,,5
1602,Claire GALLAGHER (SNP),Douglas James MCALLISTER (Lab),Hermione SPENCER (Con),skipped,skipped,,5
1603,Claire GALLAGHER (SNP),Douglas James MCALLISTER (Lab),Hermione SPENCER (Con),skipped,skipped,,5
1604,Claire GALLAGHER (SNP),Douglas James MCALLISTER (Lab),Hermione SPENCER (Con),skipped,skipped,,5
1605,Claire GALLAGHER (SNP),Douglas James MCALLISTER (Lab),Hermione SPENCER (Con),skipped,skipped,,5
1606,Claire GALLAGHER (SNP),Douglas James MCALLISTER (Lab),Hermione SPENCER (Con),skipped,skipped,,5
1607,Claire GALLAGHER (SNP),Douglas James MCALLISTER (Lab),Hermione SPENCER (Con),skipped,skipped,,5
1608,Claire GALLAGHER (SNP),Douglas James MCALLISTER (Lab),Hermione SPENCER (Con),skipped,skipped,,5
1609,Claire GALLAGHER (SNP),Douglas James MCALLISTER (Lab),Hermione SPENCER (Con),skipped,skipped,,5
1610,Claire GALLAGHER (SNP),Douglas James MCALLISTER (Lab),Hermione SPENCER (Con),skipped,skipped,,5
1611,Claire GALLAGHER (SNP),Douglas James MCALLISTER (Lab),Hermione SPENCER (Con),skipped,skipped,,5
1612,Claire GALLAGHER (SNP),Douglas James MCALLISTER (Lab),Hermione SPENCER (Con),skipped,skipped,,5
1613,Claire GALLAGHER (SNP),Douglas James MCALLISTER (Lab),Hermione SPENCER (Con),skipped,skipped,,5
1614,Claire GALLAGHER (SNP),Douglas James MCALLISTER (Lab),Hermione SPENCER (Con),skipped,skipped,,5
1615,Claire GALLAGHER (SNP),Douglas James MCALLISTER (Lab),Hermione SPENCER (Con),skipped,skipped,,5
1616,Claire GALLAGHER (SNP),Douglas James MCALLISTER (Lab),Hermione SPENCER (Con),skipped,skipped,,5
1617,Claire GALLAGHER (SNP),Douglas James MCALLISTER (Lab),Hermione SPENCER (Con),skipped,skipped,,5
1618,Claire GALLAGHER (SNP),Douglas James MCALLISTER (Lab),Hermione SPENCER (Con),skipped,skipped,,5
1619,Claire GALLAGHER (SNP),Douglas James MCALLISTER (Lab),Hermione SPENCER (Con),skipped,skipped,,5
1620,Claire GALLAGHER (SNP),Douglas James MCALLISTER (Lab),Hermione SPENCER (Con),skipped,skipped,,5
1621,Claire GALLAGHER (SNP),Douglas James MCALLISTER (Lab),Hermione SPENCER (Con),skipped,skipped,,5
1622,Claire GALLAGHER (SNP),Douglas James MCALLISTER (Lab),Hermione SPENCER (Con),skipped,skipped,,5
1623,Claire GALLAGHER (SNP),Douglas James MCALLISTER (Lab),Hermione SPENCER (Con),skipped,skipped,,5
1624,Claire GALLAGHER (SNP),Douglas James MCALLISTER (Lab),Hermione SPENCER (Con),skipped,skipped,,5
1625,Claire GALLAGHER (SNP),Douglas James MCALLISTER (Lab),Hermione SPENCER (Con),skipped,skipped,,5
1626,Claire GALLAGHER (SNP),Douglas James MCALLISTER (Lab),Hermione SPENCER (Con),skipped,skipped,,5
1627,Claire GALLAGHER (SNP),Douglas James MCALLISTER (Lab),Hermione SPENCER (Con),skipped,skipped,,5
1628,Claire GALLAGHER (SNP),Douglas James MCALLISTER (Lab),Hermione SPENCER (Con),skipped,skipped,,5
1629,Claire GALLAGHER (SNP),Douglas James MCALLISTER (Lab),Hermione SPENCER (Con),skipped,skipped,,5
1630,Claire GALLAGHER (SNP),Douglas James MCALLISTER (Lab),Hermione SPENCER (Con),skipped,skipped,,5
1631,Claire GALLAGHER (SNP),Douglas James MCALLISTER (Lab),Hermione SPENCER (Con),skipped,skipped,,5
1632,Claire GALLAGHER (SNP),Douglas James MCALLISTER (Lab),Hermione SPENCER (Con),skipped,skipped,,5
1633,Claire GALLAGHER (SNP),Douglas James MCALLISTER (Lab),Hermione SPENCER (Con),skipped,skipped,,5
1634,Claire GALLAGHER (SNP),Douglas James MCALLISTER (Lab),Hermione SPENCER (Con),skipped,skipped,,5
1635,Claire GALLAGHER (SNP),Douglas James MCALLISTER (Lab),Hermione SPENCER (Con),skipped,skipped,,5
1636,Claire GALLAGHER (SNP),Douglas James MCALLISTER (Lab),Hermione SPENCER (Con),skipped,skipped,,5
1637,Claire GALLAGHER (SNP),Douglas James MCALLISTER (Lab),Hermione SPENCER (Con),skipped,skipped,,5
1638,Claire GALLAGHER (SNP),Douglas James MCALLISTER (Lab),Hermione SPENCER (Con),skipped,skipped,,5
1639,Claire GALLAGHER (SNP),Douglas James MCALLISTER (Lab),Hermione SPENCER (Con),skipped,skipped,,5
1640,Claire GALLAGHER (SNP),Douglas James MCALLISTER (Lab),Hermione SPENCER (Con),skipped,skipped,,5
1641,Claire GALLAGHER (SNP),Douglas James MCALLISTER (Lab),Hermione SPENCER (Con),skipped,skipped,,5
1642,Claire GALLAGHER (SNP),Douglas James MCALLISTER (Lab),Hermione SPENCER (Con),skipped,skipped,,5
1643,Claire GALLAGHER (SNP),Douglas James MCALLISTER (Lab),Hermione SPENCER (Con),skipped,skipped,,5
1644,Claire GALLAGHER (SNP),Douglas James MCALLISTER (Lab),Hermione SPENCER (Con),skipped,skipped,,5
1645,Claire GALLAGHER (SNP),Douglas James MCALLISTER (Lab),Hermione SPENCER (Con),skipped,skipped,,5
1646,Claire GALLAGHER (SNP),Douglas James MCALLISTER (Lab),Hermione SPENCER (Con),skipped,skipped,,5
1647,Claire GALLAGHER (SNP),Douglas James MCALLISTER (Lab),Hermione SPENCER (Con),skipped,skipped,,5
1648,Claire GALLAGHER (SNP),Douglas James MCALLISTER (Lab),Hermione SPENCER (Con),skipped,skipped,,5
1649,Claire GALLAGHER (SNP),Douglas James MCALLISTER (Lab),Hermione SPENCER (Con),skipped,skipped,,5
1650,Claire GALLAGHER (SNP),Douglas James MCALLISTER (Lab),Hermione SPENCER (Con),skipped,skipped,,5
1651,Claire GALLAGHER (SNP),Douglas James MCALLISTER (Lab),Hermione SPENCER (Con),skipped,skipped,,5
1652,Claire GALLAGHER (SNP),Douglas James MCALLISTER (Lab),Hermione SPENCER (Con),skipped,skipped,,5
1653,Claire GALLAGHER (SNP),Douglas James MCALLISTER (Lab),Hermione SPENCER (Con),skipped,skipped,,5
1654,Claire GALLAGHER (SNP),Douglas James MCALLISTER (Lab),Hermione SPENCER (Con),skipped,skipped,,5
1655,Claire GALLAGHER (SNP),Douglas James MCALLISTER (Lab),Hermione SPENCER (Con),skipped,skipped,,5
1656,Claire GALLAGHER (SNP),Douglas James MCALLISTER (Lab),Hermione SPENCER (Con),skipped,skipped,,5
1657,Claire GALLAGHER (SNP),Douglas James MCALLISTER (Lab),Hermione SPENCER (Con),skipped,skipped,,5
1658,Claire GALLAGHER (SNP),Douglas James MCALLISTER (Lab),Hermione SPENCER (Con),skipped,skipped,,5
1659,Claire GALLAGHER (SNP),Douglas James MCALLISTER (Lab),Hermione SPENCER (Con),skipped,skipped,,5
1660,Claire GALLAGHER (SNP),Douglas James MCALLISTER (Lab),Hermione SPENCER (Con),skipped,skipped,,5
1661,Claire GALLAGHER (SNP),Douglas James MCALLISTER (Lab),Hermione SPENCER (Con),skipped,skipped,,5
1662,Claire GALLAGHER (SNP),Douglas James MCALLISTER (Lab),Hermione SPENCER (Con),skipped,skipped,,5
1663,Claire GALLAGHER (SNP),Douglas James MCALLISTER (Lab),Hermione SPENCER (Con),skipped,skipped,,5
1664,Claire GALLAGHER (SNP),Douglas James MCALLISTER (Lab),Hermione SPENCER (Con),skipped,skipped,,5
1665,Claire GALLAGHER (SNP),Douglas James MCALLISTER (Lab),Hermione SPENCER (Con),skipped,skipped,,5
1666,Claire GALLAGHER (SNP),Douglas James MCALLISTER (Lab),Hermione SPENCER (Con),skipped,skipped,,5
1667,Claire GALLAGHER (SNP),Douglas James MCALLISTER (Lab),Hermione SPENCER (Con),skipped,skipped,,5
1668,Claire GALLAGHER (SNP),Douglas James MCALLISTER (Lab),Hermione SPENCER (Con),skipped,skipped,,5
1669,Claire GALLAGHER (SNP),Douglas James MCALLISTER (Lab),Hermione SPENCER (Con),skipped,skipped,,5
1670,Claire GALLAGHER (SNP),Douglas James MCALLISTER (Lab),Hermione SPENCER (Con),skipped,skipped,,5
1671,Claire GALLAGHER (SNP),Douglas James MCALLISTER (Lab),Hermione SPENCER (Con),skipped,skipped,,5
1672,Claire GALLAGHER (SNP),Douglas James MCALLISTER (Lab),Hermione SPENCER (Con),skipped,skipped,,5
1673,Claire GALLAGHER (SNP),Douglas James MCALLISTER (Lab),Hermione SPENCER (Con),skipped,skipped,,5
1674,Claire GALLAGHER (SNP),Douglas James MCALLISTER (Lab),Hermione SPENCER (Con),skipped,skipped,,5
1675,Claire GALLAGHER (SNP),Douglas James MCALLISTER (Lab),Hermione SPENCER (Con),skipped,skipped,,5
1676,Claire GALLAGHER (SNP),Douglas James MCALLISTER (Lab),Hermione SPENCER (Con),skipped,skipped,,5
1677,Claire GALLAGHER (SNP),Douglas James MCALLISTER (Lab),Hermione SPENCER (Con),skipped,skipped,,5
1678,Douglas James MCALLISTER (Lab),skipped,skipped,skipped,skipped,,5
1679,Douglas James MCALLISTER (Lab),skipped,skipped,skipped,skipped,,5
1680,Douglas James MCALLISTER (Lab),skipped,skipped,skipped,skipped,,5
1681,Douglas James MCALLISTER (Lab),skipped,skipped,skipped,skipped,,5
1682,Douglas James MCALLISTER (Lab),skipped,skipped,skipped,skipped,,5
1683,Douglas James MCALLISTER (Lab),skipped,skipped,skipped,skipped,,5
1684,Douglas James MCALLISTER (Lab),skipped,skipped,skipped,skipped,,5
1685,Douglas James MCALLISTER (Lab),skipped,skipped,skipped,skipped,,5
1686,Douglas James MCALLISTER (Lab),skipped,skipped,skipped,skipped,,5
1687,Douglas James MCALLISTER (Lab),skipped,skipped,skipped,skipped,,5
1688,Douglas James MCALLISTER (Lab),skipped,skipped,skipped,skipped,,5
1689,Douglas James MCALLISTER (Lab),skipped,skipped,skipped,skipped,,5
1690,Douglas James MCALLISTER (Lab),skipped,skipped,skipped,skipped,,5
1691,Douglas James MCALLISTER (Lab),skipped,skipped,skipped,skipped,,5
1692,Douglas James MCALLISTER (Lab),skipped,skipped,skipped,skipped,,5
1693,Douglas James MCALLISTER (Lab),skipped,skipped,skipped,skipped,,5
1694,Douglas James MCALLISTER (Lab),skipped,skipped,skipped,skipped,,5
1695,Douglas James MCALLISTER (Lab),skipped,skipped,skipped,skipped,,5
1696,Douglas James MCALLISTER (Lab),skipped,skipped,skipped,skipped,,5
1697,Douglas James MCALLISTER (Lab),skipped,skipped,skipped,skipped,,5
1698,Douglas James MCALLISTER (Lab),skipped,skipped,skipped,skipped,,5
1699,Douglas James MCALLISTER (Lab),skipped,skipped,skipped,skipped,,5
1700,Douglas James MCALLISTER (Lab),skipped,skipped,skipped,skipped,,5
1701,Douglas James MCALLISTER (Lab),skipped,skipped,skipped,skipped,,5
1702,Douglas James MCALLISTER (Lab),skipped,skipped,skipped,skipped,,5
1703,Douglas James MCALLISTER (Lab),skipped,skipped,skipped,skipped,,5
1704,Douglas James MCALLISTER (Lab),skipped,skipped,skipped,skipped,,5
1705,Douglas James MCALLISTER (Lab),skipped,skipped,skipped,skipped,,5
1706,Douglas James MCALLISTER (Lab),skipped,skipped,skipped,skipped,,5
1707,Douglas James MCALLISTER (Lab),skipped,skipped,skipped,skipped,,5
1708,Douglas James MCALLISTER (Lab),skipped,skipped,skipped,skipped,,5
1709,Douglas James MCALLISTER (Lab),skipped,skipped,skipped,skipped,,5
1710,Douglas James MCALLISTER (Lab),skipped,skipped,skipped,skipped,,5
1711,Douglas James MCALLISTER (Lab),skipped,skipped,skipped,skipped,,5
1712,Douglas James MCALLISTER (Lab),skipped,skipped,skipped,skipped,,5
1713,Douglas James MCALLISTER (Lab),skipped,skipped,skipped,skipped,,5
1714,Douglas James MCALLISTER (Lab),skipped,skipped,skipped,skipped,,5
1715,Douglas James MCALLISTER (Lab),skipped,skipped,skipped,skipped,,5
1716,Douglas James MCALLISTER (Lab),skipped,skipped,skipped,skipped,,5
1717,Douglas James MCALLISTER (Lab),skipped,skipped,skipped,skipped,,5
1718,Douglas James MCALLISTER (Lab),skipped,skipped,skipped,skipped,,5
1719,Douglas James MCALLISTER (Lab),skipped,skipped,skipped,skipped,,5
1720,Douglas James MCALLISTER (Lab),skipped,skipped,skipped,skipped,,5
1721,Douglas James MCALLISTER (Lab),skipped,skipped,skipped,skipped,,5
1722,Douglas James MCALLISTER (Lab),skipped,skipped,skipped,skipped,,5
1723,Douglas James MCALLISTER (Lab),skipped,skipped,skipped,skipped,,5
1724,Douglas James MCALLISTER (Lab),skipped,skipped,skipped,skipped,,5
1725,Douglas James MCALLISTER (Lab),skipped,skipped,skipped,skipped,,5
1726,Douglas James MCALLISTER (Lab),skipped,skipped,skipped,skipped,,5
1727,Douglas James MCALLISTER (Lab),skipped,skipped,skipped,skipped,,5
1728,Douglas James MCALLISTER (Lab),skipped,skipped,skipped,skipped,,5
1729,Douglas James MCALLISTER (Lab),skipped,skipped,skipped,skipped,,5
1730,Douglas James MCALLISTER (Lab),skipped,skipped,skipped,skipped,,5
1731,Douglas James MCALLISTER (Lab),skipped,skipped,skipped,skipped,,5
1732,Douglas James MCALLISTER (Lab),skipped,skipped,skipped,skipped,,5
1733,Douglas James MCALLISTER (Lab),skipped,skipped,skipped,skipped,,5
1734,Douglas James MCALLISTER (Lab),skipped,skipped,skipped,skipped,,5
1735,Douglas James MCALLISTER (Lab),skipped,skipped,skipped,skipped,,5
1736,Douglas James MCALLISTER (Lab),skipped,skipped,skipped,skipped,,5
1737,Douglas James MCALLISTER (Lab),skipped,skipped,skipped,skipped,,5
1738,Douglas James MCALLISTER (Lab),skipped,skipped,skipped,skipped,,5
1739,Douglas James MCALLISTER (Lab),skipped,skipped,skipped,skipped,,5
1740,Douglas James MCALLISTER (Lab),skipped,skipped,skipped,skipped,,5
1741,Douglas James MCALLISTER (Lab),skipped,skipped,skipped,skipped,,5
1742,Douglas James MCALLISTER (Lab),skipped,skipped,skipped,skipped,,5
1743,Douglas James MCALLISTER (Lab),skipped,skipped,skipped,skipped,,5
1744,Douglas James MCALLISTER (Lab),skipped,skipped,skipped,skipped,,5
1745,Douglas James MCALLISTER (Lab),skipped,skipped,skipped,skipped,,5
1746,Douglas James MCALLISTER (Lab),skipped,skipped,skipped,skipped,,5
1747,Douglas James MCALLISTER (Lab),skipped,skipped,skipped,skipped,,5
1748,Douglas James MCALLISTER (Lab),skipped,skipped,skipped,skipped,,5
1749,Douglas James MCALLISTER (Lab),skipped,skipped,skipped,skipped,,5
1750,Douglas James MCALLISTER (Lab),skipped,skipped,skipped,skipped,,5
1751,Douglas James MCALLISTER (Lab),skipped,skipped,skipped,skipped,,5
1752,Douglas James MCALLISTER (Lab),skipped,skipped,skipped,skipped,,5
1753,Douglas James MCALLISTER (Lab),skipped,skipped,skipped,skipped,,5
1754,Douglas James MCALLISTER (Lab),skipped,skipped,skipped,skipped,,5
1755,Douglas James MCALLISTER (Lab),skipped,skipped,skipped,skipped,,5
1756,Douglas James MCALLISTER (Lab),skipped,skipped,skipped,skipped,,5
1757,Douglas James MCALLISTER (Lab),skipped,skipped,skipped,skipped,,5
1758,Douglas James MCALLISTER (Lab),skipped,skipped,skipped,skipped,,5
1759,Douglas James MCALLISTER (Lab),skipped,skipped,skipped,skipped,,5
1760,Douglas James MCALLISTER (Lab),skipped,skipped,skipped,skipped,,5
1761,Douglas James MCALLISTER (Lab),skipped,skipped,skipped,skipped,,5
1762,Douglas James MCALLISTER (Lab),skipped,skipped,skipped,skipped,,5
1763,Douglas James MCALLISTER (Lab),skipped,skipped,skipped,skipped,,5
1764,Douglas James MCALLISTER (Lab),skipped,skipped,skipped,skipped,,5
1765,Douglas James MCALLISTER (Lab),skipped,skipped,skipped,skipped,,5
1766,Douglas James MCALLISTER (Lab),skipped,skipped,skipped,skipped,,5
1767,Douglas James MCALLISTER (Lab),skipped,skipped,skipped,skipped,,5
1768,Douglas James MCALLISTER (Lab),skipped,skipped,skipped,skipped,,5
1769,Douglas James MCALLISTER (Lab),skipped,skipped,skipped,skipped,,5
1770,Douglas James MCALLISTER (Lab),skipped,skipped,skipped,skipped,,5
1771,Douglas James MCALLISTER (Lab),skipped,skipped,skipped,skipped,,5
1772,Douglas James MCALLISTER (Lab),skipped,skipped,skipped,skipped,,5
1773,Douglas James MCALLISTER (Lab),skipped,skipped,skipped,skipped,,5
1774,Douglas James MCALLISTER (Lab),skipped,skipped,skipped,skipped,,5
1775,Douglas James MCALLISTER (Lab),skipped,skipped,skipped,skipped,,5
1776,Douglas James MCALLISTER (Lab),skipped,skipped,skipped,skipped,,5
1777,Douglas James MCALLISTER (Lab),skipped,skipped,skipped,skipped,,5
1778,Douglas James MCALLISTER (Lab),skipped,skipped,skipped,skipped,,5
1779,Douglas James MCALLISTER (Lab),skipped,skipped,skipped,skipped,,5
1780,Douglas James MCALLISTER (Lab),skipped,skipped,skipped,skipped,,5
1781,Douglas James MCALLISTER (Lab),skipped,skipped,skipped,skipped,,5
1782,Douglas James MCALLISTER (Lab),skipped,skipped,skipped,skipped,,5
1783,Douglas James MCALLISTER (Lab),skipped,skipped,skipped,skipped,,5
1784,Douglas James MCALLISTER (Lab),skipped,skipped,skipped,skipped,,5
1785,Douglas James MCALLISTER (Lab),skipped,skipped,skipped,skipped,,5
1786,Douglas James MCALLISTER (Lab),skipped,skipped,skipped,skipped,,5
1787,Douglas James MCALLISTER (Lab),skipped,skipped,skipped,skipped,,5
1788,Douglas James MCALLISTER (Lab),skipped,skipped,skipped,skipped,,5
1789,Douglas James MCALLISTER (Lab),skipped,skipped,skipped,skipped,,5
1790,Douglas James MCALLISTER (Lab),skipped,skipped,skipped,skipped,,5
1791,Douglas James MCALLISTER (Lab),skipped,skipped,skipped,skipped,,5
1792,Douglas James MCALLISTER (Lab),skipped,skipped,skipped,skipped,,5
1793,Douglas James MCALLISTER (Lab),skipped,skipped,skipped,skipped,,5
1794,Douglas James MCALLISTER (Lab),skipped,skipped,skipped,skipped,,5
1795,Douglas James MCALLISTER (Lab),skipped,skipped,skipped,skipped,,5
1796,Douglas James MCALLISTER (Lab),skipped,skipped,skipped,skipped,,5
1797,Douglas James MCALLISTER (Lab),skipped,skipped,skipped,skipped,,5
1798,Douglas James MCALLISTER (Lab),skipped,skipped,skipped,skipped,,5
1799,Douglas James MCALLISTER (Lab),skipped,skipped,skipped,skipped,,5
1800,Douglas James MCALLISTER (Lab),skipped,skipped,skipped,skipped,,5
1801,Douglas James MCALLISTER (Lab),skipped,skipped,skipped,skipped,,5
1802,Douglas James MCALLISTER (Lab),skipped,skipped,skipped,skipped,,5
1803,Douglas James MCALLISTER (Lab),skipped,skipped,skipped,skipped,,5
1804,Douglas James MCALLISTER (Lab),skipped,skipped,skipped,skipped,,5
1805,Douglas James MCALLISTER (Lab),skipped,skipped,skipped,skipped,,5
1806,Douglas James MCALLISTER (Lab),skipped,skipped,skipped,skipped,,5
1807,Douglas James MCALLISTER (Lab),skipped,skipped,skipped,skipped,,5
1808,Douglas James MCALLISTER (Lab),skipped,skipped,skipped,skipped,,5
1809,Douglas James MCALLISTER (Lab),skipped,skipped,skipped,skipped,,5
1810,Douglas James MCALLISTER (Lab),skipped,skipped,skipped,skipped,,5
1811,Douglas James MCALLISTER (Lab),skipped,skipped,skipped,skipped,,5
1812,Douglas James MCALLISTER (Lab),skipped,skipped,skipped,skipped,,5
1813,Douglas James MCALLISTER (Lab),skipped,skipped,skipped,skipped,,5
1814,Douglas James MCALLISTER (Lab),skipped,skipped,skipped,skipped,,5
1815,Douglas James MCALLISTER (Lab),skipped,skipped,skipped,skipped,,5
1816,Douglas James MCALLISTER (Lab),skipped,skipped,skipped,skipped,,5
1817,Douglas James MCALLISTER (Lab),skipped,skipped,skipped,skipped,,5
1818,Douglas James MCALLISTER (Lab),skipped,skipped,skipped,skipped,,5
1819,Douglas James MCALLISTER (Lab),skipped,skipped,skipped,skipped,,5
1820,Douglas James MCALLISTER (Lab),skipped,skipped,skipped,skipped,,5
1821,Douglas James MCALLISTER (Lab),skipped,skipped,skipped,skipped,,5
1822,Douglas James MCALLISTER (Lab),skipped,skipped,skipped,skipped,,5
1823,Douglas James MCALLISTER (Lab),skipped,skipped,skipped,skipped,,5
1824,Douglas James MCALLISTER (Lab),skipped,skipped,skipped,skipped,,5
1825,Douglas James MCALLISTER (Lab),skipped,skipped,skipped,skipped,,5
1826,Douglas James MCALLISTER (Lab),skipped,skipped,skipped,skipped,,5
1827,Douglas James MCALLISTER (Lab),skipped,skipped,skipped,skipped,,5
1828,Douglas James MCALLISTER (Lab),skipped,skipped,skipped,skipped,,5
1829,Douglas James MCALLISTER (Lab),skipped,skipped,skipped,skipped,,5
1830,Douglas James MCALLISTER (Lab),skipped,skipped,skipped,skipped,,5
1831,Douglas James MCALLISTER (Lab),skipped,skipped,skipped,skipped,,5
1832,Douglas James MCALLISTER (Lab),skipped,skipped,skipped,skipped,,5
1833,Douglas James MCALLISTER (Lab),skipped,skipped,skipped,skipped,,5
1834,Douglas James MCALLISTER (Lab),skipped,skipped,skipped,skipped,,5
1835,Douglas James MCALLISTER (Lab),skipped,skipped,skipped,skipped,,5
1836,Douglas James MCALLISTER (Lab),skipped,skipped,skipped,skipped,,5
1837,Douglas James MCALLISTER (Lab),skipped,skipped,skipped,skipped,,5
1838,Douglas James MCALLISTER (Lab),skipped,skipped,skipped,skipped,,5
1839,Douglas James MCALLISTER (Lab),skipped,skipped,skipped,skipped,,5
1840,Douglas James MCALLISTER (Lab),skipped,skipped,skipped,skipped,,5
1841,Douglas James MCALLISTER (Lab),skipped,skipped,skipped,skipped,,5
1842,Douglas James MCALLISTER (Lab),skipped,skipped,skipped,skipped,,5
1843,Douglas James MCALLISTER (Lab),skipped,skipped,skipped,skipped,,5
1844,Douglas James MCALLISTER (Lab),skipped,skipped,skipped,skipped,,5
1845,Douglas James MCALLISTER (Lab),skipped,skipped,skipped,skipped,,5
1846,Douglas James MCALLISTER (Lab),skipped,skipped,skipped,skipped,,5
1847,Douglas James MCALLISTER (Lab),skipped,skipped,skipped,skipped,,5
1848,Douglas James MCALLISTER (Lab),skipped,skipped,skipped,skipped,,5
1849,Douglas James MCALLISTER (Lab),skipped,skipped,skipped,skipped,,5
1850,Douglas James MCALLISTER (Lab),skipped,skipped,skipped,skipped,,5
1851,Douglas James MCALLISTER (Lab),skipped,skipped,skipped,skipped,,5
1852,Douglas James MCALLISTER (Lab),skipped,skipped,skipped,skipped,,5
1853,Douglas James MCALLISTER (Lab),skipped,skipped,skipped,skipped,,5
1854,Douglas James MCALLISTER (Lab),skipped,skipped,skipped,skipped,,5
1855,Douglas James MCALLISTER (Lab),skipped,skipped,skipped,skipped,,5
1856,Douglas James MCALLISTER (Lab),skipped,skipped,skipped,skipped,,5
1857,Douglas James MCALLISTER (Lab),skipped,skipped,skipped,skipped,,5
1858,Douglas James MCALLISTER (Lab),skipped,skipped,skipped,skipped,,5
1859,Douglas James MCALLISTER (Lab),skipped,skipped,skipped,skipped,,5
1860,Douglas James MCALLISTER (Lab),skipped,skipped,skipped,skipped,,5
1861,Douglas James MCALLISTER (Lab),skipped,skipped,skipped,skipped,,5
1862,Douglas James MCALLISTER (Lab),skipped,skipped,skipped,skipped,,5
1863,Douglas James MCALLISTER (Lab),skipped,skipped,skipped,skipped,,5
1864,Douglas James MCALLISTER (Lab),skipped,skipped,skipped,skipped,,5
1865,Douglas James MCALLISTER (Lab),skipped,skipped,skipped,skipped,,5
1866,Douglas James MCALLISTER (Lab),skipped,skipped,skipped,skipped,,5
1867,Douglas James MCALLISTER (Lab),skipped,skipped,skipped,skipped,,5
1868,Douglas James MCALLISTER (Lab),skipped,skipped,skipped,skipped,,5
1869,Douglas James MCALLISTER (Lab),skipped,skipped,skipped,skipped,,5
1870,Douglas James MCALLISTER (Lab),skipped,skipped,skipped,skipped,,5
1871,Douglas James MCALLISTER (Lab),skipped,skipped,skipped,skipped,,5
1872,Douglas James MCALLISTER (Lab),skipped,skipped,skipped,skipped,,5
1873,Douglas James MCALLISTER (Lab),skipped,skipped,skipped,skipped,,5
1874,Douglas James MCALLISTER (Lab),skipped,skipped,skipped,skipped,,5
1875,Douglas James MCALLISTER (Lab),skipped,skipped,skipped,skipped,,5
1876,Douglas James MCALLISTER (Lab),skipped,skipped,skipped,skipped,,5
1877,Douglas James MCALLISTER (Lab),skipped,skipped,skipped,skipped,,5
1878,Douglas James MCALLISTER (Lab),skipped,skipped,skipped,skipped,,5
1879,Douglas James MCALLISTER (Lab),skipped,skipped,skipped,skipped,,5
1880,Douglas James MCALLISTER (Lab),skipped,skipped,skipped,skipped,,5
1881,Douglas James MCALLISTER (Lab),skipped,skipped,skipped,skipped,,5
1882,Douglas James MCALLISTER (Lab),skipped,skipped,skipped,skipped,,5
1883,Douglas James MCALLISTER (Lab),skipped,skipped,skipped,skipped,,5
1884,Douglas James MCALLISTER (Lab),skipped,skipped,skipped,skipped,,5
1885,Douglas James MCALLISTER (Lab),skipped,skipped,skipped,skipped,,5
1886,Douglas James MCALLISTER (Lab),skipped,skipped,skipped,skipped,,5
1887,Douglas James MCALLISTER (Lab),skipped,skipped,skipped,skipped,,5
1888,Douglas James MCALLISTER (Lab),skipped,skipped,skipped,skipped,,5
1889,Douglas James MCALLISTER (Lab),skipped,skipped,skipped,skipped,,5
1890,Douglas James MCALLISTER (Lab),skipped,skipped,skipped,skipped,,5
1891,Douglas James MCALLISTER (Lab),skipped,skipped,skipped,skipped,,5
1892,Douglas James MCALLISTER (Lab),skipped,skipped,skipped,skipped,,5
1893,Douglas James MCALLISTER (Lab),skipped,skipped,skipped,skipped,,5
1894,Douglas James MCALLISTER (Lab),skipped,skipped,skipped,skipped,,5
1895,Douglas James MCALLISTER (Lab),skipped,skipped,skipped,skipped,,5
1896,Douglas James MCALLISTER (Lab),skipped,skipped,skipped,skipped,,5
1897,Douglas James MCALLISTER (Lab),skipped,skipped,skipped,skipped,,5
1898,Douglas James MCALLISTER (Lab),skipped,skipped,skipped,skipped,,5
1899,Douglas James MCALLISTER (Lab),skipped,skipped,skipped,skipped,,5
1900,Douglas James MCALLISTER (Lab),skipped,skipped,skipped,skipped,,5
1901,Douglas James MCALLISTER (Lab),skipped,skipped,skipped,skipped,,5
1902,Douglas James MCALLISTER (Lab),skipped,skipped,skipped,skipped,,5
1903,Douglas James MCALLISTER (Lab),skipped,skipped,skipped,skipped,,5
1904,Douglas James MCALLISTER (Lab),skipped,skipped,skipped,skipped,,5
1905,Douglas James MCALLISTER (Lab),skipped,skipped,skipped,skipped,,5
1906,Douglas James MCALLISTER (Lab),skipped,skipped,skipped,skipped,,5
1907,Douglas James MCALLISTER (Lab),skipped,skipped,skipped,skipped,,5
1908,Douglas James MCALLISTER (Lab),skipped,skipped,skipped,skipped,,5
1909,Douglas James MCALLISTER (Lab),skipped,skipped,skipped,skipped,,5
1910,Douglas James MCALLISTER (Lab),skipped,skipped,skipped,skipped,,5
1911,Douglas James MCALLISTER (Lab),skipped,skipped,skipped,skipped,,5
1912,Douglas James MCALLISTER (Lab),skipped,skipped,skipped,skipped,,5
1913,Douglas James MCALLISTER (Lab),skipped,skipped,skipped,skipped,,5
1914,Douglas James MCALLISTER (Lab),skipped,skipped,skipped,skipped,,5
1915,Douglas James MCALLISTER (Lab),skipped,skipped,skipped,skipped,,5
1916,Douglas James MCALLISTER (Lab),skipped,skipped,skipped,skipped,,5
1917,Douglas James MCALLISTER (Lab),skipped,skipped,skipped,skipped,,5
1918,Douglas James MCALLISTER (Lab),skipped,skipped,skipped,skipped,,5
1919,Douglas James MCALLISTER (Lab),skipped,skipped,skipped,skipped,,5
1920,Douglas James MCALLISTER (Lab),skipped,skipped,skipped,skipped,,5
1921,Douglas James MCALLISTER (Lab),skipped,skipped,skipped,skipped,,5
1922,Douglas James MCALLISTER (Lab),skipped,skipped,skipped,skipped,,5
1923,Douglas James MCALLISTER (Lab),skipped,skipped,skipped,skipped,,5
1924,Douglas James MCALLISTER (Lab),skipped,skipped,skipped,skipped,,5
1925,Douglas James MCALLISTER (Lab),skipped,skipped,skipped,skipped,,5
1926,Douglas James MCALLISTER (Lab),skipped,skipped,skipped,skipped,,5
1927,Douglas James MCALLISTER (Lab),skipped,skipped,skipped,skipped,,5
1928,Douglas James MCALLISTER (Lab),skipped,skipped,skipped,skipped,,5
1929,Douglas James MCALLISTER (Lab),skipped,skipped,skipped,skipped,,5
1930,Douglas James MCALLISTER (Lab),skipped,skipped,skipped,skipped,,5
1931,Douglas James MCALLISTER (Lab),skipped,skipped,skipped,skipped,,5
1932,Douglas James MCALLISTER (Lab),skipped,skipped,skipped,skipped,,5
1933,Douglas James MCALLISTER (Lab),skipped,skipped,skipped,skipped,,5
1934,Douglas James MCALLISTER (Lab),skipped,skipped,skipped,skipped,,5
1935,Douglas James MCALLISTER (Lab),skipped,skipped,skipped,skipped,,5
1936,Douglas James MCALLISTER (Lab),skipped,skipped,skipped,skipped,,5
1937,Douglas James MCALLISTER (Lab),skipped,skipped,skipped,skipped,,5
1938,Douglas James MCALLISTER (Lab),skipped,skipped,skipped,skipped,,5
1939,Douglas James MCALLISTER (Lab),skipped,skipped,skipped,skipped,,5
1940,Douglas James MCALLISTER (Lab),skipped,skipped,skipped,skipped,,5
1941,Douglas James MCALLISTER (Lab),skipped,skipped,skipped,skipped,,5
1942,Douglas James MCALLISTER (Lab),skipped,skipped,skipped,skipped,,5
1943,Douglas James MCALLISTER (Lab),skipped,skipped,skipped,skipped,,5
1944,Douglas James MCALLISTER (Lab),skipped,skipped,skipped,skipped,,5
1945,Douglas James MCALLISTER (Lab),skipped,skipped,skipped,skipped,,5
1946,Douglas James MCALLISTER (Lab),skipped,skipped,skipped,skipped,,5
1947,Douglas James MCALLISTER (Lab),skipped,skipped,skipped,skipped,,5
1948,Douglas James MCALLISTER (Lab),skipped,skipped,skipped,skipped,,5
1949,Douglas James MCALLISTER (Lab),skipped,skipped,skipped,skipped,,5
1950,Douglas James MCALLISTER (Lab),skipped,skipped,skipped,skipped,,5
1951,Douglas James MCALLISTER (Lab),skipped,skipped,skipped,skipped,,5
1952,Douglas James MCALLISTER (Lab),skipped,skipped,skipped,skipped,,5
1953,Douglas James MCALLISTER (Lab),skipped,skipped,skipped,skipped,,5
1954,Douglas James MCALLISTER (Lab),skipped,skipped,skipped,skipped,,5
1955,Douglas James MCALLISTER (Lab),skipped,skipped,skipped,skipped,,5
1956,Douglas James MCALLISTER (Lab),skipped,skipped,skipped,skipped,,5
1957,Douglas James MCALLISTER (Lab),skipped,skipped,skipped,skipped,,5
1958,Douglas James MCALLISTER (Lab),skipped,skipped,skipped,skipped,,5
1959,Douglas James MCALLISTER (Lab),skipped,skipped,skipped,skipped,,5
1960,Douglas James MCALLISTER (Lab),skipped,skipped,skipped,skipped,,5
1961,Douglas James MCALLISTER (Lab),skipped,skipped,skipped,skipped,,5
1962,Douglas James MCALLISTER (Lab),skipped,skipped,skipped,skipped,,5
1963,Douglas James MCALLISTER (Lab),skipped,skipped,skipped,skipped,,5
1964,Douglas James MCALLISTER (Lab),skipped,skipped,skipped,skipped,,5
1965,Douglas James MCALLISTER (Lab),skipped,skipped,skipped,skipped,,5
1966,Douglas James MCALLISTER (Lab),skipped,skipped,skipped,skipped,,5
1967,Douglas James MCALLISTER (Lab),skipped,skipped,skipped,skipped,,5
1968,Douglas James MCALLISTER (Lab),skipped,skipped,skipped,skipped,,5
1969,Douglas James MCALLISTER (Lab),skipped,skipped,skipped,skipped,,5
1970,Douglas James MCALLISTER (Lab),skipped,skipped,skipped,skipped,,5
1971,Douglas James MCALLISTER (Lab),skipped,skipped,skipped,skipped,,5
1972,Douglas James MCALLISTER (Lab),skipped,skipped,skipped,skipped,,5
1973,Douglas James MCALLISTER (Lab),skipped,skipped,skipped,skipped,,5
1974,Douglas James MCALLISTER (Lab),skipped,skipped,skipped,skipped,,5
1975,Douglas James MCALLISTER (Lab),skipped,skipped,skipped,skipped,,5
1976,Douglas James MCALLISTER (Lab),skipped,skipped,skipped,skipped,,5
1977,Douglas James MCALLISTER (Lab),skipped,skipped,skipped,skipped,,5
1978,Douglas James MCALLISTER (Lab),skipped,skipped,skipped,skipped,,5
1979,Douglas James MCALLISTER (Lab),skipped,skipped,skipped,skipped,,5
1980,Douglas James MCALLISTER (Lab),skipped,skipped,skipped,skipped,,5
1981,Douglas James MCALLISTER (Lab),skipped,skipped,skipped,skipped,,5
1982,Douglas James MCALLISTER (Lab),skipped,skipped,skipped,skipped,,5
1983,Douglas James MCALLISTER (Lab),skipped,skipped,skipped,skipped,,5
1984,Douglas James MCALLISTER (Lab),skipped,skipped,skipped,skipped,,5
1985,Douglas James MCALLISTER (Lab),skipped,skipped,skipped,skipped,,5
1986,Douglas James MCALLISTER (Lab),skipped,skipped,skipped,skipped,,5
1987,Douglas James MCALLISTER (Lab),skipped,skipped,skipped,skipped,,5
1988,Douglas James MCALLISTER (Lab),skipped,skipped,skipped,skipped,,5
1989,Douglas James MCALLISTER (Lab),skipped,skipped,skipped,skipped,,5
1990,Douglas James MCALLISTER (Lab),skipped,skipped,skipped,skipped,,5
1991,Douglas James MCALLISTER (Lab),skipped,skipped,skipped,skipped,,5
1992,Douglas James MCALLISTER (Lab),skipped,skipped,skipped,skipped,,5
1993,Douglas James MCALLISTER (Lab),skipped,skipped,skipped,skipped,,5
1994,Douglas James MCALLISTER (Lab),skipped,skipped,skipped,skipped,,5
1995,Douglas James MCALLISTER (Lab),skipped,skipped,skipped,skipped,,5
1996,Douglas James MCALLISTER (Lab),skipped,skipped,skipped,skipped,,5
1997,Douglas James MCALLISTER (Lab),skipped,skipped,skipped,skipped,,5
1998,Douglas James MCALLISTER (Lab),skipped,skipped,skipped,skipped,,5
1999,Douglas James MCALLISTER (Lab),skipped,skipped,skipped,skipped,,5
2000,Douglas James MCALLISTER (Lab),skipped,skipped,skipped,skipped,,5
2001,Douglas James MCALLISTER (Lab),skipped,skipped,skipped,skipped,,5
2002,Douglas James MCALLISTER (Lab),skipped,skipped,skipped,skipped,,5
2003,Douglas James MCALLISTER (Lab),skipped,skipped,skipped,skipped,,5
2004,Douglas James MCALLISTER (Lab),skipped,skipped,skipped,skipped,,5
2005,Douglas James MCALLISTER (Lab),skipped,skipped,skipped,skipped,,5
2006,Douglas James MCALLISTER (Lab),skipped,skipped,skipped,skipped,,5
2007,Douglas James MCALLISTER (Lab),skipped,skipped,skipped,skipped,,5
2008,Douglas James MCALLISTER (Lab),skipped,skipped,skipped,skipped,,5
2009,Douglas James MCALLISTER (Lab),skipped,skipped,skipped,skipped,,5
2010,Douglas James MCALLISTER (Lab),skipped,skipped,skipped,skipped,,5
2011,Douglas James MCALLISTER (Lab),skipped,skipped,skipped,skipped,,5
2012,Douglas James MCALLISTER (Lab),skipped,skipped,skipped,skipped,,5
2013,Douglas James MCALLISTER (Lab),skipped,skipped,skipped,skipped,,5
2014,Douglas James MCALLISTER (Lab),skipped,skipped,skipped,skipped,,5
2015,Douglas James MCALLISTER (Lab),skipped,skipped,skipped,skipped,,5
2016,Douglas James MCALLISTER (Lab),skipped,skipped,skipped,skipped,,5
2017,Douglas James MCALLISTER (Lab),skipped,skipped,skipped,skipped,,5
2018,Douglas James MCALLISTER (Lab),skipped,skipped,skipped,skipped,,5
2019,Douglas James MCALLISTER (Lab),skipped,skipped,skipped,skipped,,5
2020,Douglas James MCALLISTER (Lab),skipped,skipped,skipped,skipped,,5
2021,Douglas James MCALLISTER (Lab),skipped,skipped,skipped,skipped,,5
2022,Douglas James MCALLISTER (Lab),skipped,skipped,skipped,skipped,,5
2023,Douglas James MCALLISTER (Lab),skipped,skipped,skipped,skipped,,5
2024,Douglas James MCALLISTER (Lab),skipped,skipped,skipped,skipped,,5
2025,Douglas James MCALLISTER (Lab),skipped,skipped,skipped,skipped,,5
2026,Douglas James MCALLISTER (Lab),skipped,skipped,skipped,skipped,,5
2027,Douglas James MCALLISTER (Lab),skipped,skipped,skipped,skipped,,5
2028,Douglas James MCALLISTER (Lab),skipped,skipped,skipped,skipped,,5
2029,Douglas James MCALLISTER (Lab),skipped,skipped,skipped,skipped,,5
2030,Douglas James MCALLISTER (Lab),skipped,skipped,skipped,skipped,,5
2031,Douglas James MCALLISTER (Lab),skipped,skipped,skipped,skipped,,5
2032,Douglas James MCALLISTER (Lab),skipped,skipped,skipped,skipped,,5
2033,Douglas James MCALLISTER (Lab),skipped,skipped,skipped,skipped,,5
2034,Douglas James MCALLISTER (Lab),skipped,skipped,skipped,skipped,,5
2035,Douglas James MCALLISTER (Lab),skipped,skipped,skipped,skipped,,5
2036,Douglas James MCALLISTER (Lab),skipped,skipped,skipped,skipped,,5
2037,Douglas James MCALLISTER (Lab),skipped,skipped,skipped,skipped,,5
2038,Douglas James MCALLISTER (Lab),skipped,skipped,skipped,skipped,,5
2039,Douglas James MCALLISTER (Lab),skipped,skipped,skipped,skipped,,5
2040,Douglas James MCALLISTER (Lab),skipped,skipped,skipped,skipped,,5
2041,Douglas James MCALLISTER (Lab),skipped,skipped,skipped,skipped,,5
2042,Douglas James MCALLISTER (Lab),skipped,skipped,skipped,skipped,,5
2043,Douglas James MCALLISTER (Lab),skipped,skipped,skipped,skipped,,5
2044,Douglas James MCALLISTER (Lab),skipped,skipped,skipped,skipped,,5
2045,Douglas James MCALLISTER (Lab),skipped,skipped,skipped,skipped,,5
2046,Douglas James MCALLISTER (Lab),skipped,skipped,skipped,skipped,,5
2047,Douglas James MCALLISTER (Lab),skipped,skipped,skipped,skipped,,5
2048,Douglas James MCALLISTER (Lab),skipped,skipped,skipped,skipped,,5
2049,Douglas James MCALLISTER (Lab),skipped,skipped,skipped,skipped,,5
2050,Douglas James MCALLISTER (Lab),skipped,skipped,skipped,skipped,,5
2051,Douglas James MCALLISTER (Lab),skipped,skipped,skipped,skipped,,5
2052,Douglas James MCALLISTER (Lab),skipped,skipped,skipped,skipped,,5
2053,Douglas James MCALLISTER (Lab),skipped,skipped,skipped,skipped,,5
2054,Douglas James MCALLISTER (Lab),skipped,skipped,skipped,skipped,,5
2055,Douglas James MCALLISTER (Lab),skipped,skipped,skipped,skipped,,5
2056,Douglas James MCALLISTER (Lab),skipped,skipped,skipped,skipped,,5
2057,Douglas James MCALLISTER (Lab),skipped,skipped,skipped,skipped,,5
2058,Douglas James MCALLISTER (Lab),skipped,skipped,skipped,skipped,,5
2059,Douglas James MCALLISTER (Lab),skipped,skipped,skipped,skipped,,5
2060,Douglas James MCALLISTER (Lab),skipped,skipped,skipped,skipped,,5
2061,Douglas James MCALLISTER (Lab),skipped,skipped,skipped,skipped,,5
2062,Douglas James MCALLISTER (Lab),skipped,skipped,skipped,skipped,,5
2063,Douglas James MCALLISTER (Lab),skipped,skipped,skipped,skipped,,5
2064,Douglas James MCALLISTER (Lab),skipped,skipped,skipped,skipped,,5
2065,Douglas James MCALLISTER (Lab),skipped,skipped,skipped,skipped,,5
2066,Douglas James MCALLISTER (Lab),skipped,skipped,skipped,skipped,,5
2067,Douglas James MCALLISTER (Lab),skipped,skipped,skipped,skipped,,5
2068,Douglas James MCALLISTER (Lab),skipped,skipped,skipped,skipped,,5
2069,Douglas James MCALLISTER (Lab),skipped,skipped,skipped,skipped,,5
2070,Douglas James MCALLISTER (Lab),skipped,skipped,skipped,skipped,,5
2071,Douglas James MCALLISTER (Lab),skipped,skipped,skipped,skipped,,5
2072,Douglas James MCALLISTER (Lab),skipped,skipped,skipped,skipped,,5
2073,Douglas James MCALLISTER (Lab),skipped,skipped,skipped,skipped,,5
2074,Douglas James MCALLISTER (Lab),skipped,skipped,skipped,skipped,,5
2075,Douglas James MCALLISTER (Lab),skipped,skipped,skipped,skipped,,5
2076,Douglas James MCALLISTER (Lab),skipped,skipped,skipped,skipped,,5
2077,Douglas James MCALLISTER (Lab),skipped,skipped,skipped,skipped,,5
2078,Douglas James MCALLISTER (Lab),skipped,skipped,skipped,skipped,,5
2079,Douglas James MCALLISTER (Lab),skipped,skipped,skipped,skipped,,5
2080,Douglas James MCALLISTER (Lab),skipped,skipped,skipped,skipped,,5
2081,Douglas James MCALLISTER (Lab),skipped,skipped,skipped,skipped,,5
2082,Douglas James MCALLISTER (Lab),skipped,skipped,skipped,skipped,,5
2083,Douglas James MCALLISTER (Lab),skipped,skipped,skipped,skipped,,5
2084,Douglas James MCALLISTER (Lab),skipped,skipped,skipped,skipped,,5
2085,Douglas James MCALLISTER (Lab),skipped,skipped,skipped,skipped,,5
2086,Douglas James MCALLISTER (Lab),skipped,skipped,skipped,skipped,,5
2087,Douglas James MCALLISTER (Lab),skipped,skipped,skipped,skipped,,5
2088,Douglas James MCALLISTER (Lab),skipped,skipped,skipped,skipped,,5
2089,Douglas James MCALLISTER (Lab),skipped,skipped,skipped,skipped,,5
2090,Douglas James MCALLISTER (Lab),skipped,skipped,skipped,skipped,,5
2091,Douglas James MCALLISTER (Lab),skipped,skipped,skipped,skipped,,5
2092,Douglas James MCALLISTER (Lab),skipped,skipped,skipped,skipped,,5
2093,Douglas James MCALLISTER (Lab),skipped,skipped,skipped,skipped,,5
2094,Douglas James MCALLISTER (Lab),skipped,skipped,skipped,skipped,,5
2095,Douglas James MCALLISTER (Lab),skipped,skipped,skipped,skipped,,5
2096,Douglas James MCALLISTER (Lab),skipped,skipped,skipped,skipped,,5
2097,Douglas James MCALLISTER (Lab),skipped,skipped,skipped,skipped,,5
2098,Douglas James MCALLISTER (Lab),skipped,skipped,skipped,skipped,,5
2099,Douglas James MCALLISTER (Lab),skipped,skipped,skipped,skipped,,5
2100,Douglas James MCALLISTER (Lab),skipped,skipped,skipped,skipped,,5
2101,Douglas James MCALLISTER (Lab),skipped,skipped,skipped,skipped,,5
2102,Douglas James MCALLISTER (Lab),skipped,skipped,skipped,skipped,,5
2103,Douglas James MCALLISTER (Lab),skipped,skipped,skipped,skipped,,5
2104,Douglas James MCALLISTER (Lab),skipped,skipped,skipped,skipped,,5
2105,Douglas James MCALLISTER (Lab),skipped,skipped,skipped,skipped,,5
2106,Douglas James MCALLISTER (Lab),skipped,skipped,skipped,skipped,,5
2107,Douglas James MCALLISTER (Lab),skipped,skipped,skipped,skipped,,5
2108,Douglas James MCALLISTER (Lab),skipped,skipped,skipped,skipped,,5
2109,Douglas James MCALLISTER (Lab),skipped,skipped,skipped,skipped,,5
2110,Douglas James MCALLISTER (Lab),skipped,skipped,skipped,skipped,,5
2111,Douglas James MCALLISTER (Lab),skipped,skipped,skipped,skipped,,5
2112,Douglas James MCALLISTER (Lab),skipped,skipped,skipped,skipped,,5
2113,Douglas James MCALLISTER (Lab),skipped,skipped,skipped,skipped,,5
2114,Douglas James MCALLISTER (Lab),skipped,skipped,skipped,skipped,,5
2115,Douglas James MCALLISTER (Lab),skipped,skipped,skipped,skipped,,5
2116,Douglas James MCALLISTER (Lab),skipped,skipped,skipped,skipped,,5
2117,Douglas James MCALLISTER (Lab),skipped,skipped,skipped,skipped,,5
2118,Douglas James MCALLISTER (Lab),skipped,skipped,skipped,skipped,,5
2119,Douglas James MCALLISTER (Lab),skipped,skipped,skipped,skipped,,5
2120,Douglas James MCALLISTER (Lab),skipped,skipped,skipped,skipped,,5
2121,Douglas James MCALLISTER (Lab),skipped,skipped,skipped,skipped,,5
2122,Douglas James MCALLISTER (Lab),skipped,skipped,skipped,skipped,,5
2123,Douglas James MCALLISTER (Lab),skipped,skipped,skipped,skipped,,5
2124,Douglas James MCALLISTER (Lab),skipped,skipped,skipped,skipped,,5
2125,Douglas James MCALLISTER (Lab),skipped,skipped,skipped,skipped,,5
2126,Douglas James MCALLISTER (Lab),skipped,skipped,skipped,skipped,,5
2127,Douglas James MCALLISTER (Lab),skipped,skipped,skipped,skipped,,5
2128,Douglas James MCALLISTER (Lab),skipped,skipped,skipped,skipped,,5
2129,Douglas James MCALLISTER (Lab),skipped,skipped,skipped,skipped,,5
2130,Douglas James MCALLISTER (Lab),skipped,skipped,skipped,skipped,,5
2131,Douglas James MCALLISTER (Lab),skipped,skipped,skipped,skipped,,5
2132,Douglas James MCALLISTER (Lab),skipped,skipped,skipped,skipped,,5
2133,Douglas James MCALLISTER (Lab),skipped,skipped,skipped,skipped,,5
2134,Douglas James MCALLISTER (Lab),skipped,skipped,skipped,skipped,,5
2135,Douglas James MCALLISTER (Lab),skipped,skipped,skipped,skipped,,5
2136,Douglas James MCALLISTER (Lab),skipped,skipped,skipped,skipped,,5
2137,Douglas James MCALLISTER (Lab),skipped,skipped,skipped,skipped,,5
2138,Douglas James MCALLISTER (Lab),skipped,skipped,skipped,skipped,,5
2139,Douglas James MCALLISTER (Lab),skipped,skipped,skipped,skipped,,5
2140,Douglas James MCALLISTER (Lab),skipped,skipped,skipped,skipped,,5
2141,Douglas James MCALLISTER (Lab),skipped,skipped,skipped,skipped,,5
2142,Douglas James MCALLISTER (Lab),skipped,skipped,skipped,skipped,,5
2143,Douglas James MCALLISTER (Lab),skipped,skipped,skipped,skipped,,5
2144,Douglas James MCALLISTER (Lab),skipped,skipped,skipped,skipped,,5
2145,Douglas James MCALLISTER (Lab),skipped,skipped,skipped,skipped,,5
2146,Douglas James MCALLISTER (Lab),skipped,skipped,skipped,skipped,,5
2147,Douglas James MCALLISTER (Lab),skipped,skipped,skipped,skipped,,5
2148,Douglas James MCALLISTER (Lab),skipped,skipped,skipped,skipped,,5
2149,Douglas James MCALLISTER (Lab),skipped,skipped,skipped,skipped,,5
2150,Douglas James MCALLISTER (Lab),skipped,skipped,skipped,skipped,,5
2151,Douglas James MCALLISTER (Lab),skipped,skipped,skipped,skipped,,5
2152,Douglas James MCALLISTER (Lab),skipped,skipped,skipped,skipped,,5
2153,Douglas James MCALLISTER (Lab),skipped,skipped,skipped,skipped,,5
2154,Douglas James MCALLISTER (Lab),skipped,skipped,skipped,skipped,,5
2155,Douglas James MCALLISTER (Lab),skipped,skipped,skipped,skipped,,5
2156,Douglas James MCALLISTER (Lab),skipped,skipped,skipped,skipped,,5
2157,Douglas James MCALLISTER (Lab),skipped,skipped,skipped,skipped,,5
2158,Douglas James MCALLISTER (Lab),skipped,skipped,skipped,skipped,,5
2159,Douglas James MCALLISTER (Lab),skipped,skipped,skipped,skipped,,5
2160,Douglas James MCALLISTER (Lab),skipped,skipped,skipped,skipped,,5
2161,Douglas James MCALLISTER (Lab),skipped,skipped,skipped,skipped,,5
2162,Douglas James MCALLISTER (Lab),skipped,skipped,skipped,skipped,,5
2163,Douglas James MCALLISTER (Lab),skipped,skipped,skipped,skipped,,5
2164,Douglas James MCALLISTER (Lab),skipped,skipped,skipped,skipped,,5
2165,Douglas James MCALLISTER (Lab),skipped,skipped,skipped,skipped,,5
2166,Douglas James MCALLISTER (Lab),skipped,skipped,skipped,skipped,,5
2167,Douglas James MCALLISTER (Lab),skipped,skipped,skipped,skipped,,5
2168,Douglas James MCALLISTER (Lab),skipped,skipped,skipped,skipped,,5
2169,Douglas James MCALLISTER (Lab),skipped,skipped,skipped,skipped,,5
2170,Douglas James MCALLISTER (Lab),skipped,skipped,skipped,skipped,,5
2171,Douglas James MCALLISTER (Lab),skipped,skipped,skipped,skipped,,5
2172,Douglas James MCALLISTER (Lab),skipped,skipped,skipped,skipped,,5
2173,Douglas James MCALLISTER (Lab),skipped,skipped,skipped,skipped,,5
2174,Douglas James MCALLISTER (Lab),skipped,skipped,skipped,skipped,,5
2175,Douglas James MCALLISTER (Lab),skipped,skipped,skipped,skipped,,5
2176,Douglas James MCALLISTER (Lab),skipped,skipped,skipped,skipped,,5
2177,Douglas James MCALLISTER (Lab),skipped,skipped,skipped,skipped,,5
2178,Douglas James MCALLISTER (Lab),skipped,skipped,skipped,skipped,,5
2179,Douglas James MCALLISTER (Lab),skipped,skipped,skipped,skipped,,5
2180,Douglas James MCALLISTER (Lab),skipped,skipped,skipped,skipped,,5
2181,Douglas James MCALLISTER (Lab),skipped,skipped,skipped,skipped,,5
2182,Douglas James MCALLISTER (Lab),skipped,skipped,skipped,skipped,,5
2183,Douglas James MCALLISTER (Lab),skipped,skipped,skipped,skipped,,5
2184,Douglas James MCALLISTER (Lab),skipped,skipped,skipped,skipped,,5
2185,Douglas James MCALLISTER (Lab),skipped,skipped,skipped,skipped,,5
2186,Douglas James MCALLISTER (Lab),skipped,skipped,skipped,skipped,,5
2187,Douglas James MCALLISTER (Lab),skipped,skipped,skipped,skipped,,5
2188,Douglas James MCALLISTER (Lab),skipped,skipped,skipped,skipped,,5
2189,Douglas James MCALLISTER (Lab),skipped,skipped,skipped,skipped,,5
2190,Douglas James MCALLISTER (Lab),skipped,skipped,skipped,skipped,,5
2191,Douglas James MCALLISTER (Lab),skipped,skipped,skipped,skipped,,5
2192,Douglas James MCALLISTER (Lab),skipped,skipped,skipped,skipped,,5
2193,Douglas James MCALLISTER (Lab),skipped,skipped,skipped,skipped,,5
2194,Douglas James MCALLISTER (Lab),skipped,skipped,skipped,skipped,,5
2195,Douglas James MCALLISTER (Lab),skipped,skipped,skipped,skipped,,5
2196,Douglas James MCALLISTER (Lab),skipped,skipped,skipped,skipped,,5
2197,Douglas James MCALLISTER (Lab),skipped,skipped,skipped,skipped,,5
2198,Douglas James MCALLISTER (Lab),skipped,skipped,skipped,skipped,,5
2199,Douglas James MCALLISTER (Lab),skipped,skipped,skipped,skipped,,5
2200,Douglas James MCALLISTER (Lab),skipped,skipped,skipped,skipped,,5
2201,Douglas James MCALLISTER (Lab),skipped,skipped,skipped,skipped,,5
2202,Douglas James MCALLISTER (Lab),skipped,skipped,skipped,skipped,,5
2203,Douglas James MCALLISTER (Lab),skipped,skipped,skipped,skipped,,5
2204,Douglas James MCALLISTER (Lab),skipped,skipped,skipped,skipped,,5
2205,Douglas James MCALLISTER (Lab),skipped,skipped,skipped,skipped,,5
2206,Douglas James MCALLISTER (Lab),skipped,skipped,skipped,skipped,,5
2207,Douglas James MCALLISTER (Lab),skipped,skipped,skipped,skipped,,5
2208,Douglas James MCALLISTER (Lab),skipped,skipped,skipped,skipped,,5
2209,Douglas James MCALLISTER (Lab),skipped,skipped,skipped,skipped,,5
2210,Douglas James MCALLISTER (Lab),skipped,skipped,skipped,skipped,,5
2211,Douglas James MCALLISTER (Lab),skipped,skipped,skipped,skipped,,5
2212,Douglas James MCALLISTER (Lab),skipped,skipped,skipped,skipped,,5
2213,Douglas James MCALLISTER (Lab),skipped,skipped,skipped,skipped,,5
2214,Douglas James MCALLISTER (Lab),skipped,skipped,skipped,skipped,,5
2215,Douglas James MCALLISTER (Lab),skipped,skipped,skipped,skipped,,5
2216,Douglas James MCALLISTER (Lab),skipped,skipped,skipped,skipped,,5
2217,Douglas James MCALLISTER (Lab),skipped,skipped,skipped,skipped,,5
2218,Douglas James MCALLISTER (Lab),skipped,skipped,skipped,skipped,,5
2219,Douglas James MCALLISTER (Lab),skipped,skipped,skipped,skipped,,5
2220,Douglas James MCALLISTER (Lab),skipped,skipped,skipped,skipped,,5
2221,Douglas James MCALLISTER (Lab),skipped,skipped,skipped,skipped,,5
2222,Douglas James MCALLISTER (Lab),skipped,skipped,skipped,skipped,,5
2223,Douglas James MCALLISTER (Lab),skipped,skipped,skipped,skipped,,5
2224,Douglas James MCALLISTER (Lab),skipped,skipped,skipped,skipped,,5
2225,Douglas James MCALLISTER (Lab),skipped,skipped,skipped,skipped,,5
2226,Douglas James MCALLISTER (Lab),skipped,skipped,skipped,skipped,,5
2227,Douglas James MCALLISTER (Lab),skipped,skipped,skipped,skipped,,5
2228,Douglas James MCALLISTER (Lab),skipped,skipped,skipped,skipped,,5
2229,Douglas James MCALLISTER (Lab),skipped,skipped,skipped,skipped,,5
2230,Douglas James MCALLISTER (Lab),skipped,skipped,skipped,skipped,,5
2231,Douglas James MCALLISTER (Lab),skipped,skipped,skipped,skipped,,5
2232,Douglas James MCALLISTER (Lab),skipped,skipped,skipped,skipped,,5
2233,Douglas James MCALLISTER (Lab),skipped,skipped,skipped,skipped,,5
2234,Douglas James MCALLISTER (Lab),skipped,skipped,skipped,skipped,,5
2235,Douglas James MCALLISTER (Lab),skipped,skipped,skipped,skipped,,5
2236,Douglas James MCALLISTER (Lab),skipped,skipped,skipped,skipped,,5
2237,Douglas James MCALLISTER (Lab),skipped,skipped,skipped,skipped,,5
2238,Douglas James MCALLISTER (Lab),skipped,skipped,skipped,skipped,,5
2239,Douglas James MCALLISTER (Lab),skipped,skipped,skipped,skipped,,5
2240,Douglas James MCALLISTER (Lab),skipped,skipped,skipped,skipped,,5
2241,Douglas James MCALLISTER (Lab),skipped,skipped,skipped,skipped,,5
2242,Douglas James MCALLISTER (Lab),skipped,skipped,skipped,skipped,,5
2243,Douglas James MCALLISTER (Lab),skipped,skipped,skipped,skipped,,5
2244,Douglas James MCALLISTER (Lab),skipped,skipped,skipped,skipped,,5
2245,Douglas James MCALLISTER (Lab),skipped,skipped,skipped,skipped,,5
2246,Douglas James MCALLISTER (Lab),skipped,skipped,skipped,skipped,,5
2247,Douglas James MCALLISTER (Lab),skipped,skipped,skipped,skipped,,5
2248,Douglas James MCALLISTER (Lab),skipped,skipped,skipped,skipped,,5
2249,Douglas James MCALLISTER (Lab),skipped,skipped,skipped,skipped,,5
2250,Douglas James MCALLISTER (Lab),skipped,skipped,skipped,skipped,,5
2251,Douglas James MCALLISTER (Lab),skipped,skipped,skipped,skipped,,5
2252,Douglas James MCALLISTER (Lab),skipped,skipped,skipped,skipped,,5
2253,Douglas James MCALLISTER (Lab),skipped,skipped,skipped,skipped,,5
2254,Douglas James MCALLISTER (Lab),skipped,skipped,skipped,skipped,,5
2255,Douglas James MCALLISTER (Lab),skipped,skipped,skipped,skipped,,5
2256,Douglas James MCALLISTER (Lab),skipped,skipped,skipped,skipped,,5
2257,Douglas James MCALLISTER (Lab),skipped,skipped,skipped,skipped,,5
2258,Douglas James MCALLISTER (Lab),skipped,skipped,skipped,skipped,,5
2259,Douglas James MCALLISTER (Lab),skipped,skipped,skipped,skipped,,5
2260,Douglas James MCALLISTER (Lab),skipped,skipped,skipped,skipped,,5
2261,Douglas James MCALLISTER (Lab),skipped,skipped,skipped,skipped,,5
2262,Douglas James MCALLISTER (Lab),skipped,skipped,skipped,skipped,,5
2263,Douglas James MCALLISTER (Lab),skipped,skipped,skipped,skipped,,5
2264,Douglas James MCALLISTER (Lab),skipped,skipped,skipped,skipped,,5
2265,Douglas James MCALLISTER (Lab),skipped,skipped,skipped,skipped,,5
2266,Douglas James MCALLISTER (Lab),skipped,skipped,skipped,skipped,,5
2267,Douglas James MCALLISTER (Lab),skipped,skipped,skipped,skipped,,5
2268,Douglas James MCALLISTER (Lab),skipped,skipped,skipped,skipped,,5
2269,Douglas James MCALLISTER (Lab),skipped,skipped,skipped,skipped,,5
2270,Douglas James MCALLISTER (Lab),skipped,skipped,skipped,skipped,,5
2271,Douglas James MCALLISTER (Lab),skipped,skipped,skipped,skipped,,5
2272,Douglas James MCALLISTER (Lab),skipped,skipped,skipped,skipped,,5
2273,Douglas James MCALLISTER (Lab),skipped,skipped,skipped,skipped,,5
2274,Douglas James MCALLISTER (Lab),skipped,skipped,skipped,skipped,,5
2275,Douglas James MCALLISTER (Lab),skipped,skipped,skipped,skipped,,5
2276,Douglas James MCALLISTER (Lab),skipped,skipped,skipped,skipped,,5
2277,Douglas James MCALLISTER (Lab),skipped,skipped,skipped,skipped,,5
2278,Douglas James MCALLISTER (Lab),skipped,skipped,skipped,skipped,,5
2279,Douglas James MCALLISTER (Lab),skipped,skipped,skipped,skipped,,5
2280,Douglas James MCALLISTER (Lab),skipped,skipped,skipped,skipped,,5
2281,Douglas James MCALLISTER (Lab),skipped,skipped,skipped,skipped,,5
2282,Douglas James MCALLISTER (Lab),skipped,skipped,skipped,skipped,,5
2283,Douglas James MCALLISTER (Lab),skipped,skipped,skipped,skipped,,5
2284,Douglas James MCALLISTER (Lab),skipped,skipped,skipped,skipped,,5
2285,Douglas James MCALLISTER (Lab),skipped,skipped,skipped,skipped,,5
2286,Douglas James MCALLISTER (Lab),skipped,skipped,skipped,skipped,,5
2287,Douglas James MCALLISTER (Lab),skipped,skipped,skipped,skipped,,5
2288,Douglas James MCALLISTER (Lab),skipped,skipped,skipped,skipped,,5
2289,Douglas James MCALLISTER (Lab),skipped,skipped,skipped,skipped,,5
2290,Douglas James MCALLISTER (Lab),skipped,skipped,skipped,skipped,,5
2291,Douglas James MCALLISTER (Lab),skipped,skipped,skipped,skipped,,5
2292,Douglas James MCALLISTER (Lab),skipped,skipped,skipped,skipped,,5
2293,Douglas James MCALLISTER (Lab),skipped,skipped,skipped,skipped,,5
2294,Douglas James MCALLISTER (Lab),skipped,skipped,skipped,skipped,,5
2295,Douglas James MCALLISTER (Lab),skipped,skipped,skipped,skipped,,5
2296,Douglas James MCALLISTER (Lab),skipped,skipped,skipped,skipped,,5
2297,Douglas James MCALLISTER (Lab),skipped,skipped,skipped,skipped,,5
2298,Douglas James MCALLISTER (Lab),skipped,skipped,skipped,skipped,,5
2299,Douglas James MCALLISTER (Lab),skipped,skipped,skipped,skipped,,5
2300,Douglas James MCALLISTER (Lab),skipped,skipped,skipped,skipped,,5
2301,Douglas James MCALLISTER (Lab),skipped,skipped,skipped,skipped,,5
2302,Douglas James MCALLISTER (Lab),skipped,skipped,skipped,skipped,,5
2303,Douglas James MCALLISTER (Lab),skipped,skipped,skipped,skipped,,5
2304,Douglas James MCALLISTER (Lab),skipped,skipped,skipped,skipped,,5
2305,Douglas James MCALLISTER (Lab),skipped,skipped,skipped,skipped,,5
2306,Douglas James MCALLISTER (Lab),skipped,skipped,skipped,skipped,,5
2307,Douglas James MCALLISTER (Lab),skipped,skipped,skipped,skipped,,5
2308,Douglas James MCALLISTER (Lab),skipped,skipped,skipped,skipped,,5
2309,Douglas James MCALLISTER (Lab),skipped,skipped,skipped,skipped,,5
2310,Douglas James MCALLISTER (Lab),skipped,skipped,skipped,skipped,,5
2311,Douglas James MCALLISTER (Lab),skipped,skipped,skipped,skipped,,5
2312,Douglas James MCALLISTER (Lab),skipped,skipped,skipped,skipped,,5
2313,Douglas James MCALLISTER (Lab),skipped,skipped,skipped,skipped,,5
2314,Douglas James MCALLISTER (Lab),skipped,skipped,skipped,skipped,,5
2315,Douglas James MCALLISTER (Lab),skipped,skipped,skipped,skipped,,5
2316,Douglas James MCALLISTER (Lab),skipped,skipped,skipped,skipped,,5
2317,Douglas James MCALLISTER (Lab),skipped,skipped,skipped,skipped,,5
2318,Douglas James MCALLISTER (Lab),skipped,skipped,skipped,skipped,,5
2319,Douglas James MCALLISTER (Lab),skipped,skipped,skipped,skipped,,5
2320,Douglas James MCALLISTER (Lab),skipped,skipped,skipped,skipped,,5
2321,Douglas James MCALLISTER (Lab),skipped,skipped,skipped,skipped,,5
2322,Douglas James MCALLISTER (Lab),skipped,skipped,skipped,skipped,,5
2323,Douglas James MCALLISTER (Lab),skipped,skipped,skipped,skipped,,5
2324,Douglas James MCALLISTER (Lab),skipped,skipped,skipped,skipped,,5
2325,Douglas James MCALLISTER (Lab),skipped,skipped,skipped,skipped,,5
2326,Douglas James MCALLISTER (Lab),skipped,skipped,skipped,skipped,,5
2327,Douglas James MCALLISTER (Lab),skipped,skipped,skipped,skipped,,5
2328,Douglas James MCALLISTER (Lab),skipped,skipped,skipped,skipped,,5
2329,Douglas James MCALLISTER (Lab),skipped,skipped,skipped,skipped,,5
2330,Douglas James MCALLISTER (Lab),skipped,skipped,skipped,skipped,,5
2331,Douglas James MCALLISTER (Lab),skipped,skipped,skipped,skipped,,5
2332,Douglas James MCALLISTER (Lab),skipped,skipped,skipped,skipped,,5
2333,Douglas James MCALLISTER (Lab),skipped,skipped,skipped,skipped,,5
2334,Douglas James MCALLISTER (Lab),skipped,skipped,skipped,skipped,,5
2335,Douglas James MCALLISTER (Lab),skipped,skipped,skipped,skipped,,5
2336,Douglas James MCALLISTER (Lab),skipped,skipped,skipped,skipped,,5
2337,Douglas James MCALLISTER (Lab),skipped,skipped,skipped,skipped,,5
2338,Douglas James MCALLISTER (Lab),skipped,skipped,skipped,skipped,,5
2339,Douglas James MCALLISTER (Lab),skipped,skipped,skipped,skipped,,5
2340,Douglas James MCALLISTER (Lab),skipped,skipped,skipped,skipped,,5
2341,Douglas James MCALLISTER (Lab),skipped,skipped,skipped,skipped,,5
2342,Douglas James MCALLISTER (Lab),skipped,skipped,skipped,skipped,,5
2343,Douglas James MCALLISTER (Lab),skipped,skipped,skipped,skipped,,5
2344,Douglas James MCALLISTER (Lab),skipped,skipped,skipped,skipped,,5
2345,Douglas James MCALLISTER (Lab),skipped,skipped,skipped,skipped,,5
2346,Douglas James MCALLISTER (Lab),skipped,skipped,skipped,skipped,,5
2347,Douglas James MCALLISTER (Lab),skipped,skipped,skipped,skipped,,5
2348,Douglas James MCALLISTER (Lab),skipped,skipped,skipped,skipped,,5
2349,Douglas James MCALLISTER (Lab),skipped,skipped,skipped,skipped,,5
2350,Douglas James MCALLISTER (Lab),skipped,skipped,skipped,skipped,,5
2351,Douglas James MCALLISTER (Lab),skipped,skipped,skipped,skipped,,5
2352,Douglas James MCALLISTER (Lab),skipped,skipped,skipped,skipped,,5
2353,Douglas James MCALLISTER (Lab),skipped,skipped,skipped,skipped,,5
2354,Douglas James MCALLISTER (Lab),skipped,skipped,skipped,skipped,,5
2355,Douglas James MCALLISTER (Lab),skipped,skipped,skipped,skipped,,5
2356,Douglas James MCALLISTER (Lab),skipped,skipped,skipped,skipped,,5
2357,Douglas James MCALLISTER (Lab),skipped,skipped,skipped,skipped,,5
2358,Douglas James MCALLISTER (Lab),skipped,skipped,skipped,skipped,,5
2359,Douglas James MCALLISTER (Lab),skipped,skipped,skipped,skipped,,5
2360,Douglas James MCALLISTER (Lab),skipped,skipped,skipped,skipped,,5
2361,Douglas James MCALLISTER (Lab),skipped,skipped,skipped,skipped,,5
2362,Douglas James MCALLISTER (Lab),skipped,skipped,skipped,skipped,,5
2363,Douglas James MCALLISTER (Lab),skipped,skipped,skipped,skipped,,5
2364,Douglas James MCALLISTER (Lab),skipped,skipped,skipped,skipped,,5
2365,Douglas James MCALLISTER (Lab),skipped,skipped,skipped,skipped,,5
2366,Douglas James MCALLISTER (Lab),skipped,skipped,skipped,skipped,,5
2367,Douglas James MCALLISTER (Lab),skipped,skipped,skipped,skipped,,5
2368,Douglas James MCALLISTER (Lab),skipped,skipped,skipped,skipped,,5
2369,Douglas James MCALLISTER (Lab),skipped,skipped,skipped,skipped,,5
2370,Douglas James MCALLISTER (Lab),skipped,skipped,skipped,skipped,,5
2371,Douglas James MCALLISTER (Lab),skipped,skipped,skipped,skipped,,5
2372,Douglas James MCALLISTER (Lab),skipped,skipped,skipped,skipped,,5
2373,Douglas James MCALLISTER (Lab),skipped,skipped,skipped,skipped,,5
2374,Douglas James MCALLISTER (Lab),skipped,skipped,skipped,skipped,,5
2375,Douglas James MCALLISTER (Lab),skipped,skipped,skipped,skipped,,5
2376,Douglas James MCALLISTER (Lab),skipped,skipped,skipped,skipped,,5
2377,Douglas James MCALLISTER (Lab),skipped,skipped,skipped,skipped,,5
2378,Douglas James MCALLISTER (Lab),skipped,skipped,skipped,skipped,,5
2379,Douglas James MCALLISTER (Lab),skipped,skipped,skipped,skipped,,5
2380,Douglas James MCALLISTER (Lab),skipped,skipped,skipped,skipped,,5
2381,Douglas James MCALLISTER (Lab),skipped,skipped,skipped,skipped,,5
2382,Douglas James MCALLISTER (Lab),skipped,skipped,skipped,skipped,,5
2383,Douglas James MCALLISTER (Lab),skipped,skipped,skipped,skipped,,5
2384,Douglas James MCALLISTER (Lab),skipped,skipped,skipped,skipped,,5
2385,Douglas James MCALLISTER (Lab),skipped,skipped,skipped,skipped,,5
2386,Douglas James MCALLISTER (Lab),skipped,skipped,skipped,skipped,,5
2387,Douglas James MCALLISTER (Lab),skipped,skipped,skipped,skipped,,5
2388,Douglas James MCALLISTER (Lab),skipped,skipped,skipped,skipped,,5
2389,Douglas James MCALLISTER (Lab),skipped,skipped,skipped,skipped,,5
2390,Douglas James MCALLISTER (Lab),skipped,skipped,skipped,skipped,,5
2391,Douglas James MCALLISTER (Lab),skipped,skipped,skipped,skipped,,5
2392,Douglas James MCALLISTER (Lab),skipped,skipped,skipped,skipped,,5
2393,Douglas James MCALLISTER (Lab),skipped,skipped,skipped,skipped,,5
2394,Douglas James MCALLISTER (Lab),skipped,skipped,skipped,skipped,,5
2395,Douglas James MCALLISTER (Lab),skipped,skipped,skipped,skipped,,5
2396,Douglas James MCALLISTER (Lab),skipped,skipped,skipped,skipped,,5
2397,Douglas James MCALLISTER (Lab),skipped,skipped,skipped,skipped,,5
2398,Douglas James MCALLISTER (Lab),skipped,skipped,skipped,skipped,,5
2399,Douglas James MCALLISTER (Lab),skipped,skipped,skipped,skipped,,5
2400,Douglas James MCALLISTER (Lab),skipped,skipped,skipped,skipped,,5
2401,Douglas James MCALLISTER (Lab),skipped,skipped,skipped,skipped,,5
2402,Douglas James MCALLISTER (Lab),skipped,skipped,skipped,skipped,,5
2403,Douglas James MCALLISTER (Lab),skipped,skipped,skipped,skipped,,5
2404,Douglas James MCALLISTER (Lab),skipped,skipped,skipped,skipped,,5
2405,Douglas James MCALLISTER (Lab),skipped,skipped,skipped,skipped,,5
2406,Douglas James MCALLISTER (Lab),skipped,skipped,skipped,skipped,,5
2407,Douglas James MCALLISTER (Lab),skipped,skipped,skipped,skipped,,5
2408,Douglas James MCALLISTER (Lab),skipped,skipped,skipped,skipped,,5
2409,Douglas James MCALLISTER (Lab),skipped,skipped,skipped,skipped,,5
2410,Douglas James MCALLISTER (Lab),skipped,skipped,skipped,skipped,,5
2411,Douglas James MCALLISTER (Lab),skipped,skipped,skipped,skipped,,5
2412,Douglas James MCALLISTER (Lab),skipped,skipped,skipped,skipped,,5
2413,Douglas James MCALLISTER (Lab),skipped,skipped,skipped,skipped,,5
2414,Douglas James MCALLISTER (Lab),skipped,skipped,skipped,skipped,,5
2415,Douglas James MCALLISTER (Lab),skipped,skipped,skipped,skipped,,5
2416,Douglas James MCALLISTER (Lab),skipped,skipped,skipped,skipped,,5
2417,Douglas James MCALLISTER (Lab),skipped,skipped,skipped,skipped,,5
2418,Douglas James MCALLISTER (Lab),skipped,skipped,skipped,skipped,,5
2419,Douglas James MCALLISTER (Lab),skipped,skipped,skipped,skipped,,5
2420,Douglas James MCALLISTER (Lab),skipped,skipped,skipped,skipped,,5
2421,Douglas James MCALLISTER (Lab),skipped,skipped,skipped,skipped,,5
2422,Douglas James MCALLISTER (Lab),skipped,skipped,skipped,skipped,,5
2423,Douglas James MCALLISTER (Lab),skipped,skipped,skipped,skipped,,5
2424,Douglas James MCALLISTER (Lab),skipped,skipped,skipped,skipped,,5
2425,Douglas James MCALLISTER (Lab),skipped,skipped,skipped,skipped,,5
2426,Douglas James MCALLISTER (Lab),skipped,skipped,skipped,skipped,,5
2427,Douglas James MCALLISTER (Lab),skipped,skipped,skipped,skipped,,5
2428,Douglas James MCALLISTER (Lab),skipped,skipped,skipped,skipped,,5
2429,Douglas James MCALLISTER (Lab),skipped,skipped,skipped,skipped,,5
2430,Douglas James MCALLISTER (Lab),skipped,skipped,skipped,skipped,,5
2431,Douglas James MCALLISTER (Lab),skipped,skipped,skipped,skipped,,5
2432,Douglas James MCALLISTER (Lab),skipped,skipped,skipped,skipped,,5
2433,Douglas James MCALLISTER (Lab),skipped,skipped,skipped,skipped,,5
2434,Douglas James MCALLISTER (Lab),skipped,skipped,skipped,skipped,,5
2435,Douglas James MCALLISTER (Lab),skipped,skipped,skipped,skipped,,5
2436,Douglas James MCALLISTER (Lab),skipped,skipped,skipped,skipped,,5
2437,Douglas James MCALLISTER (Lab),skipped,skipped,skipped,skipped,,5
2438,Douglas James MCALLISTER (Lab),skipped,skipped,skipped,skipped,,5
2439,Douglas James MCALLISTER (Lab),skipped,skipped,skipped,skipped,,5
2440,Douglas James MCALLISTER (Lab),skipped,skipped,skipped,skipped,,5
2441,Douglas James MCALLISTER (Lab),skipped,skipped,skipped,skipped,,5
2442,Douglas James MCALLISTER (Lab),skipped,skipped,skipped,skipped,,5
2443,Douglas James MCALLISTER (Lab),skipped,skipped,skipped,skipped,,5
2444,Douglas James MCALLISTER (Lab),skipped,skipped,skipped,skipped,,5
2445,Douglas James MCALLISTER (Lab),skipped,skipped,skipped,skipped,,5
2446,Douglas James MCALLISTER (Lab),skipped,skipped,skipped,skipped,,5
2447,Douglas James MCALLISTER (Lab),skipped,skipped,skipped,skipped,,5
2448,Douglas James MCALLISTER (Lab),skipped,skipped,skipped,skipped,,5
2449,Douglas James MCALLISTER (Lab),skipped,skipped,skipped,skipped,,5
2450,Douglas James MCALLISTER (Lab),skipped,skipped,skipped,skipped,,5
2451,Douglas James MCALLISTER (Lab),skipped,skipped,skipped,skipped,,5
2452,Douglas James MCALLISTER (Lab),skipped,skipped,skipped,skipped,,5
2453,Douglas James MCALLISTER (Lab),skipped,skipped,skipped,skipped,,5
2454,Douglas James MCALLISTER (Lab),skipped,skipped,skipped,skipped,,5
2455,Douglas James MCALLISTER (Lab),skipped,skipped,skipped,skipped,,5
2456,Douglas James MCALLISTER (Lab),skipped,skipped,skipped,skipped,,5
2457,Douglas James MCALLISTER (Lab),skipped,skipped,skipped,skipped,,5
2458,Douglas James MCALLISTER (Lab),skipped,skipped,skipped,skipped,,5
2459,Douglas James MCALLISTER (Lab),skipped,skipped,skipped,skipped,,5
2460,Douglas James MCALLISTER (Lab),skipped,skipped,skipped,skipped,,5
2461,Douglas James MCALLISTER (Lab),skipped,skipped,skipped,skipped,,5
2462,Douglas James MCALLISTER (Lab),skipped,skipped,skipped,skipped,,5
2463,Douglas James MCALLISTER (Lab),skipped,skipped,skipped,skipped,,5
2464,Douglas James MCALLISTER (Lab),skipped,skipped,skipped,skipped,,5
2465,Douglas James MCALLISTER (Lab),skipped,skipped,skipped,skipped,,5
2466,Douglas James MCALLISTER (Lab),skipped,skipped,skipped,skipped,,5
2467,Douglas James MCALLISTER (Lab),skipped,skipped,skipped,skipped,,5
2468,Douglas James MCALLISTER (Lab),skipped,skipped,skipped,skipped,,5
2469,Douglas James MCALLISTER (Lab),skipped,skipped,skipped,skipped,,5
2470,Douglas James MCALLISTER (Lab),skipped,skipped,skipped,skipped,,5
2471,Douglas James MCALLISTER (Lab),skipped,skipped,skipped,skipped,,5
2472,Douglas James MCALLISTER (Lab),skipped,skipped,skipped,skipped,,5
2473,Douglas James MCALLISTER (Lab),skipped,skipped,skipped,skipped,,5
2474,Douglas James MCALLISTER (Lab),skipped,skipped,skipped,skipped,,5
2475,Douglas James MCALLISTER (Lab),skipped,skipped,skipped,skipped,,5
2476,Douglas James MCALLISTER (Lab),skipped,skipped,skipped,skipped,,5
2477,Douglas James MCALLISTER (Lab),skipped,skipped,skipped,skipped,,5
2478,Douglas James MCALLISTER (Lab),skipped,skipped,skipped,skipped,,5
2479,Douglas James MCALLISTER (Lab),skipped,skipped,skipped,skipped,,5
2480,Douglas James MCALLISTER (Lab),skipped,skipped,skipped,skipped,,5
2481,Douglas James MCALLISTER (Lab),skipped,skipped,skipped,skipped,,5
2482,Douglas James MCALLISTER (Lab),skipped,skipped,skipped,skipped,,5
2483,Douglas James MCALLISTER (Lab),skipped,skipped,skipped,skipped,,5
2484,Douglas James MCALLISTER (Lab),skipped,skipped,skipped,skipped,,5
2485,Douglas James MCALLISTER (Lab),skipped,skipped,skipped,skipped,,5
2486,Douglas James MCALLISTER (Lab),skipped,skipped,skipped,skipped,,5
2487,Douglas James MCALLISTER (Lab),skipped,skipped,skipped,skipped,,5
2488,Douglas James MCALLISTER (Lab),skipped,skipped,skipped,skipped,,5
2489,Douglas James MCALLISTER (Lab),skipped,skipped,skipped,skipped,,5
2490,Douglas James MCALLISTER (Lab),skipped,skipped,skipped,skipped,,5
2491,Douglas James MCALLISTER (Lab),skipped,skipped,skipped,skipped,,5
2492,Douglas James MCALLISTER (Lab),skipped,skipped,skipped,skipped,,5
2493,Douglas James MCALLISTER (Lab),skipped,skipped,skipped,skipped,,5
2494,Douglas James MCALLISTER (Lab),skipped,skipped,skipped,skipped,,5
2495,Douglas James MCALLISTER (Lab),skipped,skipped,skipped,skipped,,5
2496,Douglas James MCALLISTER (Lab),skipped,skipped,skipped,skipped,,5
2497,Douglas James MCALLISTER (Lab),skipped,skipped,skipped,skipped,,5
2498,Douglas James MCALLISTER (Lab),skipped,skipped,skipped,skipped,,5
2499,Douglas James MCALLISTER (Lab),skipped,skipped,skipped,skipped,,5
2500,Douglas James MCALLISTER (Lab),skipped,skipped,skipped,skipped,,5
2501,Douglas James MCALLISTER (Lab),skipped,skipped,skipped,skipped,,5
2502,Douglas James MCALLISTER (Lab),skipped,skipped,skipped,skipped,,5
2503,Douglas James MCALLISTER (Lab),skipped,skipped,skipped,skipped,,5
2504,Douglas James MCALLISTER (Lab),skipped,skipped,skipped,skipped,,5
2505,Douglas James MCALLISTER (Lab),skipped,skipped,skipped,skipped,,5
2506,Douglas James MCALLISTER (Lab),skipped,skipped,skipped,skipped,,5
2507,Douglas James MCALLISTER (Lab),skipped,skipped,skipped,skipped,,5
2508,Douglas James MCALLISTER (Lab),skipped,skipped,skipped,skipped,,5
2509,Douglas James MCALLISTER (Lab),skipped,skipped,skipped,skipped,,5
2510,Douglas James MCALLISTER (Lab),skipped,skipped,skipped,skipped,,5
2511,Douglas James MCALLISTER (Lab),skipped,skipped,skipped,skipped,,5
2512,Douglas James MCALLISTER (Lab),skipped,skipped,skipped,skipped,,5
2513,Douglas James MCALLISTER (Lab),skipped,skipped,skipped,skipped,,5
2514,Douglas James MCALLISTER (Lab),skipped,skipped,skipped,skipped,,5
2515,Douglas James MCALLISTER (Lab),skipped,skipped,skipped,skipped,,5
2516,Douglas James MCALLISTER (Lab),skipped,skipped,skipped,skipped,,5
2517,Douglas James MCALLISTER (Lab),skipped,skipped,skipped,skipped,,5
2518,Douglas James MCALLISTER (Lab),skipped,skipped,skipped,skipped,,5
2519,Douglas James MCALLISTER (Lab),skipped,skipped,skipped,skipped,,5
2520,Douglas James MCALLISTER (Lab),skipped,skipped,skipped,skipped,,5
2521,Douglas James MCALLISTER (Lab),skipped,skipped,skipped,skipped,,5
2522,Douglas James MCALLISTER (Lab),skipped,skipped,skipped,skipped,,5
2523,Douglas James MCALLISTER (Lab),skipped,skipped,skipped,skipped,,5
2524,Douglas James MCALLISTER (Lab),skipped,skipped,skipped,skipped,,5
2525,Douglas James MCALLISTER (Lab),skipped,skipped,skipped,skipped,,5
2526,Douglas James MCALLISTER (Lab),skipped,skipped,skipped,skipped,,5
2527,Douglas James MCALLISTER (Lab),skipped,skipped,skipped,skipped,,5
2528,Douglas James MCALLISTER (Lab),skipped,skipped,skipped,skipped,,5
2529,Douglas James MCALLISTER (Lab),skipped,skipped,skipped,skipped,,5
2530,Douglas James MCALLISTER (Lab),skipped,skipped,skipped,skipped,,5
2531,Douglas James MCALLISTER (Lab),skipped,skipped,skipped,skipped,,5
2532,Douglas James MCALLISTER (Lab),skipped,skipped,skipped,skipped,,5
2533,Douglas James MCALLISTER (Lab),skipped,skipped,skipped,skipped,,5
2534,Douglas James MCALLISTER (Lab),skipped,skipped,skipped,skipped,,5
2535,Douglas James MCALLISTER (Lab),skipped,skipped,skipped,skipped,,5
2536,Douglas James MCALLISTER (Lab),skipped,skipped,skipped,skipped,,5
2537,Douglas James MCALLISTER (Lab),skipped,skipped,skipped,skipped,,5
2538,Douglas James MCALLISTER (Lab),skipped,skipped,skipped,skipped,,5
2539,Douglas James MCALLISTER (Lab),skipped,skipped,skipped,skipped,,5
2540,Douglas James MCALLISTER (Lab),skipped,skipped,skipped,skipped,,5
2541,Douglas James MCALLISTER (Lab),skipped,skipped,skipped,skipped,,5
2542,Douglas James MCALLISTER (Lab),skipped,skipped,skipped,skipped,,5
2543,Douglas James MCALLISTER (Lab),skipped,skipped,skipped,skipped,,5
2544,Douglas James MCALLISTER (Lab),skipped,skipped,skipped,skipped,,5
2545,Douglas James MCALLISTER (Lab),skipped,skipped,skipped,skipped,,5
2546,Douglas James MCALLISTER (Lab),skipped,skipped,skipped,skipped,,5
2547,Douglas James MCALLISTER (Lab),skipped,skipped,skipped,skipped,,5
2548,Douglas James MCALLISTER (Lab),skipped,skipped,skipped,skipped,,5
2549,Douglas James MCALLISTER (Lab),skipped,skipped,skipped,skipped,,5
2550,Douglas James MCALLISTER (Lab),skipped,skipped,skipped,skipped,,5
2551,Douglas James MCALLISTER (Lab),skipped,skipped,skipped,skipped,,5
2552,Douglas James MCALLISTER (Lab),skipped,skipped,skipped,skipped,,5
2553,Douglas James MCALLISTER (Lab),skipped,skipped,skipped,skipped,,5
2554,Douglas James MCALLISTER (Lab),skipped,skipped,skipped,skipped,,5
2555,Douglas James MCALLISTER (Lab),skipped,skipped,skipped,skipped,,5
2556,Douglas James MCALLISTER (Lab),skipped,skipped,skipped,skipped,,5
2557,Douglas James MCALLISTER (Lab),skipped,skipped,skipped,skipped,,5
2558,Douglas James MCALLISTER (Lab),Hermione SPENCER (Con),skipped,skipped,skipped,,5
2559,Douglas James MCALLISTER (Lab),Hermione SPENCER (Con),skipped,skipped,skipped,,5
2560,Douglas James MCALLISTER (Lab),Hermione SPENCER (Con),skipped,skipped,skipped,,5
2561,Douglas James MCALLISTER (Lab),Hermione SPENCER (Con),skipped,skipped,skipped,,5
2562,Douglas James MCALLISTER (Lab),Hermione SPENCER (Con),skipped,skipped,skipped,,5
2563,Douglas James MCALLISTER (Lab),Hermione SPENCER (Con),skipped,skipped,skipped,,5
2564,Douglas James MCALLISTER (Lab),Hermione SPENCER (Con),skipped,skipped,skipped,,5
2565,Douglas James MCALLISTER (Lab),Hermione SPENCER (Con),skipped,skipped,skipped,,5
2566,Douglas James MCALLISTER (Lab),Hermione SPENCER (Con),skipped,skipped,skipped,,5
2567,Douglas James MCALLISTER (Lab),Hermione SPENCER (Con),skipped,skipped,skipped,,5
2568,Douglas James MCALLISTER (Lab),Hermione SPENCER (Con),skipped,skipped,skipped,,5
2569,Douglas James MCALLISTER (Lab),Hermione SPENCER (Con),skipped,skipped,skipped,,5
2570,Douglas James MCALLISTER (Lab),Hermione SPENCER (Con),skipped,skipped,skipped,,5
2571,Douglas James MCALLISTER (Lab),Hermione SPENCER (Con),skipped,skipped,skipped,,5
2572,Douglas James MCALLISTER (Lab),Hermione SPENCER (Con),skipped,skipped,skipped,,5
2573,Douglas James MCALLISTER (Lab),Hermione SPENCER (Con),skipped,skipped,skipped,,5
2574,Douglas James MCALLISTER (Lab),Hermione SPENCER (Con),skipped,skipped,skipped,,5
2575,Douglas James MCALLISTER (Lab),Hermione SPENCER (Con),skipped,skipped,skipped,,5
2576,Douglas James MCALLISTER (Lab),Hermione SPENCER (Con),skipped,skipped,skipped,,5
2577,Douglas James MCALLISTER (Lab),Hermione SPENCER (Con),skipped,skipped,skipped,,5
2578,Douglas James MCALLISTER (Lab),Hermione SPENCER (Con),skipped,skipped,skipped,,5
2579,Douglas James MCALLISTER (Lab),Hermione SPENCER (Con),skipped,skipped,skipped,,5
2580,Douglas James MCALLISTER (Lab),Hermione SPENCER (Con),skipped,skipped,skipped,,5
2581,Douglas James MCALLISTER (Lab),Hermione SPENCER (Con),skipped,skipped,skipped,,5
2582,Douglas James MCALLISTER (Lab),Hermione SPENCER (Con),skipped,skipped,skipped,,5
2583,Douglas James MCALLISTER (Lab),Hermione SPENCER (Con),skipped,skipped,skipped,,5
2584,Douglas James MCALLISTER (Lab),Hermione SPENCER (Con),skipped,skipped,skipped,,5
2585,Douglas James MCALLISTER (Lab),Hermione SPENCER (Con),skipped,skipped,skipped,,5
2586,Douglas James MCALLISTER (Lab),Hermione SPENCER (Con),skipped,skipped,skipped,,5
2587,Douglas James MCALLISTER (Lab),Hermione SPENCER (Con),skipped,skipped,skipped,,5
2588,Douglas James MCALLISTER (Lab),Hermione SPENCER (Con),skipped,skipped,skipped,,5
2589,Douglas James MCALLISTER (Lab),Hermione SPENCER (Con),skipped,skipped,skipped,,5
2590,Douglas James MCALLISTER (Lab),Hermione SPENCER (Con),skipped,skipped,skipped,,5
2591,Douglas James MCALLISTER (Lab),Hermione SPENCER (Con),skipped,skipped,skipped,,5
2592,Douglas James MCALLISTER (Lab),Hermione SPENCER (Con),skipped,skipped,skipped,,5
2593,Douglas James MCALLISTER (Lab),Hermione SPENCER (Con),skipped,skipped,skipped,,5
2594,Douglas James MCALLISTER (Lab),Hermione SPENCER (Con),skipped,skipped,skipped,,5
2595,Douglas James MCALLISTER (Lab),Hermione SPENCER (Con),skipped,skipped,skipped,,5
2596,Douglas James MCALLISTER (Lab),Hermione SPENCER (Con),skipped,skipped,skipped,,5
2597,Douglas James MCALLISTER (Lab),Hermione SPENCER (Con),skipped,skipped,skipped,,5
2598,Douglas James MCALLISTER (Lab),Hermione SPENCER (Con),skipped,skipped,skipped,,5
2599,Douglas James MCALLISTER (Lab),Hermione SPENCER (Con),skipped,skipped,skipped,,5
2600,Douglas James MCALLISTER (Lab),Hermione SPENCER (Con),skipped,skipped,skipped,,5
2601,Douglas James MCALLISTER (Lab),Hermione SPENCER (Con),skipped,skipped,skipped,,5
2602,Douglas James MCALLISTER (Lab),Hermione SPENCER (Con),skipped,skipped,skipped,,5
2603,Douglas James MCALLISTER (Lab),Hermione SPENCER (Con),skipped,skipped,skipped,,5
2604,Douglas James MCALLISTER (Lab),Hermione SPENCER (Con),skipped,skipped,skipped,,5
2605,Douglas James MCALLISTER (Lab),Hermione SPENCER (Con),skipped,skipped,skipped,,5
2606,Douglas James MCALLISTER (Lab),Hermione SPENCER (Con),skipped,skipped,skipped,,5
2607,Douglas James MCALLISTER (Lab),Hermione SPENCER (Con),skipped,skipped,skipped,,5
2608,Douglas James MCALLISTER (Lab),Hermione SPENCER (Con),skipped,skipped,skipped,,5
2609,Douglas James MCALLISTER (Lab),Hermione SPENCER (Con),skipped,skipped,skipped,,5
2610,Douglas James MCALLISTER (Lab),Hermione SPENCER (Con),skipped,skipped,skipped,,5
2611,Douglas James MCALLISTER (Lab),Hermione SPENCER (Con),skipped,skipped,skipped,,5
2612,Douglas James MCALLISTER (Lab),Hermione SPENCER (Con),skipped,skipped,skipped,,5
2613,Douglas James MCALLISTER (Lab),Hermione SPENCER (Con),skipped,skipped,skipped,,5
2614,Douglas James MCALLISTER (Lab),Hermione SPENCER (Con),skipped,skipped,skipped,,5
2615,Douglas James MCALLISTER (Lab),Hermione SPENCER (Con),skipped,skipped,skipped,,5
2616,Douglas James MCALLISTER (Lab),Hermione SPENCER (Con),skipped,skipped,skipped,,5
2617,Douglas James MCALLISTER (Lab),Hermione SPENCER (Con),skipped,skipped,skipped,,5
2618,Douglas James MCALLISTER (Lab),Hermione SPENCER (Con),skipped,skipped,skipped,,5
2619,Douglas James MCALLISTER (Lab),Hermione SPENCER (Con),skipped,skipped,skipped,,5
2620,Douglas James MCALLISTER (Lab),Hermione SPENCER (Con),skipped,skipped,skipped,,5
2621,Douglas James MCALLISTER (Lab),Hermione SPENCER (Con),skipped,skipped,skipped,,5
2622,Douglas James MCALLISTER (Lab),Hermione SPENCER (Con),skipped,skipped,skipped,,5
2623,Douglas James MCALLISTER (Lab),Hermione SPENCER (Con),skipped,skipped,skipped,,5
2624,Douglas James MCALLISTER (Lab),Hermione SPENCER (Con),skipped,skipped,skipped,,5
2625,Douglas James MCALLISTER (Lab),Hermione SPENCER (Con),skipped,skipped,skipped,,5
2626,Douglas James MCALLISTER (Lab),Hermione SPENCER (Con),skipped,skipped,skipped,,5
2627,Douglas James MCALLISTER (Lab),Hermione SPENCER (Con),skipped,skipped,skipped,,5
2628,Douglas James MCALLISTER (Lab),Hermione SPENCER (Con),skipped,skipped,skipped,,5
2629,Douglas James MCALLISTER (Lab),Hermione SPENCER (Con),skipped,skipped,skipped,,5
2630,Douglas James MCALLISTER (Lab),Hermione SPENCER (Con),skipped,skipped,skipped,,5
2631,Douglas James MCALLISTER (Lab),Hermione SPENCER (Con),skipped,skipped,skipped,,5
2632,Douglas James MCALLISTER (Lab),Hermione SPENCER (Con),skipped,skipped,skipped,,5
2633,Douglas James MCALLISTER (Lab),Hermione SPENCER (Con),skipped,skipped,skipped,,5
2634,Douglas James MCALLISTER (Lab),Hermione SPENCER (Con),skipped,skipped,skipped,,5
2635,Douglas James MCALLISTER (Lab),Hermione SPENCER (Con),skipped,skipped,skipped,,5
2636,Douglas James MCALLISTER (Lab),Hermione SPENCER (Con),skipped,skipped,skipped,,5
2637,Douglas James MCALLISTER (Lab),Hermione SPENCER (Con),skipped,skipped,skipped,,5
2638,Douglas James MCALLISTER (Lab),Hermione SPENCER (Con),skipped,skipped,skipped,,5
2639,Douglas James MCALLISTER (Lab),Hermione SPENCER (Con),skipped,skipped,skipped,,5
2640,Douglas James MCALLISTER (Lab),Hermione SPENCER (Con),skipped,skipped,skipped,,5
2641,Douglas James MCALLISTER (Lab),Hermione SPENCER (Con),skipped,skipped,skipped,,5
2642,Douglas James MCALLISTER (Lab),Hermione SPENCER (Con),skipped,skipped,skipped,,5
2643,Douglas James MCALLISTER (Lab),Hermione SPENCER (Con),skipped,skipped,skipped,,5
2644,Douglas James MCALLISTER (Lab),Hermione SPENCER (Con),skipped,skipped,skipped,,5
2645,Douglas James MCALLISTER (Lab),Hermione SPENCER (Con),skipped,skipped,skipped,,5
2646,Douglas James MCALLISTER (Lab),Hermione SPENCER (Con),skipped,skipped,skipped,,5
2647,Douglas James MCALLISTER (Lab),Hermione SPENCER (Con),skipped,skipped,skipped,,5
2648,Douglas James MCALLISTER (Lab),Hermione SPENCER (Con),skipped,skipped,skipped,,5
2649,Douglas James MCALLISTER (Lab),Hermione SPENCER (Con),skipped,skipped,skipped,,5
2650,Douglas James MCALLISTER (Lab),Hermione SPENCER (Con),skipped,skipped,skipped,,5
2651,Douglas James MCALLISTER (Lab),Hermione SPENCER (Con),skipped,skipped,skipped,,5
2652,Douglas James MCALLISTER (Lab),Hermione SPENCER (Con),skipped,skipped,skipped,,5
2653,Douglas James MCALLISTER (Lab),Hermione SPENCER (Con),skipped,skipped,skipped,,5
2654,Douglas James MCALLISTER (Lab),Hermione SPENCER (Con),skipped,skipped,skipped,,5
2655,Douglas James MCALLISTER (Lab),Hermione SPENCER (Con),skipped,skipped,skipped,,5
2656,Douglas James MCALLISTER (Lab),Hermione SPENCER (Con),skipped,skipped,skipped,,5
2657,Douglas James MCALLISTER (Lab),Hermione SPENCER (Con),skipped,skipped,skipped,,5
2658,Douglas James MCALLISTER (Lab),Hermione SPENCER (Con),skipped,skipped,skipped,,5
2659,Douglas James MCALLISTER (Lab),Hermione SPENCER (Con),skipped,skipped,skipped,,5
2660,Douglas James MCALLISTER (Lab),Hermione SPENCER (Con),skipped,skipped,skipped,,5
2661,Douglas James MCALLISTER (Lab),Hermione SPENCER (Con),skipped,skipped,skipped,,5
2662,Douglas James MCALLISTER (Lab),Hermione SPENCER (Con),skipped,skipped,skipped,,5
2663,Douglas James MCALLISTER (Lab),Hermione SPENCER (Con),skipped,skipped,skipped,,5
2664,Douglas James MCALLISTER (Lab),Hermione SPENCER (Con),skipped,skipped,skipped,,5
2665,Douglas James MCALLISTER (Lab),Hermione SPENCER (Con),skipped,skipped,skipped,,5
2666,Douglas James MCALLISTER (Lab),Hermione SPENCER (Con),skipped,skipped,skipped,,5
2667,Douglas James MCALLISTER (Lab),Hermione SPENCER (Con),skipped,skipped,skipped,,5
2668,Douglas James MCALLISTER (Lab),Hermione SPENCER (Con),skipped,skipped,skipped,,5
2669,Douglas James MCALLISTER (Lab),Hermione SPENCER (Con),skipped,skipped,skipped,,5
2670,Douglas James MCALLISTER (Lab),Hermione SPENCER (Con),skipped,skipped,skipped,,5
2671,Douglas James MCALLISTER (Lab),Hermione SPENCER (Con),skipped,skipped,skipped,,5
2672,Douglas James MCALLISTER (Lab),Hermione SPENCER (Con),skipped,skipped,skipped,,5
2673,Douglas James MCALLISTER (Lab),Hermione SPENCER (Con),skipped,skipped,skipped,,5
2674,Douglas James MCALLISTER (Lab),Hermione SPENCER (Con),skipped,skipped,skipped,,5
2675,Douglas James MCALLISTER (Lab),Hermione SPENCER (Con),skipped,skipped,skipped,,5
2676,Douglas James MCALLISTER (Lab),Hermione SPENCER (Con),skipped,skipped,skipped,,5
2677,Douglas James MCALLISTER (Lab),Hermione SPENCER (Con),skipped,skipped,skipped,,5
2678,Douglas James MCALLISTER (Lab),Hermione SPENCER (Con),skipped,skipped,skipped,,5
2679,Douglas James MCALLISTER (Lab),Hermione SPENCER (Con),skipped,skipped,skipped,,5
2680,Douglas James MCALLISTER (Lab),Hermione SPENCER (Con),skipped,skipped,skipped,,5
2681,Douglas James MCALLISTER (Lab),Hermione SPENCER (Con),skipped,skipped,skipped,,5
2682,Douglas James MCALLISTER (Lab),Hermione SPENCER (Con),skipped,skipped,skipped,,5
2683,Douglas James MCALLISTER (Lab),Hermione SPENCER (Con),skipped,skipped,skipped,,5
2684,Douglas James MCALLISTER (Lab),Hermione SPENCER (Con),skipped,skipped,skipped,,5
2685,Douglas James MCALLISTER (Lab),Hermione SPENCER (Con),skipped,skipped,skipped,,5
2686,Douglas James MCALLISTER (Lab),Hermione SPENCER (Con),skipped,skipped,skipped,,5
2687,Douglas James MCALLISTER (Lab),Hermione SPENCER (Con),skipped,skipped,skipped,,5
2688,Douglas James MCALLISTER (Lab),Hermione SPENCER (Con),skipped,skipped,skipped,,5
2689,Douglas James MCALLISTER (Lab),Hermione SPENCER (Con),skipped,skipped,skipped,,5
2690,Douglas James MCALLISTER (Lab),Hermione SPENCER (Con),skipped,skipped,skipped,,5
2691,Douglas James MCALLISTER (Lab),Hermione SPENCER (Con),skipped,skipped,skipped,,5
2692,Douglas James MCALLISTER (Lab),Hermione SPENCER (Con),skipped,skipped,skipped,,5
2693,Douglas James MCALLISTER (Lab),Hermione SPENCER (Con),skipped,skipped,skipped,,5
2694,Douglas James MCALLISTER (Lab),Hermione SPENCER (Con),skipped,skipped,skipped,,5
2695,Douglas James MCALLISTER (Lab),Hermione SPENCER (Con),skipped,skipped,skipped,,5
2696,Douglas James MCALLISTER (Lab),Hermione SPENCER (Con),skipped,skipped,skipped,,5
2697,Douglas James MCALLISTER (Lab),Hermione SPENCER (Con),skipped,skipped,skipped,,5
2698,Douglas James MCALLISTER (Lab),Hermione SPENCER (Con),skipped,skipped,skipped,,5
2699,Douglas James MCALLISTER (Lab),Hermione SPENCER (Con),skipped,skipped,skipped,,5
2700,Douglas James MCALLISTER (Lab),Hermione SPENCER (Con),skipped,skipped,skipped,,5
2701,Douglas James MCALLISTER (Lab),Hermione SPENCER (Con),skipped,skipped,skipped,,5
2702,Douglas James MCALLISTER (Lab),Hermione SPENCER (Con),skipped,skipped,skipped,,5
2703,Douglas James MCALLISTER (Lab),Hermione SPENCER (Con),skipped,skipped,skipped,,5
2704,Douglas James MCALLISTER (Lab),Hermione SPENCER (Con),skipped,skipped,skipped,,5
2705,Douglas James MCALLISTER (Lab),Hermione SPENCER (Con),skipped,skipped,skipped,,5
2706,Douglas James MCALLISTER (Lab),Hermione SPENCER (Con),skipped,skipped,skipped,,5
2707,Douglas James MCALLISTER (Lab),Hermione SPENCER (Con),skipped,skipped,skipped,,5
2708,Douglas James MCALLISTER (Lab),Hermione SPENCER (Con),skipped,skipped,skipped,,5
2709,Douglas James MCALLISTER (Lab),Hermione SPENCER (Con),skipped,skipped,skipped,,5
2710,Douglas James MCALLISTER (Lab),Hermione SPENCER (Con),skipped,skipped,skipped,,5
2711,Douglas James MCALLISTER (Lab),Hermione SPENCER (Con),skipped,skipped,skipped,,5
2712,Douglas James MCALLISTER (Lab),Hermione SPENCER (Con),skipped,skipped,skipped,,5
2713,Douglas James MCALLISTER (Lab),Hermione SPENCER (Con),skipped,skipped,skipped,,5
2714,Douglas James MCALLISTER (Lab),Hermione SPENCER (Con),skipped,skipped,skipped,,5
2715,Douglas James MCALLISTER (Lab),Hermione SPENCER (Con),skipped,skipped,skipped,,5
2716,Douglas James MCALLISTER (Lab),Hermione SPENCER (Con),skipped,skipped,skipped,,5
2717,Douglas James MCALLISTER (Lab),Hermione SPENCER (Con),skipped,skipped,skipped,,5
2718,Douglas James MCALLISTER (Lab),Hermione SPENCER (Con),skipped,skipped,skipped,,5
2719,Douglas James MCALLISTER (Lab),Hermione SPENCER (Con),skipped,skipped,skipped,,5
2720,Douglas James MCALLISTER (Lab),Hermione SPENCER (Con),skipped,skipped,skipped,,5
2721,Douglas James MCALLISTER (Lab),Hermione SPENCER (Con),skipped,skipped,skipped,,5
2722,Douglas James MCALLISTER (Lab),Hermione SPENCER (Con),skipped,skipped,skipped,,5
2723,Douglas James MCALLISTER (Lab),Hermione SPENCER (Con),skipped,skipped,skipped,,5
2724,Douglas James MCALLISTER (Lab),Hermione SPENCER (Con),skipped,skipped,skipped,,5
2725,Douglas James MCALLISTER (Lab),Hermione SPENCER (Con),skipped,skipped,skipped,,5
2726,Douglas James MCALLISTER (Lab),Hermione SPENCER (Con),skipped,skipped,skipped,,5
2727,Douglas James MCALLISTER (Lab),Hermione SPENCER (Con),skipped,skipped,skipped,,5
2728,Douglas James MCALLISTER (Lab),Hermione SPENCER (Con),skipped,skipped,skipped,,5
2729,Douglas James MCALLISTER (Lab),Hermione SPENCER (Con),skipped,skipped,skipped,,5
2730,Douglas James MCALLISTER (Lab),Hermione SPENCER (Con),skipped,skipped,skipped,,5
2731,Douglas James MCALLISTER (Lab),Hermione SPENCER (Con),skipped,skipped,skipped,,5
2732,Douglas James MCALLISTER (Lab),Hermione SPENCER (Con),skipped,skipped,skipped,,5
2733,Douglas James MCALLISTER (Lab),Hermione SPENCER (Con),skipped,skipped,skipped,,5
2734,Douglas James MCALLISTER (Lab),Hermione SPENCER (Con),skipped,skipped,skipped,,5
2735,Douglas James MCALLISTER (Lab),Hermione SPENCER (Con),skipped,skipped,skipped,,5
2736,Douglas James MCALLISTER (Lab),Hermione SPENCER (Con),skipped,skipped,skipped,,5
2737,Douglas James MCALLISTER (Lab),Hermione SPENCER (Con),skipped,skipped,skipped,,5
2738,Douglas James MCALLISTER (Lab),Hermione SPENCER (Con),skipped,skipped,skipped,,5
2739,Douglas James MCALLISTER (Lab),Hermione SPENCER (Con),skipped,skipped,skipped,,5
2740,Douglas James MCALLISTER (Lab),Hermione SPENCER (Con),skipped,skipped,skipped,,5
2741,Douglas James MCALLISTER (Lab),Hermione SPENCER (Con),skipped,skipped,skipped,,5
2742,Douglas James MCALLISTER (Lab),Hermione SPENCER (Con),skipped,skipped,skipped,,5
2743,Douglas James MCALLISTER (Lab),Hermione SPENCER (Con),skipped,skipped,skipped,,5
2744,Douglas James MCALLISTER (Lab),Hermione SPENCER (Con),skipped,skipped,skipped,,5
2745,Douglas James MCALLISTER (Lab),Hermione SPENCER (Con),skipped,skipped,skipped,,5
2746,Douglas James MCALLISTER (Lab),Hermione SPENCER (Con),skipped,skipped,skipped,,5
2747,Douglas James MCALLISTER (Lab),Hermione SPENCER (Con),skipped,skipped,skipped,,5
2748,Douglas James MCALLISTER (Lab),Hermione SPENCER (Con),skipped,skipped,skipped,,5
2749,Douglas James MCALLISTER (Lab),Hermione SPENCER (Con),skipped,skipped,skipped,,5
2750,Douglas James MCALLISTER (Lab),Hermione SPENCER (Con),skipped,skipped,skipped,,5
2751,Douglas James MCALLISTER (Lab),Hermione SPENCER (Con),skipped,skipped,skipped,,5
2752,Douglas James MCALLISTER (Lab),Hermione SPENCER (Con),skipped,skipped,skipped,,5
2753,Douglas James MCALLISTER (Lab),Hermione SPENCER (Con),skipped,skipped,skipped,,5
2754,Douglas James MCALLISTER (Lab),Hermione SPENCER (Con),skipped,skipped,skipped,,5
2755,Douglas James MCALLISTER (Lab),Hermione SPENCER (Con),skipped,skipped,skipped,,5
2756,Douglas James MCALLISTER (Lab),Hermione SPENCER (Con),skipped,skipped,skipped,,5
2757,Douglas James MCALLISTER (Lab),Hermione SPENCER (Con),skipped,skipped,skipped,,5
2758,Douglas James MCALLISTER (Lab),Hermione SPENCER (Con),skipped,skipped,skipped,,5
2759,Douglas James MCALLISTER (Lab),Hermione SPENCER (Con),skipped,skipped,skipped,,5
2760,Douglas James MCALLISTER (Lab),Hermione SPENCER (Con),skipped,skipped,skipped,,5
2761,Douglas James MCALLISTER (Lab),Hermione SPENCER (Con),skipped,skipped,skipped,,5
2762,Douglas James MCALLISTER (Lab),Hermione SPENCER (Con),skipped,skipped,skipped,,5
2763,Douglas James MCALLISTER (Lab),Hermione SPENCER (Con),skipped,skipped,skipped,,5
2764,Douglas James MCALLISTER (Lab),Hermione SPENCER (Con),skipped,skipped,skipped,,5
2765,Douglas James MCALLISTER (Lab),Hermione SPENCER (Con),skipped,skipped,skipped,,5
2766,Douglas James MCALLISTER (Lab),Hermione SPENCER (Con),skipped,skipped,skipped,,5
2767,Douglas James MCALLISTER (Lab),Hermione SPENCER (Con),skipped,skipped,skipped,,5
2768,Douglas James MCALLISTER (Lab),Hermione SPENCER (Con),skipped,skipped,skipped,,5
2769,Douglas James MCALLISTER (Lab),Hermione SPENCER (Con),skipped,skipped,skipped,,5
2770,Douglas James MCALLISTER (Lab),Hermione SPENCER (Con),skipped,skipped,skipped,,5
2771,Douglas James MCALLISTER (Lab),Hermione SPENCER (Con),skipped,skipped,skipped,,5
2772,Douglas James MCALLISTER (Lab),Hermione SPENCER (Con),skipped,skipped,skipped,,5
2773,Douglas James MCALLISTER (Lab),Hermione SPENCER (Con),skipped,skipped,skipped,,5
2774,Douglas James MCALLISTER (Lab),Hermione SPENCER (Con),skipped,skipped,skipped,,5
2775,Douglas James MCALLISTER (Lab),Hermione SPENCER (Con),skipped,skipped,skipped,,5
2776,Douglas James MCALLISTER (Lab),Hermione SPENCER (Con),skipped,skipped,skipped,,5
2777,Douglas James MCALLISTER (Lab),Hermione SPENCER (Con),skipped,skipped,skipped,,5
2778,Douglas James MCALLISTER (Lab),Hermione SPENCER (Con),skipped,skipped,skipped,,5
2779,Douglas James MCALLISTER (Lab),Hermione SPENCER (Con),skipped,skipped,skipped,,5
2780,Douglas James MCALLISTER (Lab),Hermione SPENCER (Con),Jim FINN (SNP),skipped,skipped,,5
2781,Douglas James MCALLISTER (Lab),Hermione SPENCER (Con),Jim FINN (SNP),skipped,skipped,,5
2782,Douglas James MCALLISTER (Lab),Hermione SPENCER (Con),Claire GALLAGHER (SNP),skipped,skipped,,5
2783,Douglas James MCALLISTER (Lab),Hermione SPENCER (Con),Claire GALLAGHER (SNP),skipped,skipped,,5
2784,Douglas James MCALLISTER (Lab),Hermione SPENCER (Con),Claire GALLAGHER (SNP),skipped,skipped,,5
2785,Douglas James MCALLISTER (Lab),Hermione SPENCER (Con),Claire GALLAGHER (SNP),skipped,skipped,,5
2786,Douglas James MCALLISTER (Lab),Hermione SPENCER (Con),Claire GALLAGHER (SNP),skipped,skipped,,5
2787,Douglas James MCALLISTER (Lab),Hermione SPENCER (Con),Claire GALLAGHER (SNP),skipped,skipped,,5
2788,Douglas James MCALLISTER (Lab),Hermione SPENCER (Con),Claire GALLAGHER (SNP),skipped,skipped,,5
2789,Douglas James MCALLISTER (Lab),Hermione SPENCER (Con),Claire GALLAGHER (SNP),skipped,skipped,,5
2790,Douglas James MCALLISTER (Lab),Hermione SPENCER (Con),Claire GALLAGHER (SNP),skipped,skipped,,5
2791,Douglas James MCALLISTER (Lab),Hermione SPENCER (Con),Claire GALLAGHER (SNP),skipped,skipped,,5
2792,Douglas James MCALLISTER (Lab),Hermione SPENCER (Con),Claire GALLAGHER (SNP),skipped,skipped,,5
2793,Douglas James MCALLISTER (Lab),Hermione SPENCER (Con),Claire GALLAGHER (SNP),skipped,skipped,,5
2794,Douglas James MCALLISTER (Lab),Hermione SPENCER (Con),Claire GALLAGHER (SNP),skipped,skipped,,5
2795,Douglas James MCALLISTER (Lab),Hermione SPENCER (Con),Claire GALLAGHER (SNP),skipped,skipped,,5
2796,Douglas James MCALLISTER (Lab),Hermione SPENCER (Con),Claire GALLAGHER (SNP),skipped,skipped,,5
2797,Douglas James MCALLISTER (Lab),Hermione SPENCER (Con),Claire GALLAGHER (SNP),skipped,skipped,,5
2798,Douglas James MCALLISTER (Lab),Hermione SPENCER (Con),Claire GALLAGHER (SNP),skipped,skipped,,5
2799,Douglas James MCALLISTER (Lab),Hermione SPENCER (Con),Claire GALLAGHER (SNP),skipped,skipped,,5
2800,Douglas James MCALLISTER (Lab),Hermione SPENCER (Con),Claire GALLAGHER (SNP),skipped,skipped,,5
2801,Douglas James MCALLISTER (Lab),Hermione SPENCER (Con),Claire GALLAGHER (SNP),skipped,skipped,,5
2802,Douglas James MCALLISTER (Lab),Hermione SPENCER (Con),Claire GALLAGHER (SNP),skipped,skipped,,5
2803,Douglas James MCALLISTER (Lab),Hermione SPENCER (Con),Claire GALLAGHER (SNP),skipped,skipped,,5
2804,Douglas James MCALLISTER (Lab),Hermione SPENCER (Con),Claire GALLAGHER (SNP),skipped,skipped,,5
2805,Douglas James MCALLISTER (Lab),Hermione SPENCER (Con),Claire GALLAGHER (SNP),skipped,skipped,,5
2806,Douglas James MCALLISTER (Lab),Hermione SPENCER (Con),Claire GALLAGHER (SNP),skipped,skipped,,5
2807,Douglas James MCALLISTER (Lab),Hermione SPENCER (Con),Claire GALLAGHER (SNP),skipped,skipped,,5
2808,Douglas James MCALLISTER (Lab),Hermione SPENCER (Con),Claire GALLAGHER (SNP),skipped,skipped,,5
2809,Douglas James MCALLISTER (Lab),Hermione SPENCER (Con),Claire GALLAGHER (SNP),skipped,skipped,,5
2810,Douglas James MCALLISTER (Lab),Hermione SPENCER (Con),Claire GALLAGHER (SNP),skipped,skipped,,5
2811,Douglas James MCALLISTER (Lab),Hermione SPENCER (Con),Claire GALLAGHER (SNP),skipped,skipped,,5
2812,Douglas James MCALLISTER (Lab),Hermione SPENCER (Con),Claire GALLAGHER (SNP),skipped,skipped,,5
2813,Douglas James MCALLISTER (Lab),Hermione SPENCER (Con),Claire GALLAGHER (SNP),skipped,skipped,,5
2814,Douglas James MCALLISTER (Lab),Hermione SPENCER (Con),Claire GALLAGHER (SNP),skipped,skipped,,5
2815,Douglas James MCALLISTER (Lab),Hermione SPENCER (Con),Claire GALLAGHER (SNP),skipped,skipped,,5
2816,Douglas James MCALLISTER (Lab),Hermione SPENCER (Con),Claire GALLAGHER (SNP),skipped,skipped,,5
2817,Douglas James MCALLISTER (Lab),Hermione SPENCER (Con),Claire GALLAGHER (SNP),skipped,skipped,,5
2818,Douglas James MCALLISTER (Lab),Hermione SPENCER (Con),Claire GALLAGHER (SNP),skipped,skipped,,5
2819,Douglas James MCALLISTER (Lab),Hermione SPENCER (Con),Claire GALLAGHER (SNP),skipped,skipped,,5
2820,Douglas James MCALLISTER (Lab),Hermione SPENCER (Con),Claire GALLAGHER (SNP),skipped,skipped,,5
2821,Douglas James MCALLISTER (Lab),Hermione SPENCER (Con),Claire GALLAGHER (SNP),skipped,skipped,,5
2822,Douglas James MCALLISTER (Lab),Hermione SPENCER (Con),Claire GALLAGHER (SNP),skipped,skipped,,5
2823,Douglas James MCALLISTER (Lab),Hermione SPENCER (Con),Claire GALLAGHER (SNP),skipped,skipped,,5
2824,Douglas James MCALLISTER (Lab),Hermione SPENCER (Con),Claire GALLAGHER (SNP),skipped,skipped,,5
2825,Douglas James MCALLISTER (Lab),Hermione SPENCER (Con),Claire GALLAGHER (SNP),skipped,skipped,,5
2826,Douglas James MCALLISTER (Lab),Hermione SPENCER (Con),Claire GALLAGHER (SNP),skipped,skipped,,5
2827,Douglas James MCALLISTER (Lab),Hermione SPENCER (Con),Claire GALLAGHER (SNP),skipped,skipped,,5
2828,Douglas James MCALLISTER (Lab),Hermione SPENCER (Con),Claire GALLAGHER (SNP),skipped,skipped,,5
2829,Douglas James MCALLISTER (Lab),Hermione SPENCER (Con),Claire GALLAGHER (SNP),skipped,skipped,,5
2830,Douglas James MCALLISTER (Lab),Hermione SPENCER (Con),Claire GALLAGHER (SNP),skipped,skipped,,5
2831,Douglas James MCALLISTER (Lab),Hermione SPENCER (Con),Claire GALLAGHER (SNP),skipped,skipped,,5
2832,Douglas James MCALLISTER (Lab),Hermione SPENCER (Con),Claire GALLAGHER (SNP),skipped,skipped,,5
2833,Douglas James MCALLISTER (Lab),Hermione SPENCER (Con),Claire GALLAGHER (SNP),skipped,skipped,,5
2834,Douglas James MCALLISTER (Lab),Hermione SPENCER (Con),Claire GALLAGHER (SNP),skipped,skipped,,5
2835,Douglas James MCALLISTER (Lab),Hermione SPENCER (Con),Claire GALLAGHER (SNP),skipped,skipped,,5
2836,Douglas James MCALLISTER (Lab),Hermione SPENCER (Con),Claire GALLAGHER (SNP),skipped,skipped,,5
2837,Douglas James MCALLISTER (Lab),Hermione SPENCER (Con),Claire GALLAGHER (SNP),skipped,skipped,,5
2838,Douglas James MCALLISTER (Lab),Hermione SPENCER (Con),Claire GALLAGHER (SNP),skipped,skipped,,5
2839,Douglas James MCALLISTER (Lab),Hermione SPENCER (Con),Claire GALLAGHER (SNP),skipped,skipped,,5
2840,Douglas James MCALLISTER (Lab),Hermione SPENCER (Con),Claire GALLAGHER (SNP),skipped,skipped,,5
2841,Douglas James MCALLISTER (Lab),Hermione SPENCER (Con),Claire GALLAGHER (SNP),skipped,skipped,,5
2842,Douglas James MCALLISTER (Lab),Hermione SPENCER (Con),Claire GALLAGHER (SNP),skipped,skipped,,5
2843,Douglas James MCALLISTER (Lab),Hermione SPENCER (Con),Claire GALLAGHER (SNP),skipped,skipped,,5
2844,Douglas James MCALLISTER (Lab),Hermione SPENCER (Con),Claire GALLAGHER (SNP),skipped,skipped,,5
2845,Douglas James MCALLISTER (Lab),Hermione SPENCER (Con),Claire GALLAGHER (SNP),skipped,skipped,,5
2846,Douglas James MCALLISTER (Lab),Hermione SPENCER (Con),Claire GALLAGHER (SNP),skipped,skipped,,5
2847,Douglas James MCALLISTER (Lab),Jim FINN (SNP),skipped,skipped,skipped,,5
2848,Douglas James MCALLISTER (Lab),Jim FINN (SNP),skipped,skipped,skipped,,5
2849,Douglas James MCALLISTER (Lab),Jim FINN (SNP),skipped,skipped,skipped,,5
2850,Douglas James MCALLISTER (Lab),Jim FINN (SNP),skipped,skipped,skipped,,5
2851,Douglas James MCALLISTER (Lab),Jim FINN (SNP),skipped,skipped,skipped,,5
2852,Douglas James MCALLISTER (Lab),Jim FINN (SNP),skipped,skipped,skipped,,5
2853,Douglas James MCALLISTER (Lab),Jim FINN (SNP),skipped,skipped,skipped,,5
2854,Douglas James MCALLISTER (Lab),Jim FINN (SNP),skipped,skipped,skipped,,5
2855,Douglas James MCALLISTER (Lab),Jim FINN (SNP),skipped,skipped,skipped,,5
2856,Douglas James MCALLISTER (Lab),Jim FINN (SNP),skipped,skipped,skipped,,5
2857,Douglas James MCALLISTER (Lab),Jim FINN (SNP),skipped,skipped,skipped,,5
2858,Douglas James MCALLISTER (Lab),Jim FINN (SNP),skipped,skipped,skipped,,5
2859,Douglas James MCALLISTER (Lab),Jim FINN (SNP),skipped,skipped,skipped,,5
2860,Douglas James MCALLISTER (Lab),Jim FINN (SNP),skipped,skipped,skipped,,5
2861,Douglas James MCALLISTER (Lab),Jim FINN (SNP),skipped,skipped,skipped,,5
2862,Douglas James MCALLISTER (Lab),Jim FINN (SNP),skipped,skipped,skipped,,5
2863,Douglas James MCALLISTER (Lab),Jim FINN (SNP),skipped,skipped,skipped,,5
2864,Douglas James MCALLISTER (Lab),Jim FINN (SNP),skipped,skipped,skipped,,5
2865,Douglas James MCALLISTER (Lab),Jim FINN (SNP),skipped,skipped,skipped,,5
2866,Douglas James MCALLISTER (Lab),Jim FINN (SNP),skipped,skipped,skipped,,5
2867,Douglas James MCALLISTER (Lab),Jim FINN (SNP),skipped,skipped,skipped,,5
2868,Douglas James MCALLISTER (Lab),Jim FINN (SNP),skipped,skipped,skipped,,5
2869,Douglas James MCALLISTER (Lab),Jim FINN (SNP),skipped,skipped,skipped,,5
2870,Douglas James MCALLISTER (Lab),Jim FINN (SNP),skipped,skipped,skipped,,5
2871,Douglas James MCALLISTER (Lab),Jim FINN (SNP),skipped,skipped,skipped,,5
2872,Douglas James MCALLISTER (Lab),Jim FINN (SNP),skipped,skipped,skipped,,5
2873,Douglas James MCALLISTER (Lab),Jim FINN (SNP),skipped,skipped,skipped,,5
2874,Douglas James MCALLISTER (Lab),Jim FINN (SNP),skipped,skipped,skipped,,5
2875,Douglas James MCALLISTER (Lab),Jim FINN (SNP),skipped,skipped,skipped,,5
2876,Douglas James MCALLISTER (Lab),Jim FINN (SNP),skipped,skipped,skipped,,5
2877,Douglas James MCALLISTER (Lab),Jim FINN (SNP),skipped,skipped,skipped,,5
2878,Douglas James MCALLISTER (Lab),Jim FINN (SNP),skipped,skipped,skipped,,5
2879,Douglas James MCALLISTER (Lab),Jim FINN (SNP),skipped,skipped,skipped,,5
2880,Douglas James MCALLISTER (Lab),Jim FINN (SNP),skipped,skipped,skipped,,5
2881,Douglas James MCALLISTER (Lab),Jim FINN (SNP),skipped,skipped,skipped,,5
2882,Douglas James MCALLISTER (Lab),Jim FINN (SNP),skipped,skipped,skipped,,5
2883,Douglas James MCALLISTER (Lab),Jim FINN (SNP),skipped,skipped,skipped,,5
2884,Douglas James MCALLISTER (Lab),Jim FINN (SNP),skipped,skipped,skipped,,5
2885,Douglas James MCALLISTER (Lab),Jim FINN (SNP),skipped,skipped,skipped,,5
2886,Douglas James MCALLISTER (Lab),Jim FINN (SNP),skipped,skipped,skipped,,5
2887,Douglas James MCALLISTER (Lab),Jim FINN (SNP),skipped,skipped,skipped,,5
2888,Douglas James MCALLISTER (Lab),Jim FINN (SNP),skipped,skipped,skipped,,5
2889,Douglas James MCALLISTER (Lab),Jim FINN (SNP),skipped,skipped,skipped,,5
2890,Douglas James MCALLISTER (Lab),Jim FINN (SNP),skipped,skipped,skipped,,5
2891,Douglas James MCALLISTER (Lab),Jim FINN (SNP),skipped,skipped,skipped,,5
2892,Douglas James MCALLISTER (Lab),Jim FINN (SNP),skipped,skipped,skipped,,5
2893,Douglas James MCALLISTER (Lab),Jim FINN (SNP),skipped,skipped,skipped,,5
2894,Douglas James MCALLISTER (Lab),Jim FINN (SNP),skipped,skipped,skipped,,5
2895,Douglas James MCALLISTER (Lab),Jim FINN (SNP),skipped,skipped,skipped,,5
2896,Douglas James MCALLISTER (Lab),Jim FINN (SNP),skipped,skipped,skipped,,5
2897,Douglas James MCALLISTER (Lab),Jim FINN (SNP),skipped,skipped,skipped,,5
2898,Douglas James MCALLISTER (Lab),Jim FINN (SNP),skipped,skipped,skipped,,5
2899,Douglas James MCALLISTER (Lab),Jim FINN (SNP),skipped,skipped,skipped,,5
2900,Douglas James MCALLISTER (Lab),Jim FINN (SNP),skipped,skipped,skipped,,5
2901,Douglas James MCALLISTER (Lab),Jim FINN (SNP),skipped,skipped,skipped,,5
2902,Douglas James MCALLISTER (Lab),Jim FINN (SNP),skipped,skipped,skipped,,5
2903,Douglas James MCALLISTER (Lab),Jim FINN (SNP),skipped,skipped,skipped,,5
2904,Douglas James MCALLISTER (Lab),Jim FINN (SNP),skipped,skipped,skipped,,5
2905,Douglas James MCALLISTER (Lab),Jim FINN (SNP),skipped,skipped,skipped,,5
2906,Douglas James MCALLISTER (Lab),Jim FINN (SNP),skipped,skipped,skipped,,5
2907,Douglas James MCALLISTER (Lab),Jim FINN (SNP),skipped,skipped,skipped,,5
2908,Douglas James MCALLISTER (Lab),Jim FINN (SNP),Hermione SPENCER (Con),skipped,skipped,,5
2909,Douglas James MCALLISTER (Lab),Hermione SPENCER (Con),Claire GALLAGHER (SNP),skipped,skipped,,5
2910,Douglas James MCALLISTER (Lab),Hermione SPENCER (Con),Claire GALLAGHER (SNP),skipped,skipped,,5
2911,Douglas James MCALLISTER (Lab),Hermione SPENCER (Con),Claire GALLAGHER (SNP),skipped,skipped,,5
2912,Douglas James MCALLISTER (Lab),Hermione SPENCER (Con),Claire GALLAGHER (SNP),skipped,skipped,,5
2913,Douglas James MCALLISTER (Lab),Claire GALLAGHER (SNP),skipped,skipped,skipped,,5
2914,Douglas James MCALLISTER (Lab),Claire GALLAGHER (SNP),skipped,skipped,skipped,,5
2915,Douglas James MCALLISTER (Lab),Claire GALLAGHER (SNP),skipped,skipped,skipped,,5
2916,Douglas James MCALLISTER (Lab),Claire GALLAGHER (SNP),skipped,skipped,skipped,,5
2917,Douglas James MCALLISTER (Lab),Claire GALLAGHER (SNP),skipped,skipped,skipped,,5
2918,Douglas James MCALLISTER (Lab),Claire GALLAGHER (SNP),skipped,skipped,skipped,,5
2919,Douglas James MCALLISTER (Lab),Claire GALLAGHER (SNP),skipped,skipped,skipped,,5
2920,Douglas James MCALLISTER (Lab),Claire GALLAGHER (SNP),skipped,skipped,skipped,,5
2921,Douglas James MCALLISTER (Lab),Claire GALLAGHER (SNP),skipped,skipped,skipped,,5
2922,Douglas James MCALLISTER (Lab),Claire GALLAGHER (SNP),skipped,skipped,skipped,,5
2923,Douglas James MCALLISTER (Lab),Claire GALLAGHER (SNP),skipped,skipped,skipped,,5
2924,Douglas James MCALLISTER (Lab),Claire GALLAGHER (SNP),skipped,skipped,skipped,,5
2925,Douglas James MCALLISTER (Lab),Claire GALLAGHER (SNP),skipped,skipped,skipped,,5
2926,Douglas James MCALLISTER (Lab),Claire GALLAGHER (SNP),skipped,skipped,skipped,,5
2927,Douglas James MCALLISTER (Lab),Claire GALLAGHER (SNP),skipped,skipped,skipped,,5
2928,Douglas James MCALLISTER (Lab),Claire GALLAGHER (SNP),skipped,skipped,skipped,,5
2929,Douglas James MCALLISTER (Lab),Claire GALLAGHER (SNP),skipped,skipped,skipped,,5
2930,Douglas James MCALLISTER (Lab),Claire GALLAGHER (SNP),skipped,skipped,skipped,,5
2931,Douglas James MCALLISTER (Lab),Claire GALLAGHER (SNP),skipped,skipped,skipped,,5
2932,Douglas James MCALLISTER (Lab),Claire GALLAGHER (SNP),skipped,skipped,skipped,,5
2933,Douglas James MCALLISTER (Lab),Claire GALLAGHER (SNP),skipped,skipped,skipped,,5
2934,Douglas James MCALLISTER (Lab),Claire GALLAGHER (SNP),skipped,skipped,skipped,,5
2935,Douglas James MCALLISTER (Lab),Claire GALLAGHER (SNP),skipped,skipped,skipped,,5
2936,Douglas James MCALLISTER (Lab),Claire GALLAGHER (SNP),skipped,skipped,skipped,,5
2937,Douglas James MCALLISTER (Lab),Claire GALLAGHER (SNP),skipped,skipped,skipped,,5
2938,Douglas James MCALLISTER (Lab),Claire GALLAGHER (SNP),skipped,skipped,skipped,,5
2939,Douglas James MCALLISTER (Lab),Claire GALLAGHER (SNP),skipped,skipped,skipped,,5
2940,Douglas James MCALLISTER (Lab),Claire GALLAGHER (SNP),skipped,skipped,skipped,,5
2941,Douglas James MCALLISTER (Lab),Claire GALLAGHER (SNP),skipped,skipped,skipped,,5
2942,Douglas James MCALLISTER (Lab),Claire GALLAGHER (SNP),skipped,skipped,skipped,,5
2943,Douglas James MCALLISTER (Lab),Claire GALLAGHER (SNP),skipped,skipped,skipped,,5
2944,Douglas James MCALLISTER (Lab),Claire GALLAGHER (SNP),skipped,skipped,skipped,,5
2945,Douglas James MCALLISTER (Lab),Claire GALLAGHER (SNP),skipped,skipped,skipped,,5
2946,Douglas James MCALLISTER (Lab),Claire GALLAGHER (SNP),skipped,skipped,skipped,,5
2947,Douglas James MCALLISTER (Lab),Claire GALLAGHER (SNP),skipped,skipped,skipped,,5
2948,Douglas James MCALLISTER (Lab),Claire GALLAGHER (SNP),Hermione SPENCER (Con),skipped,skipped,,5
2949,Douglas James MCALLISTER (Lab),Claire GALLAGHER (SNP),Hermione SPENCER (Con),skipped,skipped,,5
2950,Douglas James MCALLISTER (Lab),Claire GALLAGHER (SNP),Hermione SPENCER (Con),skipped,skipped,,5
2951,Douglas James MCALLISTER (Lab),Claire GALLAGHER (SNP),Hermione SPENCER (Con),skipped,skipped,,5
2952,Douglas James MCALLISTER (Lab),Claire GALLAGHER (SNP),Hermione SPENCER (Con),skipped,skipped,,5
2953,Douglas James MCALLISTER (Lab),Claire GALLAGHER (SNP),Hermione SPENCER (Con),skipped,skipped,,5
2954,Douglas James MCALLISTER (Lab),Claire GALLAGHER (SNP),Hermione SPENCER (Con),skipped,skipped,,5
2955,Douglas James MCALLISTER (Lab),Claire GALLAGHER (SNP),Hermione SPENCER (Con),skipped,skipped,,5
2956,Douglas James MCALLISTER (Lab),Claire GALLAGHER (SNP),Hermione SPENCER (Con),skipped,skipped,,5
2957,Douglas James MCALLISTER (Lab),Claire GALLAGHER (SNP),Hermione SPENCER (Con),skipped,skipped,,5
2958,Douglas James MCALLISTER (Lab),Claire GALLAGHER (SNP),Hermione SPENCER (Con),skipped,skipped,,5
2959,Douglas James MCALLISTER (Lab),Claire GALLAGHER (SNP),Hermione SPENCER (Con),skipped,skipped,,5
2960,Douglas James MCALLISTER (Lab),Claire GALLAGHER (SNP),Hermione SPENCER (Con),skipped,skipped,,5
2961,Douglas James MCALLISTER (Lab),Claire GALLAGHER (SNP),Hermione SPENCER (Con),skipped,skipped,,5
2962,Douglas James MCALLISTER (Lab),Claire GALLAGHER (SNP),Hermione SPENCER (Con),skipped,skipped,,5
2963,Douglas James MCALLISTER (Lab),Claire GALLAGHER (SNP),Hermione SPENCER (Con),skipped,skipped,,5
2964,Douglas James MCALLISTER (Lab),Claire GALLAGHER (SNP),Hermione SPENCER (Con),skipped,skipped,,5
2965,Douglas James MCALLISTER (Lab),Claire GALLAGHER (SNP),Hermione SPENCER (Con),skipped,skipped,,5
2966,Douglas James MCALLISTER (Lab),Claire GALLAGHER (SNP),Hermione SPENCER (Con),skipped,skipped,,5
2967,Douglas James MCALLISTER (Lab),Claire GALLAGHER (SNP),Hermione SPENCER (Con),skipped,skipped,,5
2968,Douglas James MCALLISTER (Lab),Claire GALLAGHER (SNP),Hermione SPENCER (Con),skipped,skipped,,5
2969,Douglas James MCALLISTER (Lab),Claire GALLAGHER (SNP),Hermione SPENCER (Con),skipped,skipped,,5
2970,Douglas James MCALLISTER (Lab),Claire GALLAGHER (SNP),Hermione SPENCER (Con),skipped,skipped,,5
2971,Douglas James MCALLISTER (Lab),Claire GALLAGHER (SNP),Hermione SPENCER (Con),skipped,skipped,,5
2972,Douglas James MCALLISTER (Lab),Claire GALLAGHER (SNP),Hermione SPENCER (Con),skipped,skipped,,5
2973,Douglas James MCALLISTER (Lab),Claire GALLAGHER (SNP),Hermione SPENCER (Con),skipped,skipped,,5
2974,Douglas James MCALLISTER (Lab),Claire GALLAGHER (SNP),Hermione SPENCER (Con),skipped,skipped,,5
2975,Douglas James MCALLISTER (Lab),Claire GALLAGHER (SNP),Hermione SPENCER (Con),skipped,skipped,,5
2976,Douglas James MCALLISTER (Lab),Claire GALLAGHER (SNP),Hermione SPENCER (Con),skipped,skipped,,5
2977,Douglas James MCALLISTER (Lab),Claire GALLAGHER (SNP),Hermione SPENCER (Con),skipped,skipped,,5
2978,Douglas James MCALLISTER (Lab),Claire GALLAGHER (SNP),Hermione SPENCER (Con),skipped,skipped,,5
2979,Douglas James MCALLISTER (Lab),Claire GALLAGHER (SNP),Hermione SPENCER (Con),skipped,skipped,,5
2980,Douglas James MCALLISTER (Lab),Claire GALLAGHER (SNP),Hermione SPENCER (Con),skipped,skipped,,5
2981,Douglas James MCALLISTER (Lab),Claire GALLAGHER (SNP),Hermione SPENCER (Con),skipped,skipped,,5
2982,Douglas James MCALLISTER (Lab),Claire GALLAGHER (SNP),Hermione SPENCER (Con),skipped,skipped,,5
2983,Douglas James MCALLISTER (Lab),Claire GALLAGHER (SNP),Hermione SPENCER (Con),skipped,skipped,,5
2984,Douglas James MCALLISTER (Lab),Claire GALLAGHER (SNP),Hermione SPENCER (Con),skipped,skipped,,5
2985,Douglas James MCALLISTER (Lab),Claire GALLAGHER (SNP),Hermione SPENCER (Con),skipped,skipped,,5
2986,Douglas James MCALLISTER (Lab),Claire GALLAGHER (SNP),Hermione SPENCER (Con),skipped,skipped,,5
2987,Douglas James MCALLISTER (Lab),Claire GALLAGHER (SNP),Hermione SPENCER (Con),skipped,skipped,,5
2988,Douglas James MCALLISTER (Lab),Claire GALLAGHER (SNP),Hermione SPENCER (Con),skipped,skipped,,5
2989,Douglas James MCALLISTER (Lab),Claire GALLAGHER (SNP),Hermione SPENCER (Con),skipped,skipped,,5
2990,Douglas James MCALLISTER (Lab),Claire GALLAGHER (SNP),Hermione SPENCER (Con),skipped,skipped,,5
2991,Douglas James MCALLISTER (Lab),Claire GALLAGHER (SNP),Hermione SPENCER (Con),skipped,skipped,,5
2992,Douglas James MCALLISTER (Lab),Claire GALLAGHER (SNP),Hermione SPENCER (Con),skipped,skipped,,5
2993,Douglas James MCALLISTER (Lab),Claire GALLAGHER (SNP),Hermione SPENCER (Con),skipped,skipped,,5
2994,Douglas James MCALLISTER (Lab),Claire GALLAGHER (SNP),Hermione SPENCER (Con),skipped,skipped,,5
2995,Douglas James MCALLISTER (Lab),Claire GALLAGHER (SNP),Hermione SPENCER (Con),skipped,skipped,,5
2996,Douglas James MCALLISTER (Lab),Claire GALLAGHER (SNP),Hermione SPENCER (Con),skipped,skipped,,5
2997,Douglas James MCALLISTER (Lab),Claire GALLAGHER (SNP),Hermione SPENCER (Con),skipped,skipped,,5
2998,Douglas James MCALLISTER (Lab),Claire GALLAGHER (SNP),Hermione SPENCER (Con),skipped,skipped,,5
2999,Douglas James MCALLISTER (Lab),Claire GALLAGHER (SNP),Hermione SPENCER (Con),skipped,skipped,,5
3000,Douglas James MCALLISTER (Lab),Claire GALLAGHER (SNP),Hermione SPENCER (Con),skipped,skipped,,5
3001,Douglas James MCALLISTER (Lab),Claire GALLAGHER (SNP),Hermione SPENCER (Con),skipped,skipped,,5
3002,Douglas James MCALLISTER (Lab),Claire GALLAGHER (SNP),Hermione SPENCER (Con),skipped,skipped,,5
3003,Douglas James MCALLISTER (Lab),Claire GALLAGHER (SNP),Hermione SPENCER (Con),skipped,skipped,,5
3004,Douglas James MCALLISTER (Lab),Claire GALLAGHER (SNP),Hermione SPENCER (Con),skipped,skipped,,5
3005,Douglas James MCALLISTER (Lab),Claire GALLAGHER (SNP),Hermione SPENCER (Con),skipped,skipped,,5
3006,Douglas James MCALLISTER (Lab),Claire GALLAGHER (SNP),Hermione SPENCER (Con),skipped,skipped,,5
3007,Douglas James MCALLISTER (Lab),Claire GALLAGHER (SNP),Hermione SPENCER (Con),skipped,skipped,,5
3008,Douglas James MCALLISTER (Lab),Claire GALLAGHER (SNP),Hermione SPENCER (Con),skipped,skipped,,5
3009,Douglas James MCALLISTER (Lab),Claire GALLAGHER (SNP),Hermione SPENCER (Con),skipped,skipped,,5
3010,Douglas James MCALLISTER (Lab),Claire GALLAGHER (SNP),Hermione SPENCER (Con),skipped,skipped,,5
3011,Douglas James MCALLISTER (Lab),Claire GALLAGHER (SNP),Hermione SPENCER (Con),skipped,skipped,,5
3012,Douglas James MCALLISTER (Lab),Claire GALLAGHER (SNP),Hermione SPENCER (Con),skipped,skipped,,5
3013,Douglas James MCALLISTER (Lab),Claire GALLAGHER (SNP),Hermione SPENCER (Con),skipped,skipped,,5
3014,Douglas James MCALLISTER (Lab),Claire GALLAGHER (SNP),Hermione SPENCER (Con),skipped,skipped,,5
3015,Douglas James MCALLISTER (Lab),Claire GALLAGHER (SNP),Hermione SPENCER (Con),skipped,skipped,,5
3016,Douglas James MCALLISTER (Lab),Claire GALLAGHER (SNP),Hermione SPENCER (Con),skipped,skipped,,5
3017,Douglas James MCALLISTER (Lab),Claire GALLAGHER (SNP),Hermione SPENCER (Con),skipped,skipped,,5
3018,Douglas James MCALLISTER (Lab),Claire GALLAGHER (SNP),Hermione SPENCER (Con),skipped,skipped,,5
3019,Douglas James MCALLISTER (Lab),Claire GALLAGHER (SNP),Hermione SPENCER (Con),skipped,skipped,,5
3020,Douglas James MCALLISTER (Lab),Claire GALLAGHER (SNP),Hermione SPENCER (Con),skipped,skipped,,5
3021,Douglas James MCALLISTER (Lab),Claire GALLAGHER (SNP),skipped,skipped,skipped,,5
3022,Douglas James MCALLISTER (Lab),Claire GALLAGHER (SNP),skipped,skipped,skipped,,5
3023,Douglas James MCALLISTER (Lab),Claire GALLAGHER (SNP),skipped,skipped,skipped,,5
3024,Douglas James MCALLISTER (Lab),Claire GALLAGHER (SNP),skipped,skipped,skipped,,5
3025,Douglas James MCALLISTER (Lab),Claire GALLAGHER (SNP),skipped,skipped,skipped,,5
3026,Douglas James MCALLISTER (Lab),Claire GALLAGHER (SNP),skipped,skipped,skipped,,5
3027,Douglas James MCALLISTER (Lab),Claire GALLAGHER (SNP),skipped,skipped,skipped,,5
3028,Douglas James MCALLISTER (Lab),Claire GALLAGHER (SNP),skipped,skipped,skipped,,5
3029,Douglas James MCALLISTER (Lab),Claire GALLAGHER (SNP),skipped,skipped,skipped,,5
3030,Douglas James MCALLISTER (Lab),Claire GALLAGHER (SNP),skipped,skipped,skipped,,5
3031,Douglas James MCALLISTER (Lab),Claire GALLAGHER (SNP),skipped,skipped,skipped,,5
3032,Douglas James MCALLISTER (Lab),Claire GALLAGHER (SNP),skipped,skipped,skipped,,5
3033,Douglas James MCALLISTER (Lab),Claire GALLAGHER (SNP),skipped,skipped,skipped,,5
3034,Douglas James MCALLISTER (Lab),Claire GALLAGHER (SNP),skipped,skipped,skipped,,5
3035,Douglas James MCALLISTER (Lab),Claire GALLAGHER (SNP),skipped,skipped,skipped,,5
3036,Douglas James MCALLISTER (Lab),Claire GALLAGHER (SNP),skipped,skipped,skipped,,5
3037,Douglas James MCALLISTER (Lab),Claire GALLAGHER (SNP),skipped,skipped,skipped,,5
3038,Douglas James MCALLISTER (Lab),Claire GALLAGHER (SNP),skipped,skipped,skipped,,5
3039,Douglas James MCALLISTER (Lab),Claire GALLAGHER (SNP),skipped,skipped,skipped,,5
3040,Douglas James MCALLISTER (Lab),Claire GALLAGHER (SNP),skipped,skipped,skipped,,5
3041,Douglas James MCALLISTER (Lab),Claire GALLAGHER (SNP),skipped,skipped,skipped,,5
3042,Douglas James MCALLISTER (Lab),Claire GALLAGHER (SNP),skipped,skipped,skipped,,5
3043,Douglas James MCALLISTER (Lab),Claire GALLAGHER (SNP),skipped,skipped,skipped,,5
3044,Douglas James MCALLISTER (Lab),Claire GALLAGHER (SNP),skipped,skipped,skipped,,5
3045,Douglas James MCALLISTER (Lab),Claire GALLAGHER (SNP),skipped,skipped,skipped,,5
3046,Douglas James MCALLISTER (Lab),Claire GALLAGHER (SNP),skipped,skipped,skipped,,5
3047,Douglas James MCALLISTER (Lab),Claire GALLAGHER (SNP),skipped,skipped,skipped,,5
3048,Douglas James MCALLISTER (Lab),Claire GALLAGHER (SNP),skipped,skipped,skipped,,5
3049,Douglas James MCALLISTER (Lab),Claire GALLAGHER (SNP),skipped,skipped,skipped,,5
3050,Douglas James MCALLISTER (Lab),Claire GALLAGHER (SNP),skipped,skipped,skipped,,5
3051,Douglas James MCALLISTER (Lab),Claire GALLAGHER (SNP),skipped,skipped,skipped,,5
3052,Douglas James MCALLISTER (Lab),Claire GALLAGHER (SNP),skipped,skipped,skipped,,5
3053,Douglas James MCALLISTER (Lab),Claire GALLAGHER (SNP),skipped,skipped,skipped,,5
3054,Douglas James MCALLISTER (Lab),Claire GALLAGHER (SNP),skipped,skipped,skipped,,5
3055,Douglas James MCALLISTER (Lab),Claire GALLAGHER (SNP),skipped,skipped,skipped,,5
3056,Douglas James MCALLISTER (Lab),Claire GALLAGHER (SNP),skipped,skipped,skipped,,5
3057,Douglas James MCALLISTER (Lab),Claire GALLAGHER (SNP),skipped,skipped,skipped,,5
3058,Douglas James MCALLISTER (Lab),Claire GALLAGHER (SNP),skipped,skipped,skipped,,5
3059,Douglas James MCALLISTER (Lab),Claire GALLAGHER (SNP),skipped,skipped,skipped,,5
3060,Douglas James MCALLISTER (Lab),Claire GALLAGHER (SNP),skipped,skipped,skipped,,5
3061,Douglas James MCALLISTER (Lab),Claire GALLAGHER (SNP),skipped,skipped,skipped,,5
3062,Douglas James MCALLISTER (Lab),Claire GALLAGHER (SNP),skipped,skipped,skipped,,5
3063,Douglas James MCALLISTER (Lab),Claire GALLAGHER (SNP),skipped,skipped,skipped,,5
3064,Douglas James MCALLISTER (Lab),Claire GALLAGHER (SNP),skipped,skipped,skipped,,5
3065,Douglas James MCALLISTER (Lab),Claire GALLAGHER (SNP),skipped,skipped,skipped,,5
3066,Douglas James MCALLISTER (Lab),Claire GALLAGHER (SNP),skipped,skipped,skipped,,5
3067,Douglas James MCALLISTER (Lab),Claire GALLAGHER (SNP),skipped,skipped,skipped,,5
3068,Douglas James MCALLISTER (Lab),Claire GALLAGHER (SNP),skipped,skipped,skipped,,5
3069,Douglas James MCALLISTER (Lab),Claire GALLAGHER (SNP),skipped,skipped,skipped,,5
3070,Douglas James MCALLISTER (Lab),Claire GALLAGHER (SNP),skipped,skipped,skipped,,5
3071,Douglas James MCALLISTER (Lab),Claire GALLAGHER (SNP),skipped,skipped,skipped,,5
3072,Douglas James MCALLISTER (Lab),Claire GALLAGHER (SNP),skipped,skipped,skipped,,5
3073,Douglas James MCALLISTER (Lab),Claire GALLAGHER (SNP),skipped,skipped,skipped,,5
3074,Douglas James MCALLISTER (Lab),Claire GALLAGHER (SNP),skipped,skipped,skipped,,5
3075,Douglas James MCALLISTER (Lab),Claire GALLAGHER (SNP),skipped,skipped,skipped,,5
3076,Douglas James MCALLISTER (Lab),Claire GALLAGHER (SNP),skipped,skipped,skipped,,5
3077,Douglas James MCALLISTER (Lab),Claire GALLAGHER (SNP),skipped,skipped,skipped,,5
3078,Douglas James MCALLISTER (Lab),Claire GALLAGHER (SNP),skipped,skipped,skipped,,5
3079,Douglas James MCALLISTER (Lab),Claire GALLAGHER (SNP),skipped,skipped,skipped,,5
3080,Douglas James MCALLISTER (Lab),Claire GALLAGHER (SNP),skipped,skipped,skipped,,5
3081,Douglas James MCALLISTER (Lab),Claire GALLAGHER (SNP),skipped,skipped,skipped,,5
3082,Douglas James MCALLISTER (Lab),Claire GALLAGHER (SNP),skipped,skipped,skipped,,5
3083,Douglas James MCALLISTER (Lab),Claire GALLAGHER (SNP),skipped,skipped,skipped,,5
3084,Douglas James MCALLISTER (Lab),Claire GALLAGHER (SNP),skipped,skipped,skipped,,5
3085,Douglas James MCALLISTER (Lab),Claire GALLAGHER (SNP),skipped,skipped,skipped,,5
3086,Douglas James MCALLISTER (Lab),Claire GALLAGHER (SNP),skipped,skipped,skipped,,5
3087,Douglas James MCALLISTER (Lab),Claire GALLAGHER (SNP),skipped,skipped,skipped,,5
3088,Douglas James MCALLISTER (Lab),Claire GALLAGHER (SNP),skipped,skipped,skipped,,5
3089,Douglas James MCALLISTER (Lab),Claire GALLAGHER (SNP),skipped,skipped,skipped,,5
3090,Douglas James MCALLISTER (Lab),Claire GALLAGHER (SNP),skipped,skipped,skipped,,5
3091,Douglas James MCALLISTER (Lab),Claire GALLAGHER (SNP),skipped,skipped,skipped,,5
3092,Douglas James MCALLISTER (Lab),Claire GALLAGHER (SNP),skipped,skipped,skipped,,5
3093,Douglas James MCALLISTER (Lab),Claire GALLAGHER (SNP),skipped,skipped,skipped,,5
3094,Douglas James MCALLISTER (Lab),Claire GALLAGHER (SNP),skipped,skipped,skipped,,5
3095,Douglas James MCALLISTER (Lab),Claire GALLAGHER (SNP),Hermione SPENCER (Con),skipped,skipped,,5
3096,Douglas James MCALLISTER (Lab),Claire GALLAGHER (SNP),Hermione SPENCER (Con),skipped,skipped,,5
3097,Douglas James MCALLISTER (Lab),Claire GALLAGHER (SNP),Hermione SPENCER (Con),skipped,skipped,,5
3098,Douglas James MCALLISTER (Lab),Claire GALLAGHER (SNP),Hermione SPENCER (Con),skipped,skipped,,5
3099,Douglas James MCALLISTER (Lab),Claire GALLAGHER (SNP),skipped,skipped,skipped,,5
3100,Douglas James MCALLISTER (Lab),Claire GALLAGHER (SNP),skipped,skipped,skipped,,5
3101,Douglas James MCALLISTER (Lab),Claire GALLAGHER (SNP),skipped,skipped,skipped,,5
3102,Douglas James MCALLISTER (Lab),Claire GALLAGHER (SNP),skipped,skipped,skipped,,5
3103,Douglas James MCALLISTER (Lab),Claire GALLAGHER (SNP),skipped,skipped,skipped,,5
3104,Douglas James MCALLISTER (Lab),Claire GALLAGHER (SNP),skipped,skipped,skipped,,5
3105,Douglas James MCALLISTER (Lab),Claire GALLAGHER (SNP),skipped,skipped,skipped,,5
3106,Douglas James MCALLISTER (Lab),Claire GALLAGHER (SNP),skipped,skipped,skipped,,5
3107,Douglas James MCALLISTER (Lab),Claire GALLAGHER (SNP),skipped,skipped,skipped,,5
3108,Douglas James MCALLISTER (Lab),Claire GALLAGHER (SNP),skipped,skipped,skipped,,5
3109,Douglas James MCALLISTER (Lab),Claire GALLAGHER (SNP),skipped,skipped,skipped,,5
3110,Douglas James MCALLISTER (Lab),Claire GALLAGHER (SNP),skipped,skipped,skipped,,5
3111,Douglas James MCALLISTER (Lab),Claire GALLAGHER (SNP),skipped,skipped,skipped,,5
3112,Douglas James MCALLISTER (Lab),Claire GALLAGHER (SNP),skipped,skipped,skipped,,5
3113,Douglas James MCALLISTER (Lab),Claire GALLAGHER (SNP),skipped,skipped,skipped,,5
3114,Douglas James MCALLISTER (Lab),Claire GALLAGHER (SNP),skipped,skipped,skipped,,5
3115,Douglas James MCALLISTER (Lab),Claire GALLAGHER (SNP),skipped,skipped,skipped,,5
3116,Douglas James MCALLISTER (Lab),Claire GALLAGHER (SNP),skipped,skipped,skipped,,5
3117,Douglas James MCALLISTER (Lab),Claire GALLAGHER (SNP),skipped,skipped,skipped,,5
3118,Douglas James MCALLISTER (Lab),Claire GALLAGHER (SNP),skipped,skipped,skipped,,5
3119,Douglas James MCALLISTER (Lab),Claire GALLAGHER (SNP),skipped,skipped,skipped,,5
3120,Douglas James MCALLISTER (Lab),Claire GALLAGHER (SNP),skipped,skipped,skipped,,5
3121,Douglas James MCALLISTER (Lab),Claire GALLAGHER (SNP),Hermione SPENCER (Con),skipped,skipped,,5
3122,Douglas James MCALLISTER (Lab),Claire GALLAGHER (SNP),Hermione SPENCER (Con),skipped,skipped,,5
3123,Douglas James MCALLISTER (Lab),Claire GALLAGHER (SNP),Hermione SPENCER (Con),skipped,skipped,,5
3124,Douglas James MCALLISTER (Lab),Claire GALLAGHER (SNP),Hermione SPENCER (Con),skipped,skipped,,5
3125,Douglas James MCALLISTER (Lab),Claire GALLAGHER (SNP),Hermione SPENCER (Con),skipped,skipped,,5
3126,Douglas James MCALLISTER (Lab),Claire GALLAGHER (SNP),Hermione SPENCER (Con),skipped,skipped,,5
3127,Douglas James MCALLISTER (Lab),Claire GALLAGHER (SNP),Hermione SPENCER (Con),skipped,skipped,,5
3128,Douglas James MCALLISTER (Lab),Claire GALLAGHER (SNP),Hermione SPENCER (Con),skipped,skipped,,5
3129,Douglas James MCALLISTER (Lab),Claire GALLAGHER (SNP),Hermione SPENCER (Con),skipped,skipped,,5
3130,Douglas James MCALLISTER (Lab),Claire GALLAGHER (SNP),Hermione SPENCER (Con),skipped,skipped,,5
3131,Douglas James MCALLISTER (Lab),Claire GALLAGHER (SNP),Hermione SPENCER (Con),skipped,skipped,,5
3132,Douglas James MCALLISTER (Lab),Claire GALLAGHER (SNP),Hermione SPENCER (Con),skipped,skipped,,5
3133,Douglas James MCALLISTER (Lab),Claire GALLAGHER (SNP),Hermione SPENCER (Con),skipped,skipped,,5
3134,Douglas James MCALLISTER (Lab),Claire GALLAGHER (SNP),Hermione SPENCER (Con),skipped,skipped,,5
3135,Douglas James MCALLISTER (Lab),Claire GALLAGHER (SNP),Hermione SPENCER (Con),skipped,skipped,,5
3136,Douglas James MCALLISTER (Lab),Claire GALLAGHER (SNP),Hermione SPENCER (Con),skipped,skipped,,5
3137,Douglas James MCALLISTER (Lab),Claire GALLAGHER (SNP),Hermione SPENCER (Con),skipped,skipped,,5
3138,Douglas James MCALLISTER (Lab),Claire GALLAGHER (SNP),Hermione SPENCER (Con),skipped,skipped,,5
3139,Douglas James MCALLISTER (Lab),Claire GALLAGHER (SNP),Hermione SPENCER (Con),skipped,skipped,,5
3140,Douglas James MCALLISTER (Lab),Claire GALLAGHER (SNP),Hermione SPENCER (Con),skipped,skipped,,5
3141,Douglas James MCALLISTER (Lab),Claire GALLAGHER (SNP),Hermione SPENCER (Con),skipped,skipped,,5
3142,Douglas James MCALLISTER (Lab),Claire GALLAGHER (SNP),Hermione SPENCER (Con),skipped,skipped,,5
3143,Douglas James MCALLISTER (Lab),Claire GALLAGHER (SNP),Hermione SPENCER (Con),skipped,skipped,,5
3144,Douglas James MCALLISTER (Lab),Claire GALLAGHER (SNP),Hermione SPENCER (Con),skipped,skipped,,5
3145,Douglas James MCALLISTER (Lab),Claire GALLAGHER (SNP),Hermione SPENCER (Con),skipped,skipped,,5
3146,Douglas James MCALLISTER (Lab),Claire GALLAGHER (SNP),Hermione SPENCER (Con),skipped,skipped,,5
3147,Douglas James MCALLISTER (Lab),Claire GALLAGHER (SNP),Hermione SPENCER (Con),skipped,skipped,,5
3148,Douglas James MCALLISTER (Lab),Claire GALLAGHER (SNP),Hermione SPENCER (Con),skipped,skipped,,5
3149,Douglas James MCALLISTER (Lab),Claire GALLAGHER (SNP),Hermione SPENCER (Con),skipped,skipped,,5
3150,Douglas James MCALLISTER (Lab),Claire GALLAGHER (SNP),Hermione SPENCER (Con),skipped,skipped,,5
3151,Douglas James MCALLISTER (Lab),Claire GALLAGHER (SNP),Hermione SPENCER (Con),skipped,skipped,,5
3152,Douglas James MCALLISTER (Lab),Claire GALLAGHER (SNP),Hermione SPENCER (Con),skipped,skipped,,5
3153,Douglas James MCALLISTER (Lab),Claire GALLAGHER (SNP),Hermione SPENCER (Con),skipped,skipped,,5
3154,Douglas James MCALLISTER (Lab),Claire GALLAGHER (SNP),Hermione SPENCER (Con),skipped,skipped,,5
3155,Douglas James MCALLISTER (Lab),Claire GALLAGHER (SNP),Hermione SPENCER (Con),skipped,skipped,,5
3156,Douglas James MCALLISTER (Lab),Claire GALLAGHER (SNP),Hermione SPENCER (Con),skipped,skipped,,5
3157,Douglas James MCALLISTER (Lab),Claire GALLAGHER (SNP),Hermione SPENCER (Con),skipped,skipped,,5
3158,Douglas James MCALLISTER (Lab),Hermione SPENCER (Con),skipped,skipped,skipped,,5
3159,Douglas James MCALLISTER (Lab),Hermione SPENCER (Con),skipped,skipped,skipped,,5
3160,Douglas James MCALLISTER (Lab),Hermione SPENCER (Con),skipped,skipped,skipped,,5
3161,Douglas James MCALLISTER (Lab),Hermione SPENCER (Con),skipped,skipped,skipped,,5
3162,Douglas James MCALLISTER (Lab),Hermione SPENCER (Con),skipped,skipped,skipped,,5
3163,Douglas James MCALLISTER (Lab),Hermione SPENCER (Con),skipped,skipped,skipped,,5
3164,Douglas James MCALLISTER (Lab),Hermione SPENCER (Con),skipped,skipped,skipped,,5
3165,Douglas James MCALLISTER (Lab),Hermione SPENCER (Con),skipped,skipped,skipped,,5
3166,Douglas James MCALLISTER (Lab),Hermione SPENCER (Con),skipped,skipped,skipped,,5
3167,Douglas James MCALLISTER (Lab),Hermione SPENCER (Con),skipped,skipped,skipped,,5
3168,Douglas James MCALLISTER (Lab),Hermione SPENCER (Con),skipped,skipped,skipped,,5
3169,Douglas James MCALLISTER (Lab),Hermione SPENCER (Con),skipped,skipped,skipped,,5
3170,Douglas James MCALLISTER (Lab),Hermione SPENCER (Con),skipped,skipped,skipped,,5
3171,Douglas James MCALLISTER (Lab),Hermione SPENCER (Con),skipped,skipped,skipped,,5
3172,Douglas James MCALLISTER (Lab),Hermione SPENCER (Con),skipped,skipped,skipped,,5
3173,Douglas James MCALLISTER (Lab),Hermione SPENCER (Con),skipped,skipped,skipped,,5
3174,Douglas James MCALLISTER (Lab),Hermione SPENCER (Con),skipped,skipped,skipped,,5
3175,Douglas James MCALLISTER (Lab),Hermione SPENCER (Con),skipped,skipped,skipped,,5
3176,Douglas James MCALLISTER (Lab),Hermione SPENCER (Con),skipped,skipped,skipped,,5
3177,Douglas James MCALLISTER (Lab),Hermione SPENCER (Con),skipped,skipped,skipped,,5
3178,Douglas James MCALLISTER (Lab),Hermione SPENCER (Con),skipped,skipped,skipped,,5
3179,Douglas James MCALLISTER (Lab),Hermione SPENCER (Con),skipped,skipped,skipped,,5
3180,Douglas James MCALLISTER (Lab),Hermione SPENCER (Con),skipped,skipped,skipped,,5
3181,Douglas James MCALLISTER (Lab),Hermione SPENCER (Con),skipped,skipped,skipped,,5
3182,Douglas James MCALLISTER (Lab),Hermione SPENCER (Con),skipped,skipped,skipped,,5
3183,Douglas James MCALLISTER (Lab),Hermione SPENCER (Con),skipped,skipped,skipped,,5
3184,Douglas James MCALLISTER (Lab),Hermione SPENCER (Con),skipped,skipped,skipped,,5
3185,Douglas James MCALLISTER (Lab),Hermione SPENCER (Con),skipped,skipped,skipped,,5
3186,Douglas James MCALLISTER (Lab),Hermione SPENCER (Con),skipped,skipped,skipped,,5
3187,Douglas James MCALLISTER (Lab),Hermione SPENCER (Con),skipped,skipped,skipped,,5
3188,Douglas James MCALLISTER (Lab),Hermione SPENCER (Con),skipped,skipped,skipped,,5
3189,Douglas James MCALLISTER (Lab),Hermione SPENCER (Con),skipped,skipped,skipped,,5
3190,Douglas James MCALLISTER (Lab),Hermione SPENCER (Con),skipped,skipped,skipped,,5
3191,Douglas James MCALLISTER (Lab),Hermione SPENCER (Con),skipped,skipped,skipped,,5
3192,Douglas James MCALLISTER (Lab),Hermione SPENCER (Con),skipped,skipped,skipped,,5
3193,Douglas James MCALLISTER (Lab),Hermione SPENCER (Con),skipped,skipped,skipped,,5
3194,Douglas James MCALLISTER (Lab),Hermione SPENCER (Con),skipped,skipped,skipped,,5
3195,Douglas James MCALLISTER (Lab),Hermione SPENCER (Con),skipped,skipped,skipped,,5
3196,Douglas James MCALLISTER (Lab),Hermione SPENCER (Con),skipped,skipped,skipped,,5
3197,Douglas James MCALLISTER (Lab),Hermione SPENCER (Con),skipped,skipped,skipped,,5
3198,Douglas James MCALLISTER (Lab),Hermione SPENCER (Con),skipped,skipped,skipped,,5
3199,Douglas James MCALLISTER (Lab),Hermione SPENCER (Con),skipped,skipped,skipped,,5
3200,Douglas James MCALLISTER (Lab),Hermione SPENCER (Con),skipped,skipped,skipped,,5
3201,Douglas James MCALLISTER (Lab),Hermione SPENCER (Con),skipped,skipped,skipped,,5
3202,Douglas James MCALLISTER (Lab),Hermione SPENCER (Con),skipped,skipped,skipped,,5
3203,Douglas James MCALLISTER (Lab),Hermione SPENCER (Con),skipped,skipped,skipped,,5
3204,Douglas James MCALLISTER (Lab),Hermione SPENCER (Con),skipped,skipped,skipped,,5
3205,Douglas James MCALLISTER (Lab),Hermione SPENCER (Con),Claire GALLAGHER (SNP),skipped,skipped,,5
3206,Douglas James MCALLISTER (Lab),Hermione SPENCER (Con),Claire GALLAGHER (SNP),skipped,skipped,,5
3207,Douglas James MCALLISTER (Lab),Hermione SPENCER (Con),Claire GALLAGHER (SNP),skipped,skipped,,5
3208,Douglas James MCALLISTER (Lab),Hermione SPENCER (Con),Claire GALLAGHER (SNP),skipped,skipped,,5
3209,Douglas James MCALLISTER (Lab),Hermione SPENCER (Con),Claire GALLAGHER (SNP),skipped,skipped,,5
3210,Douglas James MCALLISTER (Lab),Hermione SPENCER (Con),Claire GALLAGHER (SNP),skipped,skipped,,5
3211,Douglas James MCALLISTER (Lab),Hermione SPENCER (Con),Jim FINN (SNP),skipped,skipped,,5
3212,Douglas James MCALLISTER (Lab),Hermione SPENCER (Con),Jim FINN (SNP),skipped,skipped,,5
3213,Douglas James MCALLISTER (Lab),Hermione SPENCER (Con),Jim FINN (SNP),skipped,skipped,,5
3214,Douglas James MCALLISTER (Lab),Hermione SPENCER (Con),Jim FINN (SNP),skipped,skipped,,5
3215,Douglas James MCALLISTER (Lab),Hermione SPENCER (Con),Claire GALLAGHER (SNP),skipped,skipped,,5
3216,Douglas James MCALLISTER (Lab),Hermione SPENCER (Con),Claire GALLAGHER (SNP),skipped,skipped,,5
3217,Douglas James MCALLISTER (Lab),Hermione SPENCER (Con),Claire GALLAGHER (SNP),skipped,skipped,,5
3218,Douglas James MCALLISTER (Lab),Jim FINN (SNP),skipped,skipped,skipped,,5
3219,Douglas James MCALLISTER (Lab),Jim FINN (SNP),skipped,skipped,skipped,,5
3220,Douglas James MCALLISTER (Lab),Jim FINN (SNP),skipped,skipped,skipped,,5
3221,Douglas James MCALLISTER (Lab),Jim FINN (SNP),skipped,skipped,skipped,,5
3222,Douglas James MCALLISTER (Lab),Jim FINN (SNP),skipped,skipped,skipped,,5
3223,Douglas James MCALLISTER (Lab),Jim FINN (SNP),skipped,skipped,skipped,,5
3224,Douglas James MCALLISTER (Lab),Jim FINN (SNP),skipped,skipped,skipped,,5
3225,Douglas James MCALLISTER (Lab),Jim FINN (SNP),skipped,skipped,skipped,,5
3226,Douglas James MCALLISTER (Lab),Jim FINN (SNP),skipped,skipped,skipped,,5
3227,Douglas James MCALLISTER (Lab),Jim FINN (SNP),skipped,skipped,skipped,,5
3228,Douglas James MCALLISTER (Lab),Jim FINN (SNP),skipped,skipped,skipped,,5
3229,Douglas James MCALLISTER (Lab),Jim FINN (SNP),skipped,skipped,skipped,,5
3230,Douglas James MCALLISTER (Lab),Jim FINN (SNP),skipped,skipped,skipped,,5
3231,Douglas James MCALLISTER (Lab),Jim FINN (SNP),skipped,skipped,skipped,,5
3232,Douglas James MCALLISTER (Lab),Jim FINN (SNP),skipped,skipped,skipped,,5
3233,Douglas James MCALLISTER (Lab),Jim FINN (SNP),skipped,skipped,skipped,,5
3234,Douglas James MCALLISTER (Lab),Jim FINN (SNP),skipped,skipped,skipped,,5
3235,Douglas James MCALLISTER (Lab),Jim FINN (SNP),skipped,skipped,skipped,,5
3236,Douglas James MCALLISTER (Lab),Jim FINN (SNP),skipped,skipped,skipped,,5
3237,Douglas James MCALLISTER (Lab),Jim FINN (SNP),skipped,skipped,skipped,,5
3238,Douglas James MCALLISTER (Lab),Jim FINN (SNP),skipped,skipped,skipped,,5
3239,Douglas James MCALLISTER (Lab),Jim FINN (SNP),skipped,skipped,skipped,,5
3240,Douglas James MCALLISTER (Lab),Jim FINN (SNP),skipped,skipped,skipped,,5
3241,Douglas James MCALLISTER (Lab),Jim FINN (SNP),skipped,skipped,skipped,,5
3242,Douglas James MCALLISTER (Lab),Jim FINN (SNP),skipped,skipped,skipped,,5
3243,Douglas James MCALLISTER (Lab),Jim FINN (SNP),skipped,skipped,skipped,,5
3244,Douglas James MCALLISTER (Lab),Jim FINN (SNP),skipped,skipped,skipped,,5
3245,Douglas James MCALLISTER (Lab),Jim FINN (SNP),skipped,skipped,skipped,,5
3246,Douglas James MCALLISTER (Lab),Jim FINN (SNP),skipped,skipped,skipped,,5
3247,Douglas James MCALLISTER (Lab),Jim FINN (SNP),skipped,skipped,skipped,,5
3248,Douglas James MCALLISTER (Lab),Jim FINN (SNP),skipped,skipped,skipped,,5
3249,Douglas James MCALLISTER (Lab),Jim FINN (SNP),skipped,skipped,skipped,,5
3250,Douglas James MCALLISTER (Lab),Jim FINN (SNP),skipped,skipped,skipped,,5
3251,Douglas James MCALLISTER (Lab),Jim FINN (SNP),skipped,skipped,skipped,,5
3252,Douglas James MCALLISTER (Lab),Jim FINN (SNP),skipped,skipped,skipped,,5
3253,Douglas James MCALLISTER (Lab),Jim FINN (SNP),skipped,skipped,skipped,,5
3254,Douglas James MCALLISTER (Lab),Jim FINN (SNP),skipped,skipped,skipped,,5
3255,Douglas James MCALLISTER (Lab),Jim FINN (SNP),skipped,skipped,skipped,,5
3256,Douglas James MCALLISTER (Lab),Jim FINN (SNP),skipped,skipped,skipped,,5
3257,Douglas James MCALLISTER (Lab),Claire GALLAGHER (SNP),skipped,skipped,skipped,,5
3258,Douglas James MCALLISTER (Lab),Claire GALLAGHER (SNP),skipped,skipped,skipped,,5
3259,Douglas James MCALLISTER (Lab),Claire GALLAGHER (SNP),skipped,skipped,skipped,,5
3260,Douglas James MCALLISTER (Lab),Claire GALLAGHER (SNP),skipped,skipped,skipped,,5
3261,Douglas James MCALLISTER (Lab),Claire GALLAGHER (SNP),skipped,skipped,skipped,,5
3262,Douglas James MCALLISTER (Lab),Claire GALLAGHER (SNP),skipped,skipped,skipped,,5
3263,Douglas James MCALLISTER (Lab),Claire GALLAGHER (SNP),skipped,skipped,skipped,,5
3264,Douglas James MCALLISTER (Lab),Claire GALLAGHER (SNP),skipped,skipped,skipped,,5
3265,Douglas James MCALLISTER (Lab),Claire GALLAGHER (SNP),skipped,skipped,skipped,,5
3266,Douglas James MCALLISTER (Lab),Claire GALLAGHER (SNP),skipped,skipped,skipped,,5
3267,Douglas James MCALLISTER (Lab),Claire GALLAGHER (SNP),skipped,skipped,skipped,,5
3268,Douglas James MCALLISTER (Lab),Claire GALLAGHER (SNP),Hermione SPENCER (Con),skipped,skipped,,5
3269,Douglas James MCALLISTER (Lab),Claire GALLAGHER (SNP),Hermione SPENCER (Con),skipped,skipped,,5
3270,Douglas James MCALLISTER (Lab),Claire GALLAGHER (SNP),Hermione SPENCER (Con),skipped,skipped,,5
3271,Douglas James MCALLISTER (Lab),Claire GALLAGHER (SNP),Hermione SPENCER (Con),skipped,skipped,,5
3272,Douglas James MCALLISTER (Lab),Claire GALLAGHER (SNP),Hermione SPENCER (Con),skipped,skipped,,5
3273,Douglas James MCALLISTER (Lab),Claire GALLAGHER (SNP),Hermione SPENCER (Con),skipped,skipped,,5
3274,Douglas James MCALLISTER (Lab),Jim FINN (SNP),Hermione SPENCER (Con),skipped,skipped,,5
3275,Douglas James MCALLISTER (Lab),Jim FINN (SNP),Hermione SPENCER (Con),skipped,skipped,,5
3276,Douglas James MCALLISTER (Lab),Jim FINN (SNP),Hermione SPENCER (Con),skipped,skipped,,5
3277,Douglas James MCALLISTER (Lab),Jim FINN (SNP),Hermione SPENCER (Con),skipped,skipped,,5
3278,Douglas James MCALLISTER (Lab),Jim FINN (SNP),Hermione SPENCER (Con),skipped,skipped,,5
3279,Douglas James MCALLISTER (Lab),Claire GALLAGHER (SNP),skipped,skipped,skipped,,5
3280,Douglas James MCALLISTER (Lab),Claire GALLAGHER (SNP),skipped,skipped,skipped,,5
3281,Douglas James MCALLISTER (Lab),Claire GALLAGHER (SNP),skipped,skipped,skipped,,5
3282,Douglas James MCALLISTER (Lab),Claire GALLAGHER (SNP),skipped,skipped,skipped,,5
3283,Douglas James MCALLISTER (Lab),Claire GALLAGHER (SNP),skipped,skipped,skipped,,5
3284,Douglas James MCALLISTER (Lab),Claire GALLAGHER (SNP),skipped,skipped,skipped,,5
3285,Douglas James MCALLISTER (Lab),Claire GALLAGHER (SNP),skipped,skipped,skipped,,5
3286,Douglas James MCALLISTER (Lab),Claire GALLAGHER (SNP),skipped,skipped,skipped,,5
3287,Douglas James MCALLISTER (Lab),Claire GALLAGHER (SNP),skipped,skipped,skipped,,5
3288,Douglas James MCALLISTER (Lab),Claire GALLAGHER (SNP),skipped,skipped,skipped,,5
3289,Douglas James MCALLISTER (Lab),Claire GALLAGHER (SNP),skipped,skipped,skipped,,5
3290,Douglas James MCALLISTER (Lab),Claire GALLAGHER (SNP),skipped,skipped,skipped,,5
3291,Douglas James MCALLISTER (Lab),Claire GALLAGHER (SNP),skipped,skipped,skipped,,5
3292,Douglas James MCALLISTER (Lab),Claire GALLAGHER (SNP),skipped,skipped,skipped,,5
3293,Douglas James MCALLISTER (Lab),Claire GALLAGHER (SNP),skipped,skipped,skipped,,5
3294,Douglas James MCALLISTER (Lab),Claire GALLAGHER (SNP),skipped,skipped,skipped,,5
3295,Douglas James MCALLISTER (Lab),Claire GALLAGHER (SNP),skipped,skipped,skipped,,5
3296,Douglas James MCALLISTER (Lab),Claire GALLAGHER (SNP),skipped,skipped,skipped,,5
3297,Douglas James MCALLISTER (Lab),Claire GALLAGHER (SNP),skipped,skipped,skipped,,5
3298,Douglas James MCALLISTER (Lab),Claire GALLAGHER (SNP),skipped,skipped,skipped,,5
3299,Douglas James MCALLISTER (Lab),Claire GALLAGHER (SNP),skipped,skipped,skipped,,5
3300,Douglas James MCALLISTER (Lab),Claire GALLAGHER (SNP),skipped,skipped,skipped,,5
3301,Douglas James MCALLISTER (Lab),Claire GALLAGHER (SNP),skipped,skipped,skipped,,5
3302,Douglas James MCALLISTER (Lab),Claire GALLAGHER (SNP),skipped,skipped,skipped,,5
3303,Douglas James MCALLISTER (Lab),Claire GALLAGHER (SNP),skipped,skipped,skipped,,5
3304,Douglas James MCALLISTER (Lab),Claire GALLAGHER (SNP),skipped,skipped,skipped,,5
3305,Douglas James MCALLISTER (Lab),Claire GALLAGHER (SNP),Hermione SPENCER (Con),skipped,skipped,,5
3306,Douglas James MCALLISTER (Lab),Claire GALLAGHER (SNP),Hermione SPENCER (Con),skipped,skipped,,5
3307,Douglas James MCALLISTER (Lab),Claire GALLAGHER (SNP),Hermione SPENCER (Con),skipped,skipped,,5
3308,Douglas James MCALLISTER (Lab),Claire GALLAGHER (SNP),Hermione SPENCER (Con),skipped,skipped,,5
3309,Douglas James MCALLISTER (Lab),Claire GALLAGHER (SNP),Hermione SPENCER (Con),skipped,skipped,,5
3310,Douglas James MCALLISTER (Lab),Claire GALLAGHER (SNP),Hermione SPENCER (Con),skipped,skipped,,5
3311,Douglas James MCALLISTER (Lab),Claire GALLAGHER (SNP),skipped,skipped,skipped,,5
3312,Douglas James MCALLISTER (Lab),Claire GALLAGHER (SNP),skipped,skipped,skipped,,5
3313,Douglas James MCALLISTER (Lab),Claire GALLAGHER (SNP),skipped,skipped,skipped,,5
3314,Douglas James MCALLISTER (Lab),Claire GALLAGHER (SNP),skipped,skipped,skipped,,5
3315,Douglas James MCALLISTER (Lab),Claire GALLAGHER (SNP),skipped,skipped,skipped,,5
3316,Douglas James MCALLISTER (Lab),Claire GALLAGHER (SNP),skipped,skipped,skipped,,5
3317,Douglas James MCALLISTER (Lab),Claire GALLAGHER (SNP),skipped,skipped,skipped,,5
3318,Douglas James MCALLISTER (Lab),Claire GALLAGHER (SNP),skipped,skipped,skipped,,5
3319,Douglas James MCALLISTER (Lab),Claire GALLAGHER (SNP),skipped,skipped,skipped,,5
3320,Douglas James MCALLISTER (Lab),Claire GALLAGHER (SNP),skipped,skipped,skipped,,5
3321,Douglas James MCALLISTER (Lab),Claire GALLAGHER (SNP),skipped,skipped,skipped,,5
3322,Douglas James MCALLISTER (Lab),Claire GALLAGHER (SNP),skipped,skipped,skipped,,5
3323,Douglas James MCALLISTER (Lab),Claire GALLAGHER (SNP),skipped,skipped,skipped,,5
3324,Douglas James MCALLISTER (Lab),Claire GALLAGHER (SNP),skipped,skipped,skipped,,5
3325,Douglas James MCALLISTER (Lab),Claire GALLAGHER (SNP),skipped,skipped,skipped,,5
3326,Douglas James MCALLISTER (Lab),Claire GALLAGHER (SNP),skipped,skipped,skipped,,5
3327,Douglas James MCALLISTER (Lab),Claire GALLAGHER (SNP),skipped,skipped,skipped,,5
3328,Douglas James MCALLISTER (Lab),Claire GALLAGHER (SNP),skipped,skipped,skipped,,5
3329,Douglas James MCALLISTER (Lab),Claire GALLAGHER (SNP),skipped,skipped,skipped,,5
3330,Douglas James MCALLISTER (Lab),Claire GALLAGHER (SNP),skipped,skipped,skipped,,5
3331,Douglas James MCALLISTER (Lab),Claire GALLAGHER (SNP),skipped,skipped,skipped,,5
3332,Douglas James MCALLISTER (Lab),Claire GALLAGHER (SNP),skipped,skipped,skipped,,5
3333,Douglas James MCALLISTER (Lab),Claire GALLAGHER (SNP),skipped,skipped,skipped,,5
3334,Douglas James MCALLISTER (Lab),Claire GALLAGHER (SNP),skipped,skipped,skipped,,5
3335,Douglas James MCALLISTER (Lab),Claire GALLAGHER (SNP),skipped,skipped,skipped,,5
3336,Douglas James MCALLISTER (Lab),Claire GALLAGHER (SNP),skipped,skipped,skipped,,5
3337,Douglas James MCALLISTER (Lab),Claire GALLAGHER (SNP),skipped,skipped,skipped,,5
3338,Douglas James MCALLISTER (Lab),Claire GALLAGHER (SNP),skipped,skipped,skipped,,5
3339,Douglas James MCALLISTER (Lab),Claire GALLAGHER (SNP),skipped,skipped,skipped,,5
3340,Douglas James MCALLISTER (Lab),Claire GALLAGHER (SNP),skipped,skipped,skipped,,5
3341,Douglas James MCALLISTER (Lab),Claire GALLAGHER (SNP),skipped,skipped,skipped,,5
3342,Douglas James MCALLISTER (Lab),Claire GALLAGHER (SNP),skipped,skipped,skipped,,5
3343,Douglas James MCALLISTER (Lab),Claire GALLAGHER (SNP),skipped,skipped,skipped,,5
3344,Douglas James MCALLISTER (Lab),Claire GALLAGHER (SNP),skipped,skipped,skipped,,5
3345,Douglas James MCALLISTER (Lab),Claire GALLAGHER (SNP),skipped,skipped,skipped,,5
3346,Douglas James MCALLISTER (Lab),Claire GALLAGHER (SNP),skipped,skipped,skipped,,5
3347,Douglas James MCALLISTER (Lab),Claire GALLAGHER (SNP),skipped,skipped,skipped,,5
3348,Douglas James MCALLISTER (Lab),Claire GALLAGHER (SNP),Hermione SPENCER (Con),skipped,skipped,,5
3349,Douglas James MCALLISTER (Lab),Claire GALLAGHER (SNP),skipped,skipped,skipped,,5
3350,Douglas James MCALLISTER (Lab),Claire GALLAGHER (SNP),skipped,skipped,skipped,,5
3351,Douglas James MCALLISTER (Lab),Claire GALLAGHER (SNP),skipped,skipped,skipped,,5
3352,Douglas James MCALLISTER (Lab),Claire GALLAGHER (SNP),skipped,skipped,skipped,,5
3353,Douglas James MCALLISTER (Lab),Claire GALLAGHER (SNP),Hermione SPENCER (Con),skipped,skipped,,5
3354,Douglas James MCALLISTER (Lab),Claire GALLAGHER (SNP),Hermione SPENCER (Con),skipped,skipped,,5
3355,Douglas James MCALLISTER (Lab),Claire GALLAGHER (SNP),Hermione SPENCER (Con),skipped,skipped,,5
3356,Douglas James MCALLISTER (Lab),Claire GALLAGHER (SNP),Hermione SPENCER (Con),skipped,skipped,,5
3357,Douglas James MCALLISTER (Lab),Claire GALLAGHER (SNP),Hermione SPENCER (Con),skipped,skipped,,5
3358,Douglas James MCALLISTER (Lab),Claire GALLAGHER (SNP),skipped,skipped,skipped,,5
3359,Douglas James MCALLISTER (Lab),Claire GALLAGHER (SNP),skipped,skipped,skipped,,5
3360,Douglas James MCALLISTER (Lab),Claire GALLAGHER (SNP),skipped,skipped,skipped,,5
3361,Douglas James MCALLISTER (Lab),Claire GALLAGHER (SNP),skipped,skipped,skipped,,5
3362,Douglas James MCALLISTER (Lab),Claire GALLAGHER (SNP),skipped,skipped,skipped,,5
3363,Douglas James MCALLISTER (Lab),Claire GALLAGHER (SNP),skipped,skipped,skipped,,5
3364,Douglas James MCALLISTER (Lab),Claire GALLAGHER (SNP),skipped,skipped,skipped,,5
3365,Douglas James MCALLISTER (Lab),Claire GALLAGHER (SNP),skipped,skipped,skipped,,5
3366,Douglas James MCALLISTER (Lab),Claire GALLAGHER (SNP),skipped,skipped,skipped,,5
3367,Douglas James MCALLISTER (Lab),Claire GALLAGHER (SNP),skipped,skipped,skipped,,5
3368,Douglas James MCALLISTER (Lab),Claire GALLAGHER (SNP),skipped,skipped,skipped,,5
3369,Douglas James MCALLISTER (Lab),Claire GALLAGHER (SNP),skipped,skipped,skipped,,5
3370,Douglas James MCALLISTER (Lab),Claire GALLAGHER (SNP),skipped,skipped,skipped,,5
3371,Douglas James MCALLISTER (Lab),Claire GALLAGHER (SNP),skipped,skipped,skipped,,5
3372,Douglas James MCALLISTER (Lab),Claire GALLAGHER (SNP),skipped,skipped,skipped,,5
3373,Douglas James MCALLISTER (Lab),Claire GALLAGHER (SNP),skipped,skipped,skipped,,5
3374,Douglas James MCALLISTER (Lab),Claire GALLAGHER (SNP),skipped,skipped,skipped,,5
3375,Douglas James MCALLISTER (Lab),Claire GALLAGHER (SNP),skipped,skipped,skipped,,5
3376,Douglas James MCALLISTER (Lab),Claire GALLAGHER (SNP),skipped,skipped,skipped,,5
3377,Douglas James MCALLISTER (Lab),Claire GALLAGHER (SNP),Hermione SPENCER (Con),skipped,skipped,,5
3378,Douglas James MCALLISTER (Lab),Claire GALLAGHER (SNP),Hermione SPENCER (Con),skipped,skipped,,5
3379,Douglas James MCALLISTER (Lab),Claire GALLAGHER (SNP),Hermione SPENCER (Con),skipped,skipped,,5
3380,Douglas James MCALLISTER (Lab),Claire GALLAGHER (SNP),Hermione SPENCER (Con),skipped,skipped,,5
3381,Douglas James MCALLISTER (Lab),Claire GALLAGHER (SNP),Hermione SPENCER (Con),skipped,skipped,,5
3382,Claire GALLAGHER (SNP),skipped,skipped,skipped,skipped,,5
3383,Claire GALLAGHER (SNP),skipped,skipped,skipped,skipped,,5
3384,Claire GALLAGHER (SNP),skipped,skipped,skipped,skipped,,5
3385,Claire GALLAGHER (SNP),skipped,skipped,skipped,skipped,,5
3386,Claire GALLAGHER (SNP),skipped,skipped,skipped,skipped,,5
3387,Claire GALLAGHER (SNP),skipped,skipped,skipped,skipped,,5
3388,Claire GALLAGHER (SNP),skipped,skipped,skipped,skipped,,5
3389,Claire GALLAGHER (SNP),skipped,skipped,skipped,skipped,,5
3390,Claire GALLAGHER (SNP),skipped,skipped,skipped,skipped,,5
3391,Claire GALLAGHER (SNP),skipped,skipped,skipped,skipped,,5
3392,Claire GALLAGHER (SNP),skipped,skipped,skipped,skipped,,5
3393,Claire GALLAGHER (SNP),skipped,skipped,skipped,skipped,,5
3394,Claire GALLAGHER (SNP),skipped,skipped,skipped,skipped,,5
3395,Claire GALLAGHER (SNP),skipped,skipped,skipped,skipped,,5
3396,Claire GALLAGHER (SNP),skipped,skipped,skipped,skipped,,5
3397,Claire GALLAGHER (SNP),skipped,skipped,skipped,skipped,,5
3398,Claire GALLAGHER (SNP),skipped,skipped,skipped,skipped,,5
3399,Claire GALLAGHER (SNP),skipped,skipped,skipped,skipped,,5
3400,Claire GALLAGHER (SNP),skipped,skipped,skipped,skipped,,5
3401,Claire GALLAGHER (SNP),skipped,skipped,skipped,skipped,,5
3402,Claire GALLAGHER (SNP),skipped,skipped,skipped,skipped,,5
3403,Claire GALLAGHER (SNP),skipped,skipped,skipped,skipped,,5
3404,Claire GALLAGHER (SNP),skipped,skipped,skipped,skipped,,5
3405,Claire GALLAGHER (SNP),skipped,skipped,skipped,skipped,,5
3406,Claire GALLAGHER (SNP),skipped,skipped,skipped,skipped,,5
3407,Claire GALLAGHER (SNP),skipped,skipped,skipped,skipped,,5
3408,Claire GALLAGHER (SNP),skipped,skipped,skipped,skipped,,5
3409,Claire GALLAGHER (SNP),skipped,skipped,skipped,skipped,,5
3410,Claire GALLAGHER (SNP),skipped,skipped,skipped,skipped,,5
3411,Claire GALLAGHER (SNP),skipped,skipped,skipped,skipped,,5
3412,Claire GALLAGHER (SNP),skipped,skipped,skipped,skipped,,5
3413,Claire GALLAGHER (SNP),skipped,skipped,skipped,skipped,,5
3414,Claire GALLAGHER (SNP),skipped,skipped,skipped,skipped,,5
3415,Claire GALLAGHER (SNP),skipped,skipped,skipped,skipped,,5
3416,Claire GALLAGHER (SNP),skipped,skipped,skipped,skipped,,5
3417,Claire GALLAGHER (SNP),skipped,skipped,skipped,skipped,,5
3418,Claire GALLAGHER (SNP),skipped,skipped,skipped,skipped,,5
3419,Claire GALLAGHER (SNP),skipped,skipped,skipped,skipped,,5
3420,Claire GALLAGHER (SNP),skipped,skipped,skipped,skipped,,5
3421,Claire GALLAGHER (SNP),skipped,skipped,skipped,skipped,,5
3422,Claire GALLAGHER (SNP),skipped,skipped,skipped,skipped,,5
3423,Claire GALLAGHER (SNP),skipped,skipped,skipped,skipped,,5
3424,Claire GALLAGHER (SNP),skipped,skipped,skipped,skipped,,5
3425,Claire GALLAGHER (SNP),skipped,skipped,skipped,skipped,,5
3426,Claire GALLAGHER (SNP),skipped,skipped,skipped,skipped,,5
3427,Claire GALLAGHER (SNP),skipped,skipped,skipped,skipped,,5
3428,Claire GALLAGHER (SNP),skipped,skipped,skipped,skipped,,5
3429,Claire GALLAGHER (SNP),skipped,skipped,skipped,skipped,,5
3430,Claire GALLAGHER (SNP),skipped,skipped,skipped,skipped,,5
3431,Claire GALLAGHER (SNP),skipped,skipped,skipped,skipped,,5
3432,Claire GALLAGHER (SNP),skipped,skipped,skipped,skipped,,5
3433,Claire GALLAGHER (SNP),skipped,skipped,skipped,skipped,,5
3434,Claire GALLAGHER (SNP),skipped,skipped,skipped,skipped,,5
3435,Claire GALLAGHER (SNP),Lawrence O'NEILL (Lab),skipped,skipped,skipped,,5
3436,Claire GALLAGHER (SNP),Lawrence O'NEILL (Lab),skipped,skipped,skipped,,5
3437,Claire GALLAGHER (SNP),Lawrence O'NEILL (Lab),skipped,skipped,skipped,,5
3438,Claire GALLAGHER (SNP),Lawrence O'NEILL (Lab),skipped,skipped,skipped,,5
3439,Claire GALLAGHER (SNP),Lawrence O'NEILL (Lab),Hermione SPENCER (Con),skipped,skipped,,5
3440,Claire GALLAGHER (SNP),Lawrence O'NEILL (Lab),Hermione SPENCER (Con),skipped,skipped,,5
3441,Claire GALLAGHER (SNP),Hermione SPENCER (Con),Douglas James MCALLISTER (Lab),skipped,skipped,,5
3442,Claire GALLAGHER (SNP),Lawrence O'NEILL (Lab),skipped,skipped,skipped,,5
3443,Claire GALLAGHER (SNP),Lawrence O'NEILL (Lab),skipped,skipped,skipped,,5
3444,Claire GALLAGHER (SNP),Lawrence O'NEILL (Lab),skipped,skipped,skipped,,5
3445,Claire GALLAGHER (SNP),Lawrence O'NEILL (Lab),skipped,skipped,skipped,,5
3446,Claire GALLAGHER (SNP),Lawrence O'NEILL (Lab),skipped,skipped,skipped,,5
3447,Claire GALLAGHER (SNP),Lawrence O'NEILL (Lab),skipped,skipped,skipped,,5
3448,Claire GALLAGHER (SNP),Lawrence O'NEILL (Lab),skipped,skipped,skipped,,5
3449,Claire GALLAGHER (SNP),Douglas James MCALLISTER (Lab),skipped,skipped,skipped,,5
3450,Claire GALLAGHER (SNP),Douglas James MCALLISTER (Lab),skipped,skipped,skipped,,5
3451,Claire GALLAGHER (SNP),Douglas James MCALLISTER (Lab),skipped,skipped,skipped,,5
3452,Claire GALLAGHER (SNP),Douglas James MCALLISTER (Lab),Hermione SPENCER (Con),skipped,skipped,,5
3453,Claire GALLAGHER (SNP),Douglas James MCALLISTER (Lab),Hermione SPENCER (Con),skipped,skipped,,5
3454,Claire GALLAGHER (SNP),Douglas James MCALLISTER (Lab),Hermione SPENCER (Con),skipped,skipped,,5
3455,Claire GALLAGHER (SNP),Douglas James MCALLISTER (Lab),Hermione SPENCER (Con),skipped,skipped,,5
3456,Claire GALLAGHER (SNP),Douglas James MCALLISTER (Lab),Hermione SPENCER (Con),skipped,skipped,,5
3457,Claire GALLAGHER (SNP),Douglas James MCALLISTER (Lab),Hermione SPENCER (Con),skipped,skipped,,5
3458,Claire GALLAGHER (SNP),Douglas James MCALLISTER (Lab),Hermione SPENCER (Con),skipped,skipped,,5
3459,Claire GALLAGHER (SNP),Douglas James MCALLISTER (Lab),Hermione SPENCER (Con),skipped,skipped,,5
3460,Claire GALLAGHER (SNP),Douglas James MCALLISTER (Lab),skipped,skipped,skipped,,5
3461,Claire GALLAGHER (SNP),Douglas James MCALLISTER (Lab),skipped,skipped,skipped,,5
3462,Claire GALLAGHER (SNP),Douglas James MCALLISTER (Lab),skipped,skipped,skipped,,5
3463,Claire GALLAGHER (SNP),Douglas James MCALLISTER (Lab),skipped,skipped,skipped,,5
3464,Claire GALLAGHER (SNP),Douglas James MCALLISTER (Lab),skipped,skipped,skipped,,5
3465,Claire GALLAGHER (SNP),Douglas James MCALLISTER (Lab),skipped,skipped,skipped,,5
3466,Claire GALLAGHER (SNP),Douglas James MCALLISTER (Lab),Hermione SPENCER (Con),skipped,skipped,,5
3467,Claire GALLAGHER (SNP),Douglas James MCALLISTER (Lab),skipped,skipped,skipped,,5
3468,Claire GALLAGHER (SNP),Douglas James MCALLISTER (Lab),skipped,skipped,skipped,,5
3469,Claire GALLAGHER (SNP),Douglas James MCALLISTER (Lab),Hermione SPENCER (Con),skipped,skipped,,5
3470,Claire GALLAGHER (SNP),Douglas James MCALLISTER (Lab),Hermione SPENCER (Con),skipped,skipped,,5
3471,Claire GALLAGHER (SNP),Hermione SPENCER (Con),skipped,skipped,skipped,,5
3472,Claire GALLAGHER (SNP),Hermione SPENCER (Con),skipped,skipped,skipped,,5
3473,Claire GALLAGHER (SNP),Hermione SPENCER (Con),skipped,skipped,skipped,,5
3474,Claire GALLAGHER (SNP),Hermione SPENCER (Con),Douglas James MCALLISTER (Lab),skipped,skipped,,5
3475,Claire GALLAGHER (SNP),skipped,skipped,skipped,skipped,,5
3476,Claire GALLAGHER (SNP),skipped,skipped,skipped,skipped,,5
3477,Claire GALLAGHER (SNP),skipped,skipped,skipped,skipped,,5
3478,Claire GALLAGHER (SNP),skipped,skipped,skipped,skipped,,5
3479,Claire GALLAGHER (SNP),skipped,skipped,skipped,skipped,,5
3480,Claire GALLAGHER (SNP),skipped,skipped,skipped,skipped,,5
3481,Claire GALLAGHER (SNP),skipped,skipped,skipped,skipped,,5
3482,Claire GALLAGHER (SNP),skipped,skipped,skipped,skipped,,5
3483,Claire GALLAGHER (SNP),skipped,skipped,skipped,skipped,,5
3484,Claire GALLAGHER (SNP),skipped,skipped,skipped,skipped,,5
3485,Claire GALLAGHER (SNP),skipped,skipped,skipped,skipped,,5
3486,Claire GALLAGHER (SNP),skipped,skipped,skipped,skipped,,5
3487,Claire GALLAGHER (SNP),skipped,skipped,skipped,skipped,,5
3488,Claire GALLAGHER (SNP),skipped,skipped,skipped,skipped,,5
3489,Claire GALLAGHER (SNP),skipped,skipped,skipped,skipped,,5
3490,Claire GALLAGHER (SNP),skipped,skipped,skipped,skipped,,5
3491,Claire GALLAGHER (SNP),skipped,skipped,skipped,skipped,,5
3492,Claire GALLAGHER (SNP),skipped,skipped,skipped,skipped,,5
3493,Claire GALLAGHER (SNP),skipped,skipped,skipped,skipped,,5
3494,Claire GALLAGHER (SNP),skipped,skipped,skipped,skipped,,5
3495,Claire GALLAGHER (SNP),skipped,skipped,skipped,skipped,,5
3496,Claire GALLAGHER (SNP),skipped,skipped,skipped,skipped,,5
3497,Claire GALLAGHER (SNP),skipped,skipped,skipped,skipped,,5
3498,Claire GALLAGHER (SNP),skipped,skipped,skipped,skipped,,5
3499,Claire GALLAGHER (SNP),skipped,skipped,skipped,skipped,,5
3500,Claire GALLAGHER (SNP),skipped,skipped,skipped,skipped,,5
3501,Claire GALLAGHER (SNP),skipped,skipped,skipped,skipped,,5
3502,Claire GALLAGHER (SNP),skipped,skipped,skipped,skipped,,5
3503,Claire GALLAGHER (SNP),skipped,skipped,skipped,skipped,,5
3504,Claire GALLAGHER (SNP),skipped,skipped,skipped,skipped,,5
3505,Claire GALLAGHER (SNP),skipped,skipped,skipped,skipped,,5
3506,Claire GALLAGHER (SNP),skipped,skipped,skipped,skipped,,5
3507,Claire GALLAGHER (SNP),skipped,skipped,skipped,skipped,,5
3508,Claire GALLAGHER (SNP),skipped,skipped,skipped,skipped,,5
3509,Claire GALLAGHER (SNP),skipped,skipped,skipped,skipped,,5
3510,Claire GALLAGHER (SNP),skipped,skipped,skipped,skipped,,5
3511,Claire GALLAGHER (SNP),skipped,skipped,skipped,skipped,,5
3512,Claire GALLAGHER (SNP),skipped,skipped,skipped,skipped,,5
3513,Claire GALLAGHER (SNP),skipped,skipped,skipped,skipped,,5
3514,Claire GALLAGHER (SNP),skipped,skipped,skipped,skipped,,5
3515,Claire GALLAGHER (SNP),skipped,skipped,skipped,skipped,,5
3516,Claire GALLAGHER (SNP),skipped,skipped,skipped,skipped,,5
3517,Claire GALLAGHER (SNP),skipped,skipped,skipped,skipped,,5
3518,Claire GALLAGHER (SNP),skipped,skipped,skipped,skipped,,5
3519,Claire GALLAGHER (SNP),skipped,skipped,skipped,skipped,,5
3520,Claire GALLAGHER (SNP),skipped,skipped,skipped,skipped,,5
3521,Claire GALLAGHER (SNP),skipped,skipped,skipped,skipped,,5
3522,Claire GALLAGHER (SNP),skipped,skipped,skipped,skipped,,5
3523,Claire GALLAGHER (SNP),skipped,skipped,skipped,skipped,,5
3524,Claire GALLAGHER (SNP),skipped,skipped,skipped,skipped,,5
3525,Claire GALLAGHER (SNP),skipped,skipped,skipped,skipped,,5
3526,Claire GALLAGHER (SNP),skipped,skipped,skipped,skipped,,5
3527,Claire GALLAGHER (SNP),skipped,skipped,skipped,skipped,,5
3528,Claire GALLAGHER (SNP),skipped,skipped,skipped,skipped,,5
3529,Claire GALLAGHER (SNP),skipped,skipped,skipped,skipped,,5
3530,Claire GALLAGHER (SNP),skipped,skipped,skipped,skipped,,5
3531,Claire GALLAGHER (SNP),skipped,skipped,skipped,skipped,,5
3532,Claire GALLAGHER (SNP),skipped,skipped,skipped,skipped,,5
3533,Claire GALLAGHER (SNP),skipped,skipped,skipped,skipped,,5
3534,Claire GALLAGHER (SNP),skipped,skipped,skipped,skipped,,5
3535,Claire GALLAGHER (SNP),skipped,skipped,skipped,skipped,,5
3536,Claire GALLAGHER (SNP),skipped,skipped,skipped,skipped,,5
3537,Claire GALLAGHER (SNP),skipped,skipped,skipped,skipped,,5
3538,Claire GALLAGHER (SNP),skipped,skipped,skipped,skipped,,5
3539,Claire GALLAGHER (SNP),skipped,skipped,skipped,skipped,,5
3540,Claire GALLAGHER (SNP),skipped,skipped,skipped,skipped,,5
3541,Claire GALLAGHER (SNP),skipped,skipped,skipped,skipped,,5
3542,Claire GALLAGHER (SNP),skipped,skipped,skipped,skipped,,5
3543,Claire GALLAGHER (SNP),skipped,skipped,skipped,skipped,,5
3544,Claire GALLAGHER (SNP),skipped,skipped,skipped,skipped,,5
3545,Claire GALLAGHER (SNP),skipped,skipped,skipped,skipped,,5
3546,Claire GALLAGHER (SNP),skipped,skipped,skipped,skipped,,5
3547,Claire GALLAGHER (SNP),skipped,skipped,skipped,skipped,,5
3548,Claire GALLAGHER (SNP),skipped,skipped,skipped,skipped,,5
3549,Claire GALLAGHER (SNP),skipped,skipped,skipped,skipped,,5
3550,Claire GALLAGHER (SNP),skipped,skipped,skipped,skipped,,5
3551,Claire GALLAGHER (SNP),skipped,skipped,skipped,skipped,,5
3552,Claire GALLAGHER (SNP),skipped,skipped,skipped,skipped,,5
3553,Claire GALLAGHER (SNP),skipped,skipped,skipped,skipped,,5
3554,Claire GALLAGHER (SNP),skipped,skipped,skipped,skipped,,5
3555,Claire GALLAGHER (SNP),skipped,skipped,skipped,skipped,,5
3556,Claire GALLAGHER (SNP),skipped,skipped,skipped,skipped,,5
3557,Claire GALLAGHER (SNP),skipped,skipped,skipped,skipped,,5
3558,Claire GALLAGHER (SNP),skipped,skipped,skipped,skipped,,5
3559,Claire GALLAGHER (SNP),skipped,skipped,skipped,skipped,,5
3560,Claire GALLAGHER (SNP),skipped,skipped,skipped,skipped,,5
3561,Claire GALLAGHER (SNP),skipped,skipped,skipped,skipped,,5
3562,Claire GALLAGHER (SNP),skipped,skipped,skipped,skipped,,5
3563,Claire GALLAGHER (SNP),skipped,skipped,skipped,skipped,,5
3564,Claire GALLAGHER (SNP),skipped,skipped,skipped,skipped,,5
3565,Claire GALLAGHER (SNP),skipped,skipped,skipped,skipped,,5
3566,Claire GALLAGHER (SNP),skipped,skipped,skipped,skipped,,5
3567,Claire GALLAGHER (SNP),skipped,skipped,skipped,skipped,,5
3568,Claire GALLAGHER (SNP),skipped,skipped,skipped,skipped,,5
3569,Claire GALLAGHER (SNP),skipped,skipped,skipped,skipped,,5
3570,Claire GALLAGHER (SNP),skipped,skipped,skipped,skipped,,5
3571,Claire GALLAGHER (SNP),skipped,skipped,skipped,skipped,,5
3572,Claire GALLAGHER (SNP),skipped,skipped,skipped,skipped,,5
3573,Claire GALLAGHER (SNP),skipped,skipped,skipped,skipped,,5
3574,Claire GALLAGHER (SNP),skipped,skipped,skipped,skipped,,5
3575,Claire GALLAGHER (SNP),skipped,skipped,skipped,skipped,,5
3576,Claire GALLAGHER (SNP),skipped,skipped,skipped,skipped,,5
3577,Claire GALLAGHER (SNP),skipped,skipped,skipped,skipped,,5
3578,Claire GALLAGHER (SNP),skipped,skipped,skipped,skipped,,5
3579,Claire GALLAGHER (SNP),skipped,skipped,skipped,skipped,,5
3580,Claire GALLAGHER (SNP),skipped,skipped,skipped,skipped,,5
3581,Claire GALLAGHER (SNP),skipped,skipped,skipped,skipped,,5
3582,Claire GALLAGHER (SNP),skipped,skipped,skipped,skipped,,5
3583,Claire GALLAGHER (SNP),skipped,skipped,skipped,skipped,,5
3584,Claire GALLAGHER (SNP),skipped,skipped,skipped,skipped,,5
3585,Claire GALLAGHER (SNP),skipped,skipped,skipped,skipped,,5
3586,Claire GALLAGHER (SNP),skipped,skipped,skipped,skipped,,5
3587,Claire GALLAGHER (SNP),skipped,skipped,skipped,skipped,,5
3588,Claire GALLAGHER (SNP),skipped,skipped,skipped,skipped,,5
3589,Claire GALLAGHER (SNP),skipped,skipped,skipped,skipped,,5
3590,Claire GALLAGHER (SNP),skipped,skipped,skipped,skipped,,5
3591,Claire GALLAGHER (SNP),skipped,skipped,skipped,skipped,,5
3592,Claire GALLAGHER (SNP),skipped,skipped,skipped,skipped,,5
3593,Claire GALLAGHER (SNP),skipped,skipped,skipped,skipped,,5
3594,Claire GALLAGHER (SNP),skipped,skipped,skipped,skipped,,5
3595,Claire GALLAGHER (SNP),skipped,skipped,skipped,skipped,,5
3596,Claire GALLAGHER (SNP),skipped,skipped,skipped,skipped,,5
3597,Claire GALLAGHER (SNP),skipped,skipped,skipped,skipped,,5
3598,Claire GALLAGHER (SNP),skipped,skipped,skipped,skipped,,5
3599,Claire GALLAGHER (SNP),skipped,skipped,skipped,skipped,,5
3600,Claire GALLAGHER (SNP),skipped,skipped,skipped,skipped,,5
3601,Claire GALLAGHER (SNP),skipped,skipped,skipped,skipped,,5
3602,Claire GALLAGHER (SNP),skipped,skipped,skipped,skipped,,5
3603,Claire GALLAGHER (SNP),skipped,skipped,skipped,skipped,,5
3604,Claire GALLAGHER (SNP),skipped,skipped,skipped,skipped,,5
3605,Claire GALLAGHER (SNP),skipped,skipped,skipped,skipped,,5
3606,Claire GALLAGHER (SNP),skipped,skipped,skipped,skipped,,5
3607,Claire GALLAGHER (SNP),skipped,skipped,skipped,skipped,,5
3608,Claire GALLAGHER (SNP),skipped,skipped,skipped,skipped,,5
3609,Claire GALLAGHER (SNP),skipped,skipped,skipped,skipped,,5
3610,Claire GALLAGHER (SNP),skipped,skipped,skipped,skipped,,5
3611,Claire GALLAGHER (SNP),skipped,skipped,skipped,skipped,,5
3612,Claire GALLAGHER (SNP),skipped,skipped,skipped,skipped,,5
3613,Claire GALLAGHER (SNP),skipped,skipped,skipped,skipped,,5
3614,Claire GALLAGHER (SNP),skipped,skipped,skipped,skipped,,5
3615,Claire GALLAGHER (SNP),skipped,skipped,skipped,skipped,,5
3616,Claire GALLAGHER (SNP),skipped,skipped,skipped,skipped,,5
3617,Claire GALLAGHER (SNP),skipped,skipped,skipped,skipped,,5
3618,Claire GALLAGHER (SNP),skipped,skipped,skipped,skipped,,5
3619,Claire GALLAGHER (SNP),skipped,skipped,skipped,skipped,,5
3620,Claire GALLAGHER (SNP),skipped,skipped,skipped,skipped,,5
3621,Claire GALLAGHER (SNP),skipped,skipped,skipped,skipped,,5
3622,Claire GALLAGHER (SNP),skipped,skipped,skipped,skipped,,5
3623,Claire GALLAGHER (SNP),skipped,skipped,skipped,skipped,,5
3624,Claire GALLAGHER (SNP),skipped,skipped,skipped,skipped,,5
3625,Claire GALLAGHER (SNP),skipped,skipped,skipped,skipped,,5
3626,Claire GALLAGHER (SNP),skipped,skipped,skipped,skipped,,5
3627,Claire GALLAGHER (SNP),skipped,skipped,skipped,skipped,,5
3628,Claire GALLAGHER (SNP),skipped,skipped,skipped,skipped,,5
3629,Claire GALLAGHER (SNP),skipped,skipped,skipped,skipped,,5
3630,Claire GALLAGHER (SNP),skipped,skipped,skipped,skipped,,5
3631,Claire GALLAGHER (SNP),skipped,skipped,skipped,skipped,,5
3632,Claire GALLAGHER (SNP),skipped,skipped,skipped,skipped,,5
3633,Claire GALLAGHER (SNP),skipped,skipped,skipped,skipped,,5
3634,Claire GALLAGHER (SNP),skipped,skipped,skipped,skipped,,5
3635,Claire GALLAGHER (SNP),skipped,skipped,skipped,skipped,,5
3636,Claire GALLAGHER (SNP),skipped,skipped,skipped,skipped,,5
3637,Claire GALLAGHER (SNP),skipped,skipped,skipped,skipped,,5
3638,Claire GALLAGHER (SNP),skipped,skipped,skipped,skipped,,5
3639,Claire GALLAGHER (SNP),skipped,skipped,skipped,skipped,,5
3640,Claire GALLAGHER (SNP),skipped,skipped,skipped,skipped,,5
3641,Claire GALLAGHER (SNP),skipped,skipped,skipped,skipped,,5
3642,Claire GALLAGHER (SNP),skipped,skipped,skipped,skipped,,5
3643,Claire GALLAGHER (SNP),skipped,skipped,skipped,skipped,,5
3644,Claire GALLAGHER (SNP),skipped,skipped,skipped,skipped,,5
3645,Claire GALLAGHER (SNP),skipped,skipped,skipped,skipped,,5
3646,Claire GALLAGHER (SNP),skipped,skipped,skipped,skipped,,5
3647,Claire GALLAGHER (SNP),skipped,skipped,skipped,skipped,,5
3648,Claire GALLAGHER (SNP),skipped,skipped,skipped,skipped,,5
3649,Claire GALLAGHER (SNP),skipped,skipped,skipped,skipped,,5
3650,Claire GALLAGHER (SNP),skipped,skipped,skipped,skipped,,5
3651,Claire GALLAGHER (SNP),skipped,skipped,skipped,skipped,,5
3652,Claire GALLAGHER (SNP),skipped,skipped,skipped,skipped,,5
3653,Claire GALLAGHER (SNP),skipped,skipped,skipped,skipped,,5
3654,Claire GALLAGHER (SNP),skipped,skipped,skipped,skipped,,5
3655,Claire GALLAGHER (SNP),skipped,skipped,skipped,skipped,,5
3656,Claire GALLAGHER (SNP),skipped,skipped,skipped,skipped,,5
3657,Claire GALLAGHER (SNP),skipped,skipped,skipped,skipped,,5
3658,Claire GALLAGHER (SNP),skipped,skipped,skipped,skipped,,5
3659,Claire GALLAGHER (SNP),skipped,skipped,skipped,skipped,,5
3660,Claire GALLAGHER (SNP),skipped,skipped,skipped,skipped,,5
3661,Claire GALLAGHER (SNP),skipped,skipped,skipped,skipped,,5
3662,Claire GALLAGHER (SNP),skipped,skipped,skipped,skipped,,5
3663,Claire GALLAGHER (SNP),skipped,skipped,skipped,skipped,,5
3664,Claire GALLAGHER (SNP),skipped,skipped,skipped,skipped,,5
3665,Claire GALLAGHER (SNP),skipped,skipped,skipped,skipped,,5
3666,Claire GALLAGHER (SNP),skipped,skipped,skipped,skipped,,5
3667,Claire GALLAGHER (SNP),skipped,skipped,skipped,skipped,,5
3668,Claire GALLAGHER (SNP),skipped,skipped,skipped,skipped,,5
3669,Claire GALLAGHER (SNP),skipped,skipped,skipped,skipped,,5
3670,Claire GALLAGHER (SNP),skipped,skipped,skipped,skipped,,5
3671,Claire GALLAGHER (SNP),skipped,skipped,skipped,skipped,,5
3672,Claire GALLAGHER (SNP),skipped,skipped,skipped,skipped,,5
3673,Claire GALLAGHER (SNP),skipped,skipped,skipped,skipped,,5
3674,Claire GALLAGHER (SNP),skipped,skipped,skipped,skipped,,5
3675,Claire GALLAGHER (SNP),skipped,skipped,skipped,skipped,,5
3676,Claire GALLAGHER (SNP),skipped,skipped,skipped,skipped,,5
3677,Claire GALLAGHER (SNP),skipped,skipped,skipped,skipped,,5
3678,Claire GALLAGHER (SNP),skipped,skipped,skipped,skipped,,5
3679,Claire GALLAGHER (SNP),skipped,skipped,skipped,skipped,,5
3680,Claire GALLAGHER (SNP),skipped,skipped,skipped,skipped,,5
3681,Claire GALLAGHER (SNP),skipped,skipped,skipped,skipped,,5
3682,Claire GALLAGHER (SNP),skipped,skipped,skipped,skipped,,5
3683,Claire GALLAGHER (SNP),skipped,skipped,skipped,skipped,,5
3684,Claire GALLAGHER (SNP),skipped,skipped,skipped,skipped,,5
3685,Claire GALLAGHER (SNP),skipped,skipped,skipped,skipped,,5
3686,Claire GALLAGHER (SNP),skipped,skipped,skipped,skipped,,5
3687,Claire GALLAGHER (SNP),skipped,skipped,skipped,skipped,,5
3688,Claire GALLAGHER (SNP),skipped,skipped,skipped,skipped,,5
3689,Claire GALLAGHER (SNP),skipped,skipped,skipped,skipped,,5
3690,Claire GALLAGHER (SNP),skipped,skipped,skipped,skipped,,5
3691,Claire GALLAGHER (SNP),skipped,skipped,skipped,skipped,,5
3692,Claire GALLAGHER (SNP),skipped,skipped,skipped,skipped,,5
3693,Claire GALLAGHER (SNP),skipped,skipped,skipped,skipped,,5
3694,Claire GALLAGHER (SNP),skipped,skipped,skipped,skipped,,5
3695,Claire GALLAGHER (SNP),skipped,skipped,skipped,skipped,,5
3696,Claire GALLAGHER (SNP),skipped,skipped,skipped,skipped,,5
3697,Claire GALLAGHER (SNP),skipped,skipped,skipped,skipped,,5
3698,Claire GALLAGHER (SNP),skipped,skipped,skipped,skipped,,5
3699,Claire GALLAGHER (SNP),skipped,skipped,skipped,skipped,,5
3700,Claire GALLAGHER (SNP),skipped,skipped,skipped,skipped,,5
3701,Claire GALLAGHER (SNP),skipped,skipped,skipped,skipped,,5
3702,Claire GALLAGHER (SNP),skipped,skipped,skipped,skipped,,5
3703,Claire GALLAGHER (SNP),skipped,skipped,skipped,skipped,,5
3704,Claire GALLAGHER (SNP),skipped,skipped,skipped,skipped,,5
3705,Claire GALLAGHER (SNP),skipped,skipped,skipped,skipped,,5
3706,Claire GALLAGHER (SNP),skipped,skipped,skipped,skipped,,5
3707,Claire GALLAGHER (SNP),skipped,skipped,skipped,skipped,,5
3708,Claire GALLAGHER (SNP),skipped,skipped,skipped,skipped,,5
3709,Claire GALLAGHER (SNP),skipped,skipped,skipped,skipped,,5
3710,Claire GALLAGHER (SNP),skipped,skipped,skipped,skipped,,5
3711,Claire GALLAGHER (SNP),skipped,skipped,skipped,skipped,,5
3712,Claire GALLAGHER (SNP),skipped,skipped,skipped,skipped,,5
3713,Claire GALLAGHER (SNP),skipped,skipped,skipped,skipped,,5
3714,Claire GALLAGHER (SNP),skipped,skipped,skipped,skipped,,5
3715,Claire GALLAGHER (SNP),skipped,skipped,skipped,skipped,,5
3716,Claire GALLAGHER (SNP),skipped,skipped,skipped,skipped,,5
3717,Claire GALLAGHER (SNP),skipped,skipped,skipped,skipped,,5
3718,Claire GALLAGHER (SNP),skipped,skipped,skipped,skipped,,5
3719,Claire GALLAGHER (SNP),skipped,skipped,skipped,skipped,,5
3720,Claire GALLAGHER (SNP),skipped,skipped,skipped,skipped,,5
3721,Claire GALLAGHER (SNP),skipped,skipped,skipped,skipped,,5
3722,Claire GALLAGHER (SNP),skipped,skipped,skipped,skipped,,5
3723,Claire GALLAGHER (SNP),skipped,skipped,skipped,skipped,,5
3724,Claire GALLAGHER (SNP),skipped,skipped,skipped,skipped,,5
3725,Claire GALLAGHER (SNP),skipped,skipped,skipped,skipped,,5
3726,Claire GALLAGHER (SNP),skipped,skipped,skipped,skipped,,5
3727,Claire GALLAGHER (SNP),skipped,skipped,skipped,skipped,,5
3728,Claire GALLAGHER (SNP),skipped,skipped,skipped,skipped,,5
3729,Claire GALLAGHER (SNP),skipped,skipped,skipped,skipped,,5
3730,Claire GALLAGHER (SNP),skipped,skipped,skipped,skipped,,5
3731,Claire GALLAGHER (SNP),skipped,skipped,skipped,skipped,,5
3732,Claire GALLAGHER (SNP),skipped,skipped,skipped,skipped,,5
3733,Claire GALLAGHER (SNP),skipped,skipped,skipped,skipped,,5
3734,Claire GALLAGHER (SNP),skipped,skipped,skipped,skipped,,5
3735,Claire GALLAGHER (SNP),skipped,skipped,skipped,skipped,,5
3736,Claire GALLAGHER (SNP),skipped,skipped,skipped,skipped,,5
3737,Claire GALLAGHER (SNP),skipped,skipped,skipped,skipped,,5
3738,Claire GALLAGHER (SNP),skipped,skipped,skipped,skipped,,5
3739,Claire GALLAGHER (SNP),skipped,skipped,skipped,skipped,,5
3740,Claire GALLAGHER (SNP),skipped,skipped,skipped,skipped,,5
3741,Claire GALLAGHER (SNP),skipped,skipped,skipped,skipped,,5
3742,Claire GALLAGHER (SNP),skipped,skipped,skipped,skipped,,5
3743,Claire GALLAGHER (SNP),skipped,skipped,skipped,skipped,,5
3744,Claire GALLAGHER (SNP),skipped,skipped,skipped,skipped,,5
3745,Claire GALLAGHER (SNP),skipped,skipped,skipped,skipped,,5
3746,Claire GALLAGHER (SNP),skipped,skipped,skipped,skipped,,5
3747,Claire GALLAGHER (SNP),skipped,skipped,skipped,skipped,,5
3748,Claire GALLAGHER (SNP),skipped,skipped,skipped,skipped,,5
3749,Claire GALLAGHER (SNP),skipped,skipped,skipped,skipped,,5
3750,Claire GALLAGHER (SNP),skipped,skipped,skipped,skipped,,5
3751,Claire GALLAGHER (SNP),skipped,skipped,skipped,skipped,,5
3752,Claire GALLAGHER (SNP),skipped,skipped,skipped,skipped,,5
3753,Claire GALLAGHER (SNP),skipped,skipped,skipped,skipped,,5
3754,Claire GALLAGHER (SNP),skipped,skipped,skipped,skipped,,5
3755,Claire GALLAGHER (SNP),skipped,skipped,skipped,skipped,,5
3756,Claire GALLAGHER (SNP),skipped,skipped,skipped,skipped,,5
3757,Claire GALLAGHER (SNP),skipped,skipped,skipped,skipped,,5
3758,Claire GALLAGHER (SNP),skipped,skipped,skipped,skipped,,5
3759,Claire GALLAGHER (SNP),skipped,skipped,skipped,skipped,,5
3760,Claire GALLAGHER (SNP),skipped,skipped,skipped,skipped,,5
3761,Claire GALLAGHER (SNP),skipped,skipped,skipped,skipped,,5
3762,Claire GALLAGHER (SNP),skipped,skipped,skipped,skipped,,5
3763,Claire GALLAGHER (SNP),skipped,skipped,skipped,skipped,,5
3764,Claire GALLAGHER (SNP),skipped,skipped,skipped,skipped,,5
3765,Claire GALLAGHER (SNP),skipped,skipped,skipped,skipped,,5
3766,Claire GALLAGHER (SNP),skipped,skipped,skipped,skipped,,5
3767,Claire GALLAGHER (SNP),skipped,skipped,skipped,skipped,,5
3768,Claire GALLAGHER (SNP),skipped,skipped,skipped,skipped,,5
3769,Claire GALLAGHER (SNP),skipped,skipped,skipped,skipped,,5
3770,Claire GALLAGHER (SNP),skipped,skipped,skipped,skipped,,5
3771,Claire GALLAGHER (SNP),skipped,skipped,skipped,skipped,,5
3772,Claire GALLAGHER (SNP),skipped,skipped,skipped,skipped,,5
3773,Claire GALLAGHER (SNP),skipped,skipped,skipped,skipped,,5
3774,Claire GALLAGHER (SNP),skipped,skipped,skipped,skipped,,5
3775,Claire GALLAGHER (SNP),skipped,skipped,skipped,skipped,,5
3776,Claire GALLAGHER (SNP),skipped,skipped,skipped,skipped,,5
3777,Claire GALLAGHER (SNP),skipped,skipped,skipped,skipped,,5
3778,Claire GALLAGHER (SNP),skipped,skipped,skipped,skipped,,5
3779,Claire GALLAGHER (SNP),skipped,skipped,skipped,skipped,,5
3780,Claire GALLAGHER (SNP),skipped,skipped,skipped,skipped,,5
3781,Claire GALLAGHER (SNP),skipped,skipped,skipped,skipped,,5
3782,Claire GALLAGHER (SNP),skipped,skipped,skipped,skipped,,5
3783,Claire GALLAGHER (SNP),skipped,skipped,skipped,skipped,,5
3784,Claire GALLAGHER (SNP),skipped,skipped,skipped,skipped,,5
3785,Claire GALLAGHER (SNP),Lawrence O'NEILL (Lab),skipped,skipped,skipped,,5
3786,Claire GALLAGHER (SNP),Lawrence O'NEILL (Lab),skipped,skipped,skipped,,5
3787,Claire GALLAGHER (SNP),Lawrence O'NEILL (Lab),skipped,skipped,skipped,,5
3788,Claire GALLAGHER (SNP),Lawrence O'NEILL (Lab),skipped,skipped,skipped,,5
3789,Claire GALLAGHER (SNP),Lawrence O'NEILL (Lab),skipped,skipped,skipped,,5
3790,Claire GALLAGHER (SNP),Lawrence O'NEILL (Lab),skipped,skipped,skipped,,5
3791,Claire GALLAGHER (SNP),Lawrence O'NEILL (Lab),skipped,skipped,skipped,,5
3792,Claire GALLAGHER (SNP),Lawrence O'NEILL (Lab),skipped,skipped,skipped,,5
3793,Claire GALLAGHER (SNP),Lawrence O'NEILL (Lab),skipped,skipped,skipped,,5
3794,Claire GALLAGHER (SNP),Lawrence O'NEILL (Lab),skipped,skipped,skipped,,5
3795,Claire GALLAGHER (SNP),Lawrence O'NEILL (Lab),skipped,skipped,skipped,,5
3796,Claire GALLAGHER (SNP),Lawrence O'NEILL (Lab),skipped,skipped,skipped,,5
3797,Claire GALLAGHER (SNP),Lawrence O'NEILL (Lab),skipped,skipped,skipped,,5
3798,Claire GALLAGHER (SNP),Lawrence O'NEILL (Lab),skipped,skipped,skipped,,5
3799,Claire GALLAGHER (SNP),Lawrence O'NEILL (Lab),skipped,skipped,skipped,,5
3800,Claire GALLAGHER (SNP),Lawrence O'NEILL (Lab),skipped,skipped,skipped,,5
3801,Claire GALLAGHER (SNP),Lawrence O'NEILL (Lab),skipped,skipped,skipped,,5
3802,Claire GALLAGHER (SNP),Lawrence O'NEILL (Lab),skipped,skipped,skipped,,5
3803,Claire GALLAGHER (SNP),Lawrence O'NEILL (Lab),skipped,skipped,skipped,,5
3804,Claire GALLAGHER (SNP),Lawrence O'NEILL (Lab),skipped,skipped,skipped,,5
3805,Claire GALLAGHER (SNP),Lawrence O'NEILL (Lab),skipped,skipped,skipped,,5
3806,Claire GALLAGHER (SNP),Lawrence O'NEILL (Lab),skipped,skipped,skipped,,5
3807,Claire GALLAGHER (SNP),Lawrence O'NEILL (Lab),skipped,skipped,skipped,,5
3808,Claire GALLAGHER (SNP),Lawrence O'NEILL (Lab),skipped,skipped,skipped,,5
3809,Claire GALLAGHER (SNP),Lawrence O'NEILL (Lab),skipped,skipped,skipped,,5
3810,Claire GALLAGHER (SNP),Lawrence O'NEILL (Lab),skipped,skipped,skipped,,5
3811,Claire GALLAGHER (SNP),Lawrence O'NEILL (Lab),skipped,skipped,skipped,,5
3812,Claire GALLAGHER (SNP),Lawrence O'NEILL (Lab),skipped,skipped,skipped,,5
3813,Claire GALLAGHER (SNP),Lawrence O'NEILL (Lab),skipped,skipped,skipped,,5
3814,Claire GALLAGHER (SNP),Lawrence O'NEILL (Lab),skipped,skipped,skipped,,5
3815,Claire GALLAGHER (SNP),Lawrence O'NEILL (Lab),skipped,skipped,skipped,,5
3816,Claire GALLAGHER (SNP),Lawrence O'NEILL (Lab),skipped,skipped,skipped,,5
3817,Claire GALLAGHER (SNP),Lawrence O'NEILL (Lab),skipped,skipped,skipped,,5
3818,Claire GALLAGHER (SNP),Hermione SPENCER (Con),Douglas James MCALLISTER (Lab),skipped,skipped,,5
3819,Claire GALLAGHER (SNP),Hermione SPENCER (Con),Douglas James MCALLISTER (Lab),skipped,skipped,,5
3820,Claire GALLAGHER (SNP),Douglas James MCALLISTER (Lab),skipped,skipped,skipped,,5
3821,Claire GALLAGHER (SNP),Douglas James MCALLISTER (Lab),skipped,skipped,skipped,,5
3822,Claire GALLAGHER (SNP),Douglas James MCALLISTER (Lab),skipped,skipped,skipped,,5
3823,Claire GALLAGHER (SNP),Douglas James MCALLISTER (Lab),skipped,skipped,skipped,,5
3824,Claire GALLAGHER (SNP),Douglas James MCALLISTER (Lab),skipped,skipped,skipped,,5
3825,Claire GALLAGHER (SNP),Douglas James MCALLISTER (Lab),skipped,skipped,skipped,,5
3826,Claire GALLAGHER (SNP),Douglas James MCALLISTER (Lab),skipped,skipped,skipped,,5
3827,Claire GALLAGHER (SNP),Douglas James MCALLISTER (Lab),skipped,skipped,skipped,,5
3828,Claire GALLAGHER (SNP),Douglas James MCALLISTER (Lab),skipped,skipped,skipped,,5
3829,Claire GALLAGHER (SNP),Douglas James MCALLISTER (Lab),skipped,skipped,skipped,,5
3830,Claire GALLAGHER (SNP),Douglas James MCALLISTER (Lab),skipped,skipped,skipped,,5
3831,Claire GALLAGHER (SNP),Douglas James MCALLISTER (Lab),skipped,skipped,skipped,,5
3832,Claire GALLAGHER (SNP),Douglas James MCALLISTER (Lab),skipped,skipped,skipped,,5
3833,Claire GALLAGHER (SNP),Douglas James MCALLISTER (Lab),Hermione SPENCER (Con),skipped,skipped,,5
3834,Claire GALLAGHER (SNP),Douglas James MCALLISTER (Lab),Hermione SPENCER (Con),skipped,skipped,,5
3835,Claire GALLAGHER (SNP),Douglas James MCALLISTER (Lab),Hermione SPENCER (Con),skipped,skipped,,5
3836,Claire GALLAGHER (SNP),Douglas James MCALLISTER (Lab),Hermione SPENCER (Con),skipped,skipped,,5
3837,Claire GALLAGHER (SNP),Douglas James MCALLISTER (Lab),Hermione SPENCER (Con),skipped,skipped,,5
3838,Claire GALLAGHER (SNP),Douglas James MCALLISTER (Lab),Hermione SPENCER (Con),skipped,skipped,,5
3839,Claire GALLAGHER (SNP),Douglas James MCALLISTER (Lab),Hermione SPENCER (Con),skipped,skipped,,5
3840,Claire GALLAGHER (SNP),Douglas James MCALLISTER (Lab),Hermione SPENCER (Con),skipped,skipped,,5
3841,Claire GALLAGHER (SNP),Douglas James MCALLISTER (Lab),Hermione SPENCER (Con),skipped,skipped,,5
3842,Claire GALLAGHER (SNP),Douglas James MCALLISTER (Lab),Hermione SPENCER (Con),skipped,skipped,,5
3843,Claire GALLAGHER (SNP),Douglas James MCALLISTER (Lab),Hermione SPENCER (Con),skipped,skipped,,5
3844,Claire GALLAGHER (SNP),Douglas James MCALLISTER (Lab),Hermione SPENCER (Con),skipped,skipped,,5
3845,Claire GALLAGHER (SNP),Douglas James MCALLISTER (Lab),Hermione SPENCER (Con),skipped,skipped,,5
3846,Claire GALLAGHER (SNP),Douglas James MCALLISTER (Lab),Hermione SPENCER (Con),skipped,skipped,,5
3847,Claire GALLAGHER (SNP),Douglas James MCALLISTER (Lab),Hermione SPENCER (Con),skipped,skipped,,5
3848,Claire GALLAGHER (SNP),Douglas James MCALLISTER (Lab),Hermione SPENCER (Con),skipped,skipped,,5
3849,Claire GALLAGHER (SNP),Douglas James MCALLISTER (Lab),Hermione SPENCER (Con),skipped,skipped,,5
3850,Claire GALLAGHER (SNP),Douglas James MCALLISTER (Lab),Hermione SPENCER (Con),skipped,skipped,,5
3851,Claire GALLAGHER (SNP),Douglas James MCALLISTER (Lab),Hermione SPENCER (Con),skipped,skipped,,5
3852,Claire GALLAGHER (SNP),Douglas James MCALLISTER (Lab),Hermione SPENCER (Con),skipped,skipped,,5
3853,Claire GALLAGHER (SNP),Douglas James MCALLISTER (Lab),Hermione SPENCER (Con),skipped,skipped,,5
3854,Claire GALLAGHER (SNP),Douglas James MCALLISTER (Lab),Hermione SPENCER (Con),skipped,skipped,,5
3855,Claire GALLAGHER (SNP),Douglas James MCALLISTER (Lab),Hermione SPENCER (Con),skipped,skipped,,5
3856,Claire GALLAGHER (SNP),Douglas James MCALLISTER (Lab),Hermione SPENCER (Con),skipped,skipped,,5
3857,Claire GALLAGHER (SNP),Douglas James MCALLISTER (Lab),Hermione SPENCER (Con),skipped,skipped,,5
3858,Claire GALLAGHER (SNP),Douglas James MCALLISTER (Lab),Hermione SPENCER (Con),skipped,skipped,,5
3859,Claire GALLAGHER (SNP),Douglas James MCALLISTER (Lab),Hermione SPENCER (Con),skipped,skipped,,5
3860,Claire GALLAGHER (SNP),Douglas James MCALLISTER (Lab),Hermione SPENCER (Con),skipped,skipped,,5
3861,Claire GALLAGHER (SNP),Douglas James MCALLISTER (Lab),Hermione SPENCER (Con),skipped,skipped,,5
3862,Claire GALLAGHER (SNP),Douglas James MCALLISTER (Lab),Hermione SPENCER (Con),skipped,skipped,,5
3863,Claire GALLAGHER (SNP),Douglas James MCALLISTER (Lab),Hermione SPENCER (Con),skipped,skipped,,5
3864,Claire GALLAGHER (SNP),Douglas James MCALLISTER (Lab),Hermione SPENCER (Con),skipped,skipped,,5
3865,Claire GALLAGHER (SNP),Douglas James MCALLISTER (Lab),Hermione SPENCER (Con),skipped,skipped,,5
3866,Claire GALLAGHER (SNP),Douglas James MCALLISTER (Lab),Hermione SPENCER (Con),skipped,skipped,,5
3867,Claire GALLAGHER (SNP),Douglas James MCALLISTER (Lab),Hermione SPENCER (Con),skipped,skipped,,5
3868,Claire GALLAGHER (SNP),Douglas James MCALLISTER (Lab),Hermione SPENCER (Con),skipped,skipped,,5
3869,Claire GALLAGHER (SNP),Hermione SPENCER (Con),skipped,skipped,skipped,,5
3870,Claire GALLAGHER (SNP),Hermione SPENCER (Con),skipped,skipped,skipped,,5
3871,Claire GALLAGHER (SNP),Hermione SPENCER (Con),skipped,skipped,skipped,,5
3872,Claire GALLAGHER (SNP),Hermione SPENCER (Con),skipped,skipped,skipped,,5
3873,Claire GALLAGHER (SNP),Hermione SPENCER (Con),skipped,skipped,skipped,,5
3874,Claire GALLAGHER (SNP),Hermione SPENCER (Con),skipped,skipped,skipped,,5
3875,Claire GALLAGHER (SNP),Hermione SPENCER (Con),skipped,skipped,skipped,,5
3876,Claire GALLAGHER (SNP),Hermione SPENCER (Con),skipped,skipped,skipped,,5
3877,Claire GALLAGHER (SNP),Hermione SPENCER (Con),skipped,skipped,skipped,,5
3878,Claire GALLAGHER (SNP),Hermione SPENCER (Con),skipped,skipped,skipped,,5
3879,Claire GALLAGHER (SNP),Hermione SPENCER (Con),skipped,skipped,skipped,,5
3880,Claire GALLAGHER (SNP),Hermione SPENCER (Con),skipped,skipped,skipped,,5
3881,Claire GALLAGHER (SNP),Hermione SPENCER (Con),skipped,skipped,skipped,,5
3882,Claire GALLAGHER (SNP),Hermione SPENCER (Con),skipped,skipped,skipped,,5
3883,Claire GALLAGHER (SNP),Hermione SPENCER (Con),skipped,skipped,skipped,,5
3884,Claire GALLAGHER (SNP),Hermione SPENCER (Con),Douglas James MCALLISTER (Lab),skipped,skipped,,5
3885,Claire GALLAGHER (SNP),Hermione SPENCER (Con),Douglas James MCALLISTER (Lab),skipped,skipped,,5
3886,Claire GALLAGHER (SNP),Hermione SPENCER (Con),Douglas James MCALLISTER (Lab),skipped,skipped,,5
3887,Claire GALLAGHER (SNP),Hermione SPENCER (Con),Douglas James MCALLISTER (Lab),skipped,skipped,,5
3888,Claire GALLAGHER (SNP),Hermione SPENCER (Con),Douglas James MCALLISTER (Lab),skipped,skipped,,5
3889,Claire GALLAGHER (SNP),Hermione SPENCER (Con),Douglas James MCALLISTER (Lab),skipped,skipped,,5
3890,Claire GALLAGHER (SNP),Hermione SPENCER (Con),Douglas James MCALLISTER (Lab),skipped,skipped,,5
3891,Claire GALLAGHER (SNP),Hermione SPENCER (Con),Douglas James MCALLISTER (Lab),skipped,skipped,,5
3892,Claire GALLAGHER (SNP),Hermione SPENCER (Con),Douglas James MCALLISTER (Lab),skipped,skipped,,5
3893,Claire GALLAGHER (SNP),Hermione SPENCER (Con),Douglas James MCALLISTER (Lab),skipped,skipped,,5
3894,Claire GALLAGHER (SNP),Hermione SPENCER (Con),Douglas James MCALLISTER (Lab),skipped,skipped,,5
3895,Claire GALLAGHER (SNP),Hermione SPENCER (Con),Douglas James MCALLISTER (Lab),skipped,skipped,,5
3896,Claire GALLAGHER (SNP),Hermione SPENCER (Con),Douglas James MCALLISTER (Lab),skipped,skipped,,5
3897,Claire GALLAGHER (SNP),Douglas James MCALLISTER (Lab),skipped,skipped,skipped,,5
3898,Claire GALLAGHER (SNP),Douglas James MCALLISTER (Lab),skipped,skipped,skipped,,5
3899,Claire GALLAGHER (SNP),Douglas James MCALLISTER (Lab),skipped,skipped,skipped,,5
3900,Claire GALLAGHER (SNP),Douglas James MCALLISTER (Lab),skipped,skipped,skipped,,5
3901,Claire GALLAGHER (SNP),Douglas James MCALLISTER (Lab),skipped,skipped,skipped,,5
3902,Claire GALLAGHER (SNP),Douglas James MCALLISTER (Lab),skipped,skipped,skipped,,5
3903,Claire GALLAGHER (SNP),Douglas James MCALLISTER (Lab),skipped,skipped,skipped,,5
3904,Claire GALLAGHER (SNP),Douglas James MCALLISTER (Lab),skipped,skipped,skipped,,5
3905,Claire GALLAGHER (SNP),Douglas James MCALLISTER (Lab),skipped,skipped,skipped,,5
3906,Claire GALLAGHER (SNP),Douglas James MCALLISTER (Lab),skipped,skipped,skipped,,5
3907,Claire GALLAGHER (SNP),Douglas James MCALLISTER (Lab),skipped,skipped,skipped,,5
3908,Claire GALLAGHER (SNP),Douglas James MCALLISTER (Lab),skipped,skipped,skipped,,5
3909,Claire GALLAGHER (SNP),Douglas James MCALLISTER (Lab),skipped,skipped,skipped,,5
3910,Claire GALLAGHER (SNP),Douglas James MCALLISTER (Lab),skipped,skipped,skipped,,5
3911,Claire GALLAGHER (SNP),Douglas James MCALLISTER (Lab),skipped,skipped,skipped,,5
3912,Claire GALLAGHER (SNP),Douglas James MCALLISTER (Lab),skipped,skipped,skipped,,5
3913,Claire GALLAGHER (SNP),Douglas James MCALLISTER (Lab),skipped,skipped,skipped,,5
3914,Claire GALLAGHER (SNP),Douglas James MCALLISTER (Lab),skipped,skipped,skipped,,5
3915,Claire GALLAGHER (SNP),Douglas James MCALLISTER (Lab),skipped,skipped,skipped,,5
3916,Claire GALLAGHER (SNP),Douglas James MCALLISTER (Lab),skipped,skipped,skipped,,5
3917,Claire GALLAGHER (SNP),Douglas James MCALLISTER (Lab),skipped,skipped,skipped,,5
3918,Claire GALLAGHER (SNP),Douglas James MCALLISTER (Lab),skipped,skipped,skipped,,5
3919,Claire GALLAGHER (SNP),Douglas James MCALLISTER (Lab),skipped,skipped,skipped,,5
3920,Claire GALLAGHER (SNP),Douglas James MCALLISTER (Lab),skipped,skipped,skipped,,5
3921,Claire GALLAGHER (SNP),Douglas James MCALLISTER (Lab),skipped,skipped,skipped,,5
3922,Claire GALLAGHER (SNP),Douglas James MCALLISTER (Lab),skipped,skipped,skipped,,5
3923,Claire GALLAGHER (SNP),Douglas James MCALLISTER (Lab),skipped,skipped,skipped,,5
3924,Claire GALLAGHER (SNP),Douglas James MCALLISTER (Lab),skipped,skipped,skipped,,5
3925,Claire GALLAGHER (SNP),Douglas James MCALLISTER (Lab),skipped,skipped,skipped,,5
3926,Claire GALLAGHER (SNP),Douglas James MCALLISTER (Lab),skipped,skipped,skipped,,5
3927,Claire GALLAGHER (SNP),Douglas James MCALLISTER (Lab),skipped,skipped,skipped,,5
3928,Claire GALLAGHER (SNP),Douglas James MCALLISTER (Lab),skipped,skipped,skipped,,5
3929,Claire GALLAGHER (SNP),Douglas James MCALLISTER (Lab),skipped,skipped,skipped,,5
3930,Claire GALLAGHER (SNP),Douglas James MCALLISTER (Lab),skipped,skipped,skipped,,5
3931,Claire GALLAGHER (SNP),Douglas James MCALLISTER (Lab),skipped,skipped,skipped,,5
3932,Claire GALLAGHER (SNP),Douglas James MCALLISTER (Lab),skipped,skipped,skipped,,5
3933,Claire GALLAGHER (SNP),Douglas James MCALLISTER (Lab),skipped,skipped,skipped,,5
3934,Claire GALLAGHER (SNP),Douglas James MCALLISTER (Lab),skipped,skipped,skipped,,5
3935,Claire GALLAGHER (SNP),Douglas James MCALLISTER (Lab),skipped,skipped,skipped,,5
3936,Claire GALLAGHER (SNP),Douglas James MCALLISTER (Lab),skipped,skipped,skipped,,5
3937,Claire GALLAGHER (SNP),Douglas James MCALLISTER (Lab),skipped,skipped,skipped,,5
3938,Claire GALLAGHER (SNP),Douglas James MCALLISTER (Lab),skipped,skipped,skipped,,5
3939,Claire GALLAGHER (SNP),Douglas James MCALLISTER (Lab),skipped,skipped,skipped,,5
3940,Claire GALLAGHER (SNP),Douglas James MCALLISTER (Lab),skipped,skipped,skipped,,5
3941,Claire GALLAGHER (SNP),Douglas James MCALLISTER (Lab),skipped,skipped,skipped,,5
3942,Claire GALLAGHER (SNP),Douglas James MCALLISTER (Lab),skipped,skipped,skipped,,5
3943,Claire GALLAGHER (SNP),Douglas James MCALLISTER (Lab),skipped,skipped,skipped,,5
3944,Claire GALLAGHER (SNP),Douglas James MCALLISTER (Lab),skipped,skipped,skipped,,5
3945,Claire GALLAGHER (SNP),Douglas James MCALLISTER (Lab),skipped,skipped,skipped,,5
3946,Claire GALLAGHER (SNP),Douglas James MCALLISTER (Lab),skipped,skipped,skipped,,5
3947,Claire GALLAGHER (SNP),Douglas James MCALLISTER (Lab),skipped,skipped,skipped,,5
3948,Claire GALLAGHER (SNP),Douglas James MCALLISTER (Lab),skipped,skipped,skipped,,5
3949,Claire GALLAGHER (SNP),Douglas James MCALLISTER (Lab),skipped,skipped,skipped,,5
3950,Claire GALLAGHER (SNP),Douglas James MCALLISTER (Lab),skipped,skipped,skipped,,5
3951,Claire GALLAGHER (SNP),Douglas James MCALLISTER (Lab),skipped,skipped,skipped,,5
3952,Claire GALLAGHER (SNP),Douglas James MCALLISTER (Lab),skipped,skipped,skipped,,5
3953,Claire GALLAGHER (SNP),Douglas James MCALLISTER (Lab),skipped,skipped,skipped,,5
3954,Claire GALLAGHER (SNP),Douglas James MCALLISTER (Lab),skipped,skipped,skipped,,5
3955,Claire GALLAGHER (SNP),Douglas James MCALLISTER (Lab),skipped,skipped,skipped,,5
3956,Claire GALLAGHER (SNP),Douglas James MCALLISTER (Lab),skipped,skipped,skipped,,5
3957,Claire GALLAGHER (SNP),Douglas James MCALLISTER (Lab),skipped,skipped,skipped,,5
3958,Claire GALLAGHER (SNP),Douglas James MCALLISTER (Lab),skipped,skipped,skipped,,5
3959,Claire GALLAGHER (SNP),Douglas James MCALLISTER (Lab),skipped,skipped,skipped,,5
3960,Claire GALLAGHER (SNP),Douglas James MCALLISTER (Lab),skipped,skipped,skipped,,5
3961,Claire GALLAGHER (SNP),Douglas James MCALLISTER (Lab),skipped,skipped,skipped,,5
3962,Claire GALLAGHER (SNP),Douglas James MCALLISTER (Lab),skipped,skipped,skipped,,5
3963,Claire GALLAGHER (SNP),Douglas James MCALLISTER (Lab),skipped,skipped,skipped,,5
3964,Claire GALLAGHER (SNP),Douglas James MCALLISTER (Lab),skipped,skipped,skipped,,5
3965,Claire GALLAGHER (SNP),Douglas James MCALLISTER (Lab),skipped,skipped,skipped,,5
3966,Claire GALLAGHER (SNP),Douglas James MCALLISTER (Lab),skipped,skipped,skipped,,5
3967,Claire GALLAGHER (SNP),Douglas James MCALLISTER (Lab),skipped,skipped,skipped,,5
3968,Claire GALLAGHER (SNP),Douglas James MCALLISTER (Lab),skipped,skipped,skipped,,5
3969,Claire GALLAGHER (SNP),Douglas James MCALLISTER (Lab),skipped,skipped,skipped,,5
3970,Claire GALLAGHER (SNP),Douglas James MCALLISTER (Lab),skipped,skipped,skipped,,5
3971,Claire GALLAGHER (SNP),Douglas James MCALLISTER (Lab),skipped,skipped,skipped,,5
3972,Claire GALLAGHER (SNP),Douglas James MCALLISTER (Lab),skipped,skipped,skipped,,5
3973,Claire GALLAGHER (SNP),Douglas James MCALLISTER (Lab),skipped,skipped,skipped,,5
3974,Claire GALLAGHER (SNP),Douglas James MCALLISTER (Lab),skipped,skipped,skipped,,5
3975,Claire GALLAGHER (SNP),Douglas James MCALLISTER (Lab),skipped,skipped,skipped,,5
3976,Claire GALLAGHER (SNP),Douglas James MCALLISTER (Lab),skipped,skipped,skipped,,5
3977,Claire GALLAGHER (SNP),Douglas James MCALLISTER (Lab),skipped,skipped,skipped,,5
3978,Claire GALLAGHER (SNP),Douglas James MCALLISTER (Lab),skipped,skipped,skipped,,5
3979,Claire GALLAGHER (SNP),Douglas James MCALLISTER (Lab),skipped,skipped,skipped,,5
3980,Claire GALLAGHER (SNP),Douglas James MCALLISTER (Lab),skipped,skipped,skipped,,5
3981,Claire GALLAGHER (SNP),Douglas James MCALLISTER (Lab),skipped,skipped,skipped,,5
3982,Claire GALLAGHER (SNP),Douglas James MCALLISTER (Lab),skipped,skipped,skipped,,5
3983,Claire GALLAGHER (SNP),Douglas James MCALLISTER (Lab),skipped,skipped,skipped,,5
3984,Claire GALLAGHER (SNP),Douglas James MCALLISTER (Lab),skipped,skipped,skipped,,5
3985,Claire GALLAGHER (SNP),Douglas James MCALLISTER (Lab),skipped,skipped,skipped,,5
3986,Claire GALLAGHER (SNP),Douglas James MCALLISTER (Lab),skipped,skipped,skipped,,5
3987,Claire GALLAGHER (SNP),Douglas James MCALLISTER (Lab),skipped,skipped,skipped,,5
3988,Claire GALLAGHER (SNP),Douglas James MCALLISTER (Lab),skipped,skipped,skipped,,5
3989,Claire GALLAGHER (SNP),Douglas James MCALLISTER (Lab),skipped,skipped,skipped,,5
3990,Claire GALLAGHER (SNP),Douglas James MCALLISTER (Lab),skipped,skipped,skipped,,5
3991,Claire GALLAGHER (SNP),Douglas James MCALLISTER (Lab),skipped,skipped,skipped,,5
3992,Claire GALLAGHER (SNP),Douglas James MCALLISTER (Lab),skipped,skipped,skipped,,5
3993,Claire GALLAGHER (SNP),Douglas James MCALLISTER (Lab),skipped,skipped,skipped,,5
3994,Claire GALLAGHER (SNP),Douglas James MCALLISTER (Lab),skipped,skipped,skipped,,5
3995,Claire GALLAGHER (SNP),Douglas James MCALLISTER (Lab),skipped,skipped,skipped,,5
3996,Claire GALLAGHER (SNP),Douglas James MCALLISTER (Lab),skipped,skipped,skipped,,5
3997,Claire GALLAGHER (SNP),Douglas James MCALLISTER (Lab),skipped,skipped,skipped,,5
3998,Claire GALLAGHER (SNP),Douglas James MCALLISTER (Lab),skipped,skipped,skipped,,5
3999,Claire GALLAGHER (SNP),Douglas James MCALLISTER (Lab),skipped,skipped,skipped,,5
4000,Claire GALLAGHER (SNP),Douglas James MCALLISTER (Lab),skipped,skipped,skipped,,5
4001,Claire GALLAGHER (SNP),Douglas James MCALLISTER (Lab),skipped,skipped,skipped,,5
4002,Claire GALLAGHER (SNP),Douglas James MCALLISTER (Lab),skipped,skipped,skipped,,5
4003,Claire GALLAGHER (SNP),Douglas James MCALLISTER (Lab),Hermione SPENCER (Con),skipped,skipped,,5
4004,Claire GALLAGHER (SNP),Douglas James MCALLISTER (Lab),Hermione SPENCER (Con),skipped,skipped,,5
4005,Claire GALLAGHER (SNP),Douglas James MCALLISTER (Lab),Hermione SPENCER (Con),skipped,skipped,,5
4006,Claire GALLAGHER (SNP),Douglas James MCALLISTER (Lab),Hermione SPENCER (Con),skipped,skipped,,5
4007,Claire GALLAGHER (SNP),Douglas James MCALLISTER (Lab),Hermione SPENCER (Con),skipped,skipped,,5
4008,Claire GALLAGHER (SNP),Douglas James MCALLISTER (Lab),Hermione SPENCER (Con),skipped,skipped,,5
4009,Claire GALLAGHER (SNP),Douglas James MCALLISTER (Lab),Hermione SPENCER (Con),skipped,skipped,,5
4010,Claire GALLAGHER (SNP),Douglas James MCALLISTER (Lab),Hermione SPENCER (Con),skipped,skipped,,5
4011,Claire GALLAGHER (SNP),Douglas James MCALLISTER (Lab),Hermione SPENCER (Con),skipped,skipped,,5
4012,Claire GALLAGHER (SNP),Douglas James MCALLISTER (Lab),Hermione SPENCER (Con),skipped,skipped,,5
4013,Claire GALLAGHER (SNP),Douglas James MCALLISTER (Lab),Hermione SPENCER (Con),skipped,skipped,,5
4014,Claire GALLAGHER (SNP),Douglas James MCALLISTER (Lab),Hermione SPENCER (Con),skipped,skipped,,5
4015,Claire GALLAGHER (SNP),Douglas James MCALLISTER (Lab),Hermione SPENCER (Con),skipped,skipped,,5
4016,Claire GALLAGHER (SNP),Douglas James MCALLISTER (Lab),Hermione SPENCER (Con),skipped,skipped,,5
4017,Claire GALLAGHER (SNP),Douglas James MCALLISTER (Lab),Hermione SPENCER (Con),skipped,skipped,,5
4018,Claire GALLAGHER (SNP),Douglas James MCALLISTER (Lab),Hermione SPENCER (Con),skipped,skipped,,5
4019,Claire GALLAGHER (SNP),Douglas James MCALLISTER (Lab),Hermione SPENCER (Con),skipped,skipped,,5
4020,Claire GALLAGHER (SNP),Douglas James MCALLISTER (Lab),Hermione SPENCER (Con),skipped,skipped,,5
4021,Claire GALLAGHER (SNP),Douglas James MCALLISTER (Lab),Hermione SPENCER (Con),skipped,skipped,,5
4022,Claire GALLAGHER (SNP),Douglas James MCALLISTER (Lab),Hermione SPENCER (Con),skipped,skipped,,5
4023,Claire GALLAGHER (SNP),Douglas James MCALLISTER (Lab),Hermione SPENCER (Con),skipped,skipped,,5
4024,Claire GALLAGHER (SNP),Douglas James MCALLISTER (Lab),Hermione SPENCER (Con),skipped,skipped,,5
4025,Claire GALLAGHER (SNP),Douglas James MCALLISTER (Lab),Hermione SPENCER (Con),skipped,skipped,,5
4026,Claire GALLAGHER (SNP),Douglas James MCALLISTER (Lab),Hermione SPENCER (Con),skipped,skipped,,5
4027,Claire GALLAGHER (SNP),Douglas James MCALLISTER (Lab),Hermione SPENCER (Con),skipped,skipped,,5
4028,Claire GALLAGHER (SNP),Douglas James MCALLISTER (Lab),Hermione SPENCER (Con),skipped,skipped,,5
4029,Claire GALLAGHER (SNP),Douglas James MCALLISTER (Lab),Hermione SPENCER (Con),skipped,skipped,,5
4030,Claire GALLAGHER (SNP),Douglas James MCALLISTER (Lab),Hermione SPENCER (Con),skipped,skipped,,5
4031,Claire GALLAGHER (SNP),Douglas James MCALLISTER (Lab),Hermione SPENCER (Con),skipped,skipped,,5
4032,Claire GALLAGHER (SNP),Douglas James MCALLISTER (Lab),Hermione SPENCER (Con),skipped,skipped,,5
4033,Claire GALLAGHER (SNP),Douglas James MCALLISTER (Lab),Hermione SPENCER (Con),skipped,skipped,,5
4034,Claire GALLAGHER (SNP),Douglas James MCALLISTER (Lab),Hermione SPENCER (Con),skipped,skipped,,5
4035,Claire GALLAGHER (SNP),Douglas James MCALLISTER (Lab),Hermione SPENCER (Con),skipped,skipped,,5
4036,Claire GALLAGHER (SNP),Douglas James MCALLISTER (Lab),Hermione SPENCER (Con),skipped,skipped,,5
4037,Claire GALLAGHER (SNP),Douglas James MCALLISTER (Lab),Hermione SPENCER (Con),skipped,skipped,,5
4038,Claire GALLAGHER (SNP),Douglas James MCALLISTER (Lab),Hermione SPENCER (Con),skipped,skipped,,5
4039,Claire GALLAGHER (SNP),Douglas James MCALLISTER (Lab),Hermione SPENCER (Con),skipped,skipped,,5
4040,Claire GALLAGHER (SNP),Douglas James MCALLISTER (Lab),Hermione SPENCER (Con),skipped,skipped,,5
4041,Claire GALLAGHER (SNP),Douglas James MCALLISTER (Lab),Hermione SPENCER (Con),skipped,skipped,,5
4042,Claire GALLAGHER (SNP),Douglas James MCALLISTER (Lab),Hermione SPENCER (Con),skipped,skipped,,5
4043,Claire GALLAGHER (SNP),Douglas James MCALLISTER (Lab),Hermione SPENCER (Con),skipped,skipped,,5
4044,Claire GALLAGHER (SNP),Douglas James MCALLISTER (Lab),Hermione SPENCER (Con),skipped,skipped,,5
4045,Claire GALLAGHER (SNP),Douglas James MCALLISTER (Lab),Hermione SPENCER (Con),skipped,skipped,,5
4046,Claire GALLAGHER (SNP),Douglas James MCALLISTER (Lab),Hermione SPENCER (Con),skipped,skipped,,5
4047,Claire GALLAGHER (SNP),Douglas James MCALLISTER (Lab),Hermione SPENCER (Con),skipped,skipped,,5
4048,Claire GALLAGHER (SNP),Douglas James MCALLISTER (Lab),Hermione SPENCER (Con),skipped,skipped,,5
4049,Claire GALLAGHER (SNP),Douglas James MCALLISTER (Lab),Hermione SPENCER (Con),skipped,skipped,,5
4050,Claire GALLAGHER (SNP),Douglas James MCALLISTER (Lab),Hermione SPENCER (Con),skipped,skipped,,5
4051,Claire GALLAGHER (SNP),Douglas James MCALLISTER (Lab),Hermione SPENCER (Con),skipped,skipped,,5
4052,Claire GALLAGHER (SNP),Douglas James MCALLISTER (Lab),Hermione SPENCER (Con),skipped,skipped,,5
4053,Claire GALLAGHER (SNP),Douglas James MCALLISTER (Lab),Hermione SPENCER (Con),skipped,skipped,,5
4054,Claire GALLAGHER (SNP),Douglas James MCALLISTER (Lab),Hermione SPENCER (Con),skipped,skipped,,5
4055,Claire GALLAGHER (SNP),Douglas James MCALLISTER (Lab),Hermione SPENCER (Con),skipped,skipped,,5
4056,Claire GALLAGHER (SNP),Douglas James MCALLISTER (Lab),Hermione SPENCER (Con),skipped,skipped,,5
4057,Claire GALLAGHER (SNP),Douglas James MCALLISTER (Lab),Hermione SPENCER (Con),skipped,skipped,,5
4058,Claire GALLAGHER (SNP),Douglas James MCALLISTER (Lab),Hermione SPENCER (Con),skipped,skipped,,5
4059,Claire GALLAGHER (SNP),Douglas James MCALLISTER (Lab),Hermione SPENCER (Con),skipped,skipped,,5
4060,Claire GALLAGHER (SNP),Douglas James MCALLISTER (Lab),Hermione SPENCER (Con),skipped,skipped,,5
4061,Claire GALLAGHER (SNP),Douglas James MCALLISTER (Lab),Hermione SPENCER (Con),skipped,skipped,,5
4062,Claire GALLAGHER (SNP),Douglas James MCALLISTER (Lab),Hermione SPENCER (Con),skipped,skipped,,5
4063,Claire GALLAGHER (SNP),Douglas James MCALLISTER (Lab),Hermione SPENCER (Con),skipped,skipped,,5
4064,Claire GALLAGHER (SNP),Douglas James MCALLISTER (Lab),Hermione SPENCER (Con),skipped,skipped,,5
4065,Claire GALLAGHER (SNP),Douglas James MCALLISTER (Lab),Hermione SPENCER (Con),skipped,skipped,,5
4066,Claire GALLAGHER (SNP),Douglas James MCALLISTER (Lab),Hermione SPENCER (Con),skipped,skipped,,5
4067,Claire GALLAGHER (SNP),Douglas James MCALLISTER (Lab),Hermione SPENCER (Con),skipped,skipped,,5
4068,Claire GALLAGHER (SNP),Douglas James MCALLISTER (Lab),Hermione SPENCER (Con),skipped,skipped,,5
4069,Claire GALLAGHER (SNP),Douglas James MCALLISTER (Lab),Hermione SPENCER (Con),skipped,skipped,,5
4070,Claire GALLAGHER (SNP),Douglas James MCALLISTER (Lab),Hermione SPENCER (Con),skipped,skipped,,5
4071,Claire GALLAGHER (SNP),Douglas James MCALLISTER (Lab),Hermione SPENCER (Con),skipped,skipped,,5
4072,Claire GALLAGHER (SNP),Douglas James MCALLISTER (Lab),Hermione SPENCER (Con),skipped,skipped,,5
4073,Claire GALLAGHER (SNP),Douglas James MCALLISTER (Lab),Hermione SPENCER (Con),skipped,skipped,,5
4074,Claire GALLAGHER (SNP),Douglas James MCALLISTER (Lab),Hermione SPENCER (Con),skipped,skipped,,5
4075,Claire GALLAGHER (SNP),Douglas James MCALLISTER (Lab),Hermione SPENCER (Con),skipped,skipped,,5
4076,Claire GALLAGHER (SNP),Douglas James MCALLISTER (Lab),Hermione SPENCER (Con),skipped,skipped,,5
4077,Claire GALLAGHER (SNP),Douglas James MCALLISTER (Lab),Hermione SPENCER (Con),skipped,skipped,,5
4078,Claire GALLAGHER (SNP),Douglas James MCALLISTER (Lab),Hermione SPENCER (Con),skipped,skipped,,5
4079,Claire GALLAGHER (SNP),Douglas James MCALLISTER (Lab),Hermione SPENCER (Con),skipped,skipped,,5
4080,Claire GALLAGHER (SNP),Douglas James MCALLISTER (Lab),Hermione SPENCER (Con),skipped,skipped,,5
4081,Claire GALLAGHER (SNP),Douglas James MCALLISTER (Lab),Hermione SPENCER (Con),skipped,skipped,,5
4082,Claire GALLAGHER (SNP),Douglas James MCALLISTER (Lab),Hermione SPENCER (Con),skipped,skipped,,5
4083,Claire GALLAGHER (SNP),Douglas James MCALLISTER (Lab),Hermione SPENCER (Con),skipped,skipped,,5
4084,Claire GALLAGHER (SNP),Douglas James MCALLISTER (Lab),Hermione SPENCER (Con),skipped,skipped,,5
4085,Claire GALLAGHER (SNP),Douglas James MCALLISTER (Lab),Hermione SPENCER (Con),skipped,skipped,,5
4086,Claire GALLAGHER (SNP),Douglas James MCALLISTER (Lab),Hermione SPENCER (Con),skipped,skipped,,5
4087,Claire GALLAGHER (SNP),Douglas James MCALLISTER (Lab),Hermione SPENCER (Con),skipped,skipped,,5
4088,Claire GALLAGHER (SNP),Douglas James MCALLISTER (Lab),Hermione SPENCER (Con),skipped,skipped,,5
4089,Claire GALLAGHER (SNP),Douglas James MCALLISTER (Lab),Hermione SPENCER (Con),skipped,skipped,,5
4090,Claire GALLAGHER (SNP),Douglas James MCALLISTER (Lab),Hermione SPENCER (Con),skipped,skipped,,5
4091,Claire GALLAGHER (SNP),Douglas James MCALLISTER (Lab),Hermione SPENCER (Con),skipped,skipped,,5
4092,Claire GALLAGHER (SNP),Douglas James MCALLISTER (Lab),Hermione SPENCER (Con),skipped,skipped,,5
4093,Claire GALLAGHER (SNP),Douglas James MCALLISTER (Lab),Hermione SPENCER (Con),skipped,skipped,,5
4094,Claire GALLAGHER (SNP),Douglas James MCALLISTER (Lab),Hermione SPENCER (Con),skipped,skipped,,5
4095,Claire GALLAGHER (SNP),Douglas James MCALLISTER (Lab),Hermione SPENCER (Con),skipped,skipped,,5
4096,Claire GALLAGHER (SNP),Douglas James MCALLISTER (Lab),Hermione SPENCER (Con),skipped,skipped,,5
4097,Claire GALLAGHER (SNP),Douglas James MCALLISTER (Lab),Hermione SPENCER (Con),skipped,skipped,,5
4098,Claire GALLAGHER (SNP),Douglas James MCALLISTER (Lab),Hermione SPENCER (Con),skipped,skipped,,5
4099,Claire GALLAGHER (SNP),Douglas James MCALLISTER (Lab),Hermione SPENCER (Con),skipped,skipped,,5
4100,Claire GALLAGHER (SNP),Douglas James MCALLISTER (Lab),Hermione SPENCER (Con),skipped,skipped,,5
4101,Claire GALLAGHER (SNP),Douglas James MCALLISTER (Lab),Hermione SPENCER (Con),skipped,skipped,,5
4102,Claire GALLAGHER (SNP),Douglas James MCALLISTER (Lab),Hermione SPENCER (Con),skipped,skipped,,5
4103,Claire GALLAGHER (SNP),Douglas James MCALLISTER (Lab),Hermione SPENCER (Con),skipped,skipped,,5
4104,Claire GALLAGHER (SNP),Douglas James MCALLISTER (Lab),Hermione SPENCER (Con),skipped,skipped,,5
4105,Claire GALLAGHER (SNP),Douglas James MCALLISTER (Lab),Hermione SPENCER (Con),skipped,skipped,,5
4106,Claire GALLAGHER (SNP),Douglas James MCALLISTER (Lab),Hermione SPENCER (Con),skipped,skipped,,5
4107,Claire GALLAGHER (SNP),Douglas James MCALLISTER (Lab),skipped,skipped,skipped,,5
4108,Claire GALLAGHER (SNP),Douglas James MCALLISTER (Lab),skipped,skipped,skipped,,5
4109,Claire GALLAGHER (SNP),Douglas James MCALLISTER (Lab),skipped,skipped,skipped,,5
4110,Claire GALLAGHER (SNP),Douglas James MCALLISTER (Lab),skipped,skipped,skipped,,5
4111,Claire GALLAGHER (SNP),Douglas James MCALLISTER (Lab),skipped,skipped,skipped,,5
4112,Claire GALLAGHER (SNP),Douglas James MCALLISTER (Lab),skipped,skipped,skipped,,5
4113,Claire GALLAGHER (SNP),Douglas James MCALLISTER (Lab),skipped,skipped,skipped,,5
4114,Claire GALLAGHER (SNP),Douglas James MCALLISTER (Lab),skipped,skipped,skipped,,5
4115,Claire GALLAGHER (SNP),Douglas James MCALLISTER (Lab),skipped,skipped,skipped,,5
4116,Claire GALLAGHER (SNP),Douglas James MCALLISTER (Lab),skipped,skipped,skipped,,5
4117,Claire GALLAGHER (SNP),Douglas James MCALLISTER (Lab),skipped,skipped,skipped,,5
4118,Claire GALLAGHER (SNP),Douglas James MCALLISTER (Lab),skipped,skipped,skipped,,5
4119,Claire GALLAGHER (SNP),Douglas James MCALLISTER (Lab),skipped,skipped,skipped,,5
4120,Claire GALLAGHER (SNP),Douglas James MCALLISTER (Lab),skipped,skipped,skipped,,5
4121,Claire GALLAGHER (SNP),Douglas James MCALLISTER (Lab),skipped,skipped,skipped,,5
4122,Claire GALLAGHER (SNP),Douglas James MCALLISTER (Lab),skipped,skipped,skipped,,5
4123,Claire GALLAGHER (SNP),Douglas James MCALLISTER (Lab),skipped,skipped,skipped,,5
4124,Claire GALLAGHER (SNP),Douglas James MCALLISTER (Lab),skipped,skipped,skipped,,5
4125,Claire GALLAGHER (SNP),Douglas James MCALLISTER (Lab),skipped,skipped,skipped,,5
4126,Claire GALLAGHER (SNP),Douglas James MCALLISTER (Lab),skipped,skipped,skipped,,5
4127,Claire GALLAGHER (SNP),Douglas James MCALLISTER (Lab),skipped,skipped,skipped,,5
4128,Claire GALLAGHER (SNP),Douglas James MCALLISTER (Lab),skipped,skipped,skipped,,5
4129,Claire GALLAGHER (SNP),Douglas James MCALLISTER (Lab),skipped,skipped,skipped,,5
4130,Claire GALLAGHER (SNP),Douglas James MCALLISTER (Lab),skipped,skipped,skipped,,5
4131,Claire GALLAGHER (SNP),Douglas James MCALLISTER (Lab),skipped,skipped,skipped,,5
4132,Claire GALLAGHER (SNP),Douglas James MCALLISTER (Lab),skipped,skipped,skipped,,5
4133,Claire GALLAGHER (SNP),Douglas James MCALLISTER (Lab),skipped,skipped,skipped,,5
4134,Claire GALLAGHER (SNP),Douglas James MCALLISTER (Lab),skipped,skipped,skipped,,5
4135,Claire GALLAGHER (SNP),Douglas James MCALLISTER (Lab),skipped,skipped,skipped,,5
4136,Claire GALLAGHER (SNP),Douglas James MCALLISTER (Lab),skipped,skipped,skipped,,5
4137,Claire GALLAGHER (SNP),Douglas James MCALLISTER (Lab),skipped,skipped,skipped,,5
4138,Claire GALLAGHER (SNP),Douglas James MCALLISTER (Lab),skipped,skipped,skipped,,5
4139,Claire GALLAGHER (SNP),Douglas James MCALLISTER (Lab),skipped,skipped,skipped,,5
4140,Claire GALLAGHER (SNP),Douglas James MCALLISTER (Lab),skipped,skipped,skipped,,5
4141,Claire GALLAGHER (SNP),Douglas James MCALLISTER (Lab),Hermione SPENCER (Con),skipped,skipped,,5
4142,Claire GALLAGHER (SNP),Douglas James MCALLISTER (Lab),skipped,skipped,skipped,,5
4143,Claire GALLAGHER (SNP),Douglas James MCALLISTER (Lab),skipped,skipped,skipped,,5
4144,Claire GALLAGHER (SNP),Douglas James MCALLISTER (Lab),Hermione SPENCER (Con),skipped,skipped,,5
4145,Claire GALLAGHER (SNP),Douglas James MCALLISTER (Lab),Hermione SPENCER (Con),skipped,skipped,,5
4146,Claire GALLAGHER (SNP),Douglas James MCALLISTER (Lab),Hermione SPENCER (Con),skipped,skipped,,5
4147,Claire GALLAGHER (SNP),Douglas James MCALLISTER (Lab),Hermione SPENCER (Con),skipped,skipped,,5
4148,Claire GALLAGHER (SNP),Douglas James MCALLISTER (Lab),Hermione SPENCER (Con),skipped,skipped,,5
4149,Claire GALLAGHER (SNP),Douglas James MCALLISTER (Lab),Hermione SPENCER (Con),skipped,skipped,,5
4150,Claire GALLAGHER (SNP),Douglas James MCALLISTER (Lab),Hermione SPENCER (Con),skipped,skipped,,5
4151,Claire GALLAGHER (SNP),Douglas James MCALLISTER (Lab),Hermione SPENCER (Con),skipped,skipped,,5
4152,Claire GALLAGHER (SNP),Douglas James MCALLISTER (Lab),Hermione SPENCER (Con),skipped,skipped,,5
4153,Claire GALLAGHER (SNP),Douglas James MCALLISTER (Lab),Hermione SPENCER (Con),skipped,skipped,,5
4154,Claire GALLAGHER (SNP),Douglas James MCALLISTER (Lab),skipped,skipped,skipped,,5
4155,Claire GALLAGHER (SNP),Douglas James MCALLISTER (Lab),skipped,skipped,skipped,,5
4156,Claire GALLAGHER (SNP),Douglas James MCALLISTER (Lab),skipped,skipped,skipped,,5
4157,Claire GALLAGHER (SNP),Douglas James MCALLISTER (Lab),skipped,skipped,skipped,,5
4158,Claire GALLAGHER (SNP),Douglas James MCALLISTER (Lab),skipped,skipped,skipped,,5
4159,Claire GALLAGHER (SNP),Douglas James MCALLISTER (Lab),skipped,skipped,skipped,,5
4160,Claire GALLAGHER (SNP),Douglas James MCALLISTER (Lab),skipped,skipped,skipped,,5
4161,Claire GALLAGHER (SNP),Douglas James MCALLISTER (Lab),skipped,skipped,skipped,,5
4162,Claire GALLAGHER (SNP),Douglas James MCALLISTER (Lab),skipped,skipped,skipped,,5
4163,Claire GALLAGHER (SNP),Douglas James MCALLISTER (Lab),skipped,skipped,skipped,,5
4164,Claire GALLAGHER (SNP),Douglas James MCALLISTER (Lab),skipped,skipped,skipped,,5
4165,Claire GALLAGHER (SNP),Douglas James MCALLISTER (Lab),skipped,skipped,skipped,,5
4166,Claire GALLAGHER (SNP),Douglas James MCALLISTER (Lab),skipped,skipped,skipped,,5
4167,Claire GALLAGHER (SNP),Douglas James MCALLISTER (Lab),skipped,skipped,skipped,,5
4168,Claire GALLAGHER (SNP),Douglas James MCALLISTER (Lab),skipped,skipped,skipped,,5
4169,Claire GALLAGHER (SNP),Douglas James MCALLISTER (Lab),skipped,skipped,skipped,,5
4170,Claire GALLAGHER (SNP),Douglas James MCALLISTER (Lab),skipped,skipped,skipped,,5
4171,Claire GALLAGHER (SNP),Douglas James MCALLISTER (Lab),skipped,skipped,skipped,,5
4172,Claire GALLAGHER (SNP),Douglas James MCALLISTER (Lab),skipped,skipped,skipped,,5
4173,Claire GALLAGHER (SNP),Douglas James MCALLISTER (Lab),Hermione SPENCER (Con),skipped,skipped,,5
4174,Claire GALLAGHER (SNP),Douglas James MCALLISTER (Lab),Hermione SPENCER (Con),skipped,skipped,,5
4175,Claire GALLAGHER (SNP),Douglas James MCALLISTER (Lab),Hermione SPENCER (Con),skipped,skipped,,5
4176,Claire GALLAGHER (SNP),Douglas James MCALLISTER (Lab),Hermione SPENCER (Con),skipped,skipped,,5
4177,Claire GALLAGHER (SNP),Douglas James MCALLISTER (Lab),Hermione SPENCER (Con),skipped,skipped,,5
4178,Claire GALLAGHER (SNP),Douglas James MCALLISTER (Lab),Hermione SPENCER (Con),skipped,skipped,,5
4179,Claire GALLAGHER (SNP),Douglas James MCALLISTER (Lab),Hermione SPENCER (Con),skipped,skipped,,5
4180,Claire GALLAGHER (SNP),Douglas James MCALLISTER (Lab),Hermione SPENCER (Con),skipped,skipped,,5
4181,Claire GALLAGHER (SNP),Douglas James MCALLISTER (Lab),Hermione SPENCER (Con),skipped,skipped,,5
