voterId,rank1,rank2,rank3,rank4,rank5,rank6,numSeats,numCands
0,Ian Alexander BROWN (LD),skipped,skipped,skipped,skipped,skipped,3,6
1,Ian Alexander BROWN (LD),skipped,skipped,skipped,skipped,skipped,3,6
2,Ian Alexander BROWN (LD),skipped,skipped,skipped,skipped,skipped,3,6
3,Ian Alexander BROWN (LD),skipped,skipped,skipped,skipped,skipped,3,6
4,Ian Alexander BROWN (LD),skipped,skipped,skipped,skipped,skipped,3,6
5,Ian Alexander BROWN (LD),skipped,skipped,skipped,skipped,skipped,3,6
6,Ian Alexander BROWN (LD),skipped,skipped,skipped,skipped,skipped,3,6
7,Ian Alexander BROWN (LD),skipped,skipped,skipped,skipped,skipped,3,6
8,Ian Alexander BROWN (LD),skipped,skipped,skipped,skipped,skipped,3,6
9,Ian Alexander BROWN (LD),skipped,skipped,skipped,skipped,skipped,3,6
10,Ian Alexander BROWN (LD),skipped,skipped,skipped,skipped,skipped,3,6
11,Ian Alexander BROWN (LD),skipped,skipped,skipped,skipped,skipped,3,6
12,Ian Alexander BROWN (LD),skipped,skipped,skipped,skipped,skipped,3,6
13,Ian Alexander BROWN (LD),skipped,skipped,skipped,skipped,skipped,3,6
14,Ian Alexander BROWN (LD),skipped,skipped,skipped,skipped,skipped,3,6
15,Ian Alexander BROWN (LD),skipped,skipped,skipped,skipped,skipped,3,6
16,Ian Alexander BROWN (LD),skipped,skipped,skipped,skipped,skipped,3,6
17,Ian Alexander BROWN (LD),skipped,skipped,skipped,skipped,skipped,3,6
18,Ian Alexander BROWN (LD),skipped,skipped,skipped,skipped,skipped,3,6
19,Ian Alexander BROWN (LD),skipped,skipped,skipped,skipped,skipped,3,6
20,Ian Alexander BROWN (LD),skipped,skipped,skipped,skipped,skipped,3,6
21,Ian Alexander BROWN (LD),skipped,skipped,skipped,skipped,skipped,3,6
22,Ian Alexander BROWN (LD),skipped,skipped,skipped,skipped,skipped,3,6
23,Ian Alexander BROWN (LD),skipped,skipped,skipped,skipped,skipped,3,6
24,Ian Alexander BROWN (LD),skipped,skipped,skipped,skipped,skipped,3,6
25,Ian Alexander BROWN (LD),skipped,skipped,skipped,skipped,skipped,3,6
26,Ian Alexander BROWN (LD),skipped,skipped,skipped,skipped,skipped,3,6
27,Ian Alexander BROWN (LD),skipped,skipped,skipped,skipped,skipped,3,6
28,Ian Alexander BROWN (LD),skipped,skipped,skipped,skipped,skipped,3,6
29,Ian Alexander BROWN (LD),skipped,skipped,skipped,skipped,skipped,3,6
30,Ian Alexander BROWN (LD),skipped,skipped,skipped,skipped,skipped,3,6
31,Ian Alexander BROWN (LD),skipped,skipped,skipped,skipped,skipped,3,6
32,Ian Alexander BROWN (LD),skipped,skipped,skipped,skipped,skipped,3,6
33,Ian Alexander BROWN (LD),skipped,skipped,skipped,skipped,skipped,3,6
34,Ian Alexander BROWN (LD),skipped,skipped,skipped,skipped,skipped,3,6
35,Ian Alexander BROWN (LD),skipped,skipped,skipped,skipped,skipped,3,6
36,Ian Alexander BROWN (LD),skipped,skipped,skipped,skipped,skipped,3,6
37,Ian Alexander BROWN (LD),skipped,skipped,skipped,skipped,skipped,3,6
38,Ian Alexander BROWN (LD),skipped,skipped,skipped,skipped,skipped,3,6
39,Ian Alexander BROWN (LD),skipped,skipped,skipped,skipped,skipped,3,6
40,Ian Alexander BROWN (LD),skipped,skipped,skipped,skipped,skipped,3,6
41,Ian Alexander BROWN (LD),Johannes BUTSCHER (Grn),skipped,skipped,skipped,skipped,3,6
42,Ian Alexander BROWN (LD),Johannes BUTSCHER (Grn),skipped,skipped,skipped,skipped,3,6
43,Ian Alexander BROWN (LD),Johannes BUTSCHER (Grn),skipped,skipped,skipped,skipped,3,6
44,Ian Alexander BROWN (LD),Johannes BUTSCHER (Grn),skipped,skipped,skipped,skipped,3,6
45,Ian Alexander BROWN (LD),Johannes BUTSCHER (Grn),skipped,skipped,skipped,skipped,3,6
46,Ian Alexander BROWN (LD),Johannes BUTSCHER (Grn),skipped,skipped,skipped,skipped,3,6
47,Ian Alexander BROWN (LD),Johannes BUTSCHER (Grn),skipped,skipped,skipped,skipped,3,6
48,Ian Alexander BROWN (LD),Johannes BUTSCHER (Grn),skipped,skipped,skipped,skipped,3,6
49,Ian Alexander BROWN (LD),Johannes BUTSCHER (Grn),skipped,skipped,skipped,skipped,3,6
50,Ian Alexander BROWN (LD),Johannes BUTSCHER (Grn),skipped,skipped,skipped,skipped,3,6
51,Ian Alexander BROWN (LD),Johannes BUTSCHER (Grn),skipped,skipped,skipped,skipped,3,6
52,Ian Alexander BROWN (LD),Johannes BUTSCHER (Grn),skipped,skipped,skipped,skipped,3,6
53,Ian Alexander BROWN (LD),Johannes BUTSCHER (Grn),skipped,skipped,skipped,skipped,3,6
54,Ian Alexander BROWN (LD),Johannes BUTSCHER (Grn),skipped,skipped,skipped,skipped,3,6
55,Ian Alexander BROWN (LD),Johannes BUTSCHER (Grn),skipped,skipped,skipped,skipped,3,6
56,Ian Alexander BROWN (LD),Johannes BUTSCHER (Grn),Danny GIBSON (Lab),skipped,skipped,skipped,3,6
57,Ian Alexander BROWN (LD),Johannes BUTSCHER (Grn),Danny GIBSON (Lab),skipped,skipped,skipped,3,6
58,Ian Alexander BROWN (LD),Johannes BUTSCHER (Grn),Danny GIBSON (Lab),skipped,skipped,skipped,3,6
59,Ian Alexander BROWN (LD),Johannes BUTSCHER (Grn),Danny GIBSON (Lab),skipped,skipped,skipped,3,6
60,Ian Alexander BROWN (LD),Johannes BUTSCHER (Grn),Danny GIBSON (Lab),Benjamin KERR (Con),Corrie MCCHORD (Lab),skipped,3,6
61,Ian Alexander BROWN (LD),Johannes BUTSCHER (Grn),Danny GIBSON (Lab),Benjamin KERR (Con),Corrie MCCHORD (Lab),Steven PATERSON (SNP),3,6
62,Ian Alexander BROWN (LD),Johannes BUTSCHER (Grn),Danny GIBSON (Lab),Benjamin KERR (Con),Corrie MCCHORD (Lab),Steven PATERSON (SNP),3,6
63,Ian Alexander BROWN (LD),Johannes BUTSCHER (Grn),Danny GIBSON (Lab),Benjamin KERR (Con),Steven PATERSON (SNP),Corrie MCCHORD (Lab),3,6
64,Ian Alexander BROWN (LD),Johannes BUTSCHER (Grn),Danny GIBSON (Lab),Corrie MCCHORD (Lab),skipped,skipped,3,6
65,Ian Alexander BROWN (LD),Johannes BUTSCHER (Grn),Danny GIBSON (Lab),Corrie MCCHORD (Lab),skipped,skipped,3,6
66,Ian Alexander BROWN (LD),Johannes BUTSCHER (Grn),Danny GIBSON (Lab),Corrie MCCHORD (Lab),skipped,skipped,3,6
67,Ian Alexander BROWN (LD),Johannes BUTSCHER (Grn),Danny GIBSON (Lab),Corrie MCCHORD (Lab),skipped,skipped,3,6
68,Ian Alexander BROWN (LD),Johannes BUTSCHER (Grn),Danny GIBSON (Lab),Corrie MCCHORD (Lab),skipped,skipped,3,6
69,Ian Alexander BROWN (LD),Johannes BUTSCHER (Grn),Danny GIBSON (Lab),Corrie MCCHORD (Lab),Benjamin KERR (Con),Steven PATERSON (SNP),3,6
70,Ian Alexander BROWN (LD),Johannes BUTSCHER (Grn),Danny GIBSON (Lab),Corrie MCCHORD (Lab),Benjamin KERR (Con),Steven PATERSON (SNP),3,6
71,Ian Alexander BROWN (LD),Johannes BUTSCHER (Grn),Danny GIBSON (Lab),Corrie MCCHORD (Lab),Steven PATERSON (SNP),Benjamin KERR (Con),3,6
72,Ian Alexander BROWN (LD),Johannes BUTSCHER (Grn),Danny GIBSON (Lab),Corrie MCCHORD (Lab),Steven PATERSON (SNP),Benjamin KERR (Con),3,6
73,Ian Alexander BROWN (LD),Johannes BUTSCHER (Grn),Danny GIBSON (Lab),Corrie MCCHORD (Lab),Steven PATERSON (SNP),Benjamin KERR (Con),3,6
74,Ian Alexander BROWN (LD),Johannes BUTSCHER (Grn),Danny GIBSON (Lab),Corrie MCCHORD (Lab),Steven PATERSON (SNP),Benjamin KERR (Con),3,6
75,Ian Alexander BROWN (LD),Johannes BUTSCHER (Grn),Danny GIBSON (Lab),Steven PATERSON (SNP),skipped,skipped,3,6
76,Ian Alexander BROWN (LD),Johannes BUTSCHER (Grn),Danny GIBSON (Lab),Steven PATERSON (SNP),Corrie MCCHORD (Lab),skipped,3,6
77,Ian Alexander BROWN (LD),Johannes BUTSCHER (Grn),Danny GIBSON (Lab),Steven PATERSON (SNP),Corrie MCCHORD (Lab),skipped,3,6
78,Ian Alexander BROWN (LD),Johannes BUTSCHER (Grn),Benjamin KERR (Con),skipped,skipped,skipped,3,6
79,Ian Alexander BROWN (LD),Johannes BUTSCHER (Grn),Benjamin KERR (Con),skipped,skipped,skipped,3,6
80,Ian Alexander BROWN (LD),Johannes BUTSCHER (Grn),Benjamin KERR (Con),skipped,skipped,skipped,3,6
81,Ian Alexander BROWN (LD),Johannes BUTSCHER (Grn),Benjamin KERR (Con),skipped,skipped,skipped,3,6
82,Ian Alexander BROWN (LD),Johannes BUTSCHER (Grn),Benjamin KERR (Con),skipped,skipped,skipped,3,6
83,Ian Alexander BROWN (LD),Johannes BUTSCHER (Grn),Benjamin KERR (Con),skipped,skipped,skipped,3,6
84,Ian Alexander BROWN (LD),Johannes BUTSCHER (Grn),Benjamin KERR (Con),skipped,skipped,skipped,3,6
85,Ian Alexander BROWN (LD),Johannes BUTSCHER (Grn),Benjamin KERR (Con),Steven PATERSON (SNP),Danny GIBSON (Lab),Corrie MCCHORD (Lab),3,6
86,Ian Alexander BROWN (LD),Johannes BUTSCHER (Grn),Benjamin KERR (Con),Steven PATERSON (SNP),Corrie MCCHORD (Lab),Danny GIBSON (Lab),3,6
87,Ian Alexander BROWN (LD),Johannes BUTSCHER (Grn),Corrie MCCHORD (Lab),skipped,skipped,skipped,3,6
88,Ian Alexander BROWN (LD),Johannes BUTSCHER (Grn),Corrie MCCHORD (Lab),skipped,skipped,skipped,3,6
89,Ian Alexander BROWN (LD),Johannes BUTSCHER (Grn),Corrie MCCHORD (Lab),skipped,skipped,skipped,3,6
90,Ian Alexander BROWN (LD),Johannes BUTSCHER (Grn),Corrie MCCHORD (Lab),skipped,skipped,skipped,3,6
91,Ian Alexander BROWN (LD),Johannes BUTSCHER (Grn),Corrie MCCHORD (Lab),Danny GIBSON (Lab),skipped,skipped,3,6
92,Ian Alexander BROWN (LD),Johannes BUTSCHER (Grn),Corrie MCCHORD (Lab),Danny GIBSON (Lab),skipped,skipped,3,6
93,Ian Alexander BROWN (LD),Johannes BUTSCHER (Grn),Corrie MCCHORD (Lab),Danny GIBSON (Lab),skipped,skipped,3,6
94,Ian Alexander BROWN (LD),Johannes BUTSCHER (Grn),Corrie MCCHORD (Lab),Danny GIBSON (Lab),skipped,skipped,3,6
95,Ian Alexander BROWN (LD),Johannes BUTSCHER (Grn),Corrie MCCHORD (Lab),Danny GIBSON (Lab),skipped,skipped,3,6
96,Ian Alexander BROWN (LD),Johannes BUTSCHER (Grn),Corrie MCCHORD (Lab),Steven PATERSON (SNP),skipped,skipped,3,6
97,Ian Alexander BROWN (LD),Johannes BUTSCHER (Grn),Steven PATERSON (SNP),skipped,skipped,skipped,3,6
98,Ian Alexander BROWN (LD),Johannes BUTSCHER (Grn),Steven PATERSON (SNP),skipped,skipped,skipped,3,6
99,Ian Alexander BROWN (LD),Johannes BUTSCHER (Grn),Steven PATERSON (SNP),skipped,skipped,skipped,3,6
100,Ian Alexander BROWN (LD),Johannes BUTSCHER (Grn),Steven PATERSON (SNP),skipped,skipped,skipped,3,6
101,Ian Alexander BROWN (LD),Johannes BUTSCHER (Grn),Steven PATERSON (SNP),skipped,skipped,skipped,3,6
102,Ian Alexander BROWN (LD),Johannes BUTSCHER (Grn),Steven PATERSON (SNP),skipped,skipped,skipped,3,6
103,Ian Alexander BROWN (LD),Johannes BUTSCHER (Grn),Steven PATERSON (SNP),skipped,skipped,skipped,3,6
104,Ian Alexander BROWN (LD),Johannes BUTSCHER (Grn),Steven PATERSON (SNP),skipped,skipped,skipped,3,6
105,Ian Alexander BROWN (LD),Johannes BUTSCHER (Grn),Steven PATERSON (SNP),skipped,skipped,skipped,3,6
106,Ian Alexander BROWN (LD),Johannes BUTSCHER (Grn),Steven PATERSON (SNP),Danny GIBSON (Lab),Corrie MCCHORD (Lab),skipped,3,6
107,Ian Alexander BROWN (LD),Johannes BUTSCHER (Grn),Steven PATERSON (SNP),Corrie MCCHORD (Lab),Danny GIBSON (Lab),Benjamin KERR (Con),3,6
108,Ian Alexander BROWN (LD),Johannes BUTSCHER (Grn),Steven PATERSON (SNP),Corrie MCCHORD (Lab),Danny GIBSON (Lab),Benjamin KERR (Con),3,6
109,Ian Alexander BROWN (LD),Johannes BUTSCHER (Grn),Steven PATERSON (SNP),Corrie MCCHORD (Lab),Danny GIBSON (Lab),Benjamin KERR (Con),3,6
110,Ian Alexander BROWN (LD),Danny GIBSON (Lab),skipped,skipped,skipped,skipped,3,6
111,Ian Alexander BROWN (LD),Danny GIBSON (Lab),skipped,skipped,skipped,skipped,3,6
112,Ian Alexander BROWN (LD),Danny GIBSON (Lab),skipped,skipped,skipped,skipped,3,6
113,Ian Alexander BROWN (LD),Danny GIBSON (Lab),Johannes BUTSCHER (Grn),skipped,skipped,skipped,3,6
114,Ian Alexander BROWN (LD),Danny GIBSON (Lab),Johannes BUTSCHER (Grn),skipped,skipped,skipped,3,6
115,Ian Alexander BROWN (LD),Danny GIBSON (Lab),Johannes BUTSCHER (Grn),skipped,skipped,skipped,3,6
116,Ian Alexander BROWN (LD),Danny GIBSON (Lab),Johannes BUTSCHER (Grn),skipped,skipped,skipped,3,6
117,Ian Alexander BROWN (LD),Danny GIBSON (Lab),Benjamin KERR (Con),skipped,skipped,skipped,3,6
118,Ian Alexander BROWN (LD),Danny GIBSON (Lab),Benjamin KERR (Con),skipped,skipped,skipped,3,6
119,Ian Alexander BROWN (LD),Danny GIBSON (Lab),Benjamin KERR (Con),skipped,skipped,skipped,3,6
120,Ian Alexander BROWN (LD),Danny GIBSON (Lab),Benjamin KERR (Con),skipped,skipped,skipped,3,6
121,Ian Alexander BROWN (LD),Danny GIBSON (Lab),Benjamin KERR (Con),skipped,skipped,skipped,3,6
122,Ian Alexander BROWN (LD),Danny GIBSON (Lab),Benjamin KERR (Con),skipped,skipped,skipped,3,6
123,Ian Alexander BROWN (LD),Danny GIBSON (Lab),Corrie MCCHORD (Lab),skipped,skipped,skipped,3,6
124,Ian Alexander BROWN (LD),Danny GIBSON (Lab),Corrie MCCHORD (Lab),skipped,skipped,skipped,3,6
125,Ian Alexander BROWN (LD),Danny GIBSON (Lab),Corrie MCCHORD (Lab),skipped,skipped,skipped,3,6
126,Ian Alexander BROWN (LD),Danny GIBSON (Lab),Corrie MCCHORD (Lab),skipped,skipped,skipped,3,6
127,Ian Alexander BROWN (LD),Danny GIBSON (Lab),Corrie MCCHORD (Lab),skipped,skipped,skipped,3,6
128,Ian Alexander BROWN (LD),Danny GIBSON (Lab),Corrie MCCHORD (Lab),skipped,skipped,skipped,3,6
129,Ian Alexander BROWN (LD),Danny GIBSON (Lab),Corrie MCCHORD (Lab),skipped,skipped,skipped,3,6
130,Ian Alexander BROWN (LD),Danny GIBSON (Lab),Corrie MCCHORD (Lab),skipped,skipped,skipped,3,6
131,Ian Alexander BROWN (LD),Danny GIBSON (Lab),Corrie MCCHORD (Lab),skipped,skipped,skipped,3,6
132,Ian Alexander BROWN (LD),Danny GIBSON (Lab),Corrie MCCHORD (Lab),skipped,skipped,skipped,3,6
133,Ian Alexander BROWN (LD),Danny GIBSON (Lab),Corrie MCCHORD (Lab),skipped,skipped,skipped,3,6
134,Ian Alexander BROWN (LD),Danny GIBSON (Lab),Corrie MCCHORD (Lab),skipped,skipped,skipped,3,6
135,Ian Alexander BROWN (LD),Danny GIBSON (Lab),Corrie MCCHORD (Lab),skipped,skipped,skipped,3,6
136,Ian Alexander BROWN (LD),Danny GIBSON (Lab),Corrie MCCHORD (Lab),skipped,skipped,skipped,3,6
137,Ian Alexander BROWN (LD),Danny GIBSON (Lab),Corrie MCCHORD (Lab),skipped,skipped,skipped,3,6
138,Ian Alexander BROWN (LD),Danny GIBSON (Lab),Corrie MCCHORD (Lab),skipped,skipped,skipped,3,6
139,Ian Alexander BROWN (LD),Danny GIBSON (Lab),Corrie MCCHORD (Lab),skipped,skipped,skipped,3,6
140,Ian Alexander BROWN (LD),Danny GIBSON (Lab),Corrie MCCHORD (Lab),skipped,skipped,skipped,3,6
141,Ian Alexander BROWN (LD),Danny GIBSON (Lab),Corrie MCCHORD (Lab),skipped,skipped,skipped,3,6
142,Ian Alexander BROWN (LD),Danny GIBSON (Lab),Corrie MCCHORD (Lab),skipped,skipped,skipped,3,6
143,Ian Alexander BROWN (LD),Danny GIBSON (Lab),Corrie MCCHORD (Lab),skipped,skipped,skipped,3,6
144,Ian Alexander BROWN (LD),Danny GIBSON (Lab),Corrie MCCHORD (Lab),skipped,skipped,skipped,3,6
145,Ian Alexander BROWN (LD),Danny GIBSON (Lab),Corrie MCCHORD (Lab),skipped,skipped,skipped,3,6
146,Ian Alexander BROWN (LD),Danny GIBSON (Lab),Corrie MCCHORD (Lab),Johannes BUTSCHER (Grn),skipped,skipped,3,6
147,Ian Alexander BROWN (LD),Danny GIBSON (Lab),Corrie MCCHORD (Lab),Johannes BUTSCHER (Grn),skipped,skipped,3,6
148,Ian Alexander BROWN (LD),Danny GIBSON (Lab),Corrie MCCHORD (Lab),Johannes BUTSCHER (Grn),Benjamin KERR (Con),Steven PATERSON (SNP),3,6
149,Ian Alexander BROWN (LD),Danny GIBSON (Lab),Corrie MCCHORD (Lab),Johannes BUTSCHER (Grn),Steven PATERSON (SNP),Benjamin KERR (Con),3,6
150,Ian Alexander BROWN (LD),Danny GIBSON (Lab),Corrie MCCHORD (Lab),Johannes BUTSCHER (Grn),Steven PATERSON (SNP),Benjamin KERR (Con),3,6
151,Ian Alexander BROWN (LD),Danny GIBSON (Lab),Corrie MCCHORD (Lab),Johannes BUTSCHER (Grn),Steven PATERSON (SNP),Benjamin KERR (Con),3,6
152,Ian Alexander BROWN (LD),Danny GIBSON (Lab),Corrie MCCHORD (Lab),Johannes BUTSCHER (Grn),Steven PATERSON (SNP),Benjamin KERR (Con),3,6
153,Ian Alexander BROWN (LD),Danny GIBSON (Lab),Corrie MCCHORD (Lab),Benjamin KERR (Con),skipped,skipped,3,6
154,Ian Alexander BROWN (LD),Danny GIBSON (Lab),Corrie MCCHORD (Lab),Steven PATERSON (SNP),skipped,skipped,3,6
155,Ian Alexander BROWN (LD),Danny GIBSON (Lab),Corrie MCCHORD (Lab),Steven PATERSON (SNP),skipped,skipped,3,6
156,Ian Alexander BROWN (LD),Danny GIBSON (Lab),Corrie MCCHORD (Lab),Steven PATERSON (SNP),skipped,skipped,3,6
157,Ian Alexander BROWN (LD),Danny GIBSON (Lab),Corrie MCCHORD (Lab),Steven PATERSON (SNP),Johannes BUTSCHER (Grn),Benjamin KERR (Con),3,6
158,Ian Alexander BROWN (LD),Danny GIBSON (Lab),Corrie MCCHORD (Lab),Steven PATERSON (SNP),Johannes BUTSCHER (Grn),Benjamin KERR (Con),3,6
159,Ian Alexander BROWN (LD),Danny GIBSON (Lab),Corrie MCCHORD (Lab),Steven PATERSON (SNP),Johannes BUTSCHER (Grn),Benjamin KERR (Con),3,6
160,Ian Alexander BROWN (LD),Danny GIBSON (Lab),Steven PATERSON (SNP),skipped,skipped,skipped,3,6
161,Ian Alexander BROWN (LD),Danny GIBSON (Lab),Steven PATERSON (SNP),skipped,skipped,skipped,3,6
162,Ian Alexander BROWN (LD),Danny GIBSON (Lab),Steven PATERSON (SNP),skipped,skipped,skipped,3,6
163,Ian Alexander BROWN (LD),Danny GIBSON (Lab),Steven PATERSON (SNP),skipped,skipped,skipped,3,6
164,Ian Alexander BROWN (LD),Danny GIBSON (Lab),Steven PATERSON (SNP),skipped,skipped,skipped,3,6
165,Ian Alexander BROWN (LD),Danny GIBSON (Lab),Steven PATERSON (SNP),skipped,skipped,skipped,3,6
166,Ian Alexander BROWN (LD),Danny GIBSON (Lab),Steven PATERSON (SNP),Johannes BUTSCHER (Grn),Benjamin KERR (Con),Corrie MCCHORD (Lab),3,6
167,Ian Alexander BROWN (LD),Danny GIBSON (Lab),Steven PATERSON (SNP),Johannes BUTSCHER (Grn),Corrie MCCHORD (Lab),Benjamin KERR (Con),3,6
168,Ian Alexander BROWN (LD),Danny GIBSON (Lab),Steven PATERSON (SNP),Corrie MCCHORD (Lab),Johannes BUTSCHER (Grn),Benjamin KERR (Con),3,6
169,Ian Alexander BROWN (LD),Benjamin KERR (Con),skipped,skipped,skipped,skipped,3,6
170,Ian Alexander BROWN (LD),Benjamin KERR (Con),skipped,skipped,skipped,skipped,3,6
171,Ian Alexander BROWN (LD),Benjamin KERR (Con),skipped,skipped,skipped,skipped,3,6
172,Ian Alexander BROWN (LD),Benjamin KERR (Con),skipped,skipped,skipped,skipped,3,6
173,Ian Alexander BROWN (LD),Benjamin KERR (Con),skipped,skipped,skipped,skipped,3,6
174,Ian Alexander BROWN (LD),Benjamin KERR (Con),skipped,skipped,skipped,skipped,3,6
175,Ian Alexander BROWN (LD),Benjamin KERR (Con),skipped,skipped,skipped,skipped,3,6
176,Ian Alexander BROWN (LD),Benjamin KERR (Con),skipped,skipped,skipped,skipped,3,6
177,Ian Alexander BROWN (LD),Benjamin KERR (Con),skipped,skipped,skipped,skipped,3,6
178,Ian Alexander BROWN (LD),Benjamin KERR (Con),skipped,skipped,skipped,skipped,3,6
179,Ian Alexander BROWN (LD),Benjamin KERR (Con),skipped,skipped,skipped,skipped,3,6
180,Ian Alexander BROWN (LD),Benjamin KERR (Con),skipped,skipped,skipped,skipped,3,6
181,Ian Alexander BROWN (LD),Benjamin KERR (Con),skipped,skipped,skipped,skipped,3,6
182,Ian Alexander BROWN (LD),Benjamin KERR (Con),skipped,skipped,skipped,skipped,3,6
183,Ian Alexander BROWN (LD),Benjamin KERR (Con),skipped,skipped,skipped,skipped,3,6
184,Ian Alexander BROWN (LD),Benjamin KERR (Con),skipped,skipped,skipped,skipped,3,6
185,Ian Alexander BROWN (LD),Benjamin KERR (Con),skipped,skipped,skipped,skipped,3,6
186,Ian Alexander BROWN (LD),Benjamin KERR (Con),skipped,skipped,skipped,skipped,3,6
187,Ian Alexander BROWN (LD),Benjamin KERR (Con),skipped,skipped,skipped,skipped,3,6
188,Ian Alexander BROWN (LD),Benjamin KERR (Con),skipped,skipped,skipped,skipped,3,6
189,Ian Alexander BROWN (LD),Benjamin KERR (Con),skipped,skipped,skipped,skipped,3,6
190,Ian Alexander BROWN (LD),Benjamin KERR (Con),skipped,skipped,skipped,skipped,3,6
191,Ian Alexander BROWN (LD),Benjamin KERR (Con),skipped,skipped,skipped,skipped,3,6
192,Ian Alexander BROWN (LD),Benjamin KERR (Con),skipped,skipped,skipped,skipped,3,6
193,Ian Alexander BROWN (LD),Benjamin KERR (Con),skipped,skipped,skipped,skipped,3,6
194,Ian Alexander BROWN (LD),Benjamin KERR (Con),Johannes BUTSCHER (Grn),skipped,skipped,skipped,3,6
195,Ian Alexander BROWN (LD),Benjamin KERR (Con),Johannes BUTSCHER (Grn),skipped,skipped,skipped,3,6
196,Ian Alexander BROWN (LD),Benjamin KERR (Con),Johannes BUTSCHER (Grn),skipped,skipped,skipped,3,6
197,Ian Alexander BROWN (LD),Benjamin KERR (Con),Johannes BUTSCHER (Grn),skipped,skipped,skipped,3,6
198,Ian Alexander BROWN (LD),Benjamin KERR (Con),Johannes BUTSCHER (Grn),skipped,skipped,skipped,3,6
199,Ian Alexander BROWN (LD),Benjamin KERR (Con),Johannes BUTSCHER (Grn),Danny GIBSON (Lab),Corrie MCCHORD (Lab),skipped,3,6
200,Ian Alexander BROWN (LD),Benjamin KERR (Con),Johannes BUTSCHER (Grn),Danny GIBSON (Lab),Corrie MCCHORD (Lab),Steven PATERSON (SNP),3,6
201,Ian Alexander BROWN (LD),Benjamin KERR (Con),Johannes BUTSCHER (Grn),Corrie MCCHORD (Lab),Danny GIBSON (Lab),Steven PATERSON (SNP),3,6
202,Ian Alexander BROWN (LD),Benjamin KERR (Con),Johannes BUTSCHER (Grn),Corrie MCCHORD (Lab),Danny GIBSON (Lab),Steven PATERSON (SNP),3,6
203,Ian Alexander BROWN (LD),Benjamin KERR (Con),Danny GIBSON (Lab),skipped,skipped,skipped,3,6
204,Ian Alexander BROWN (LD),Benjamin KERR (Con),Danny GIBSON (Lab),skipped,skipped,skipped,3,6
205,Ian Alexander BROWN (LD),Benjamin KERR (Con),Danny GIBSON (Lab),skipped,skipped,skipped,3,6
206,Ian Alexander BROWN (LD),Benjamin KERR (Con),Danny GIBSON (Lab),Johannes BUTSCHER (Grn),Corrie MCCHORD (Lab),Steven PATERSON (SNP),3,6
207,Ian Alexander BROWN (LD),Benjamin KERR (Con),Danny GIBSON (Lab),Corrie MCCHORD (Lab),Johannes BUTSCHER (Grn),Steven PATERSON (SNP),3,6
208,Ian Alexander BROWN (LD),Benjamin KERR (Con),Danny GIBSON (Lab),Corrie MCCHORD (Lab),Johannes BUTSCHER (Grn),Steven PATERSON (SNP),3,6
209,Ian Alexander BROWN (LD),Benjamin KERR (Con),Danny GIBSON (Lab),Corrie MCCHORD (Lab),Steven PATERSON (SNP),Johannes BUTSCHER (Grn),3,6
210,Ian Alexander BROWN (LD),Benjamin KERR (Con),Corrie MCCHORD (Lab),skipped,skipped,skipped,3,6
211,Ian Alexander BROWN (LD),Benjamin KERR (Con),Corrie MCCHORD (Lab),skipped,skipped,skipped,3,6
212,Ian Alexander BROWN (LD),Benjamin KERR (Con),Corrie MCCHORD (Lab),skipped,skipped,skipped,3,6
213,Ian Alexander BROWN (LD),Benjamin KERR (Con),Corrie MCCHORD (Lab),skipped,skipped,skipped,3,6
214,Ian Alexander BROWN (LD),Benjamin KERR (Con),Corrie MCCHORD (Lab),skipped,skipped,skipped,3,6
215,Ian Alexander BROWN (LD),Benjamin KERR (Con),Corrie MCCHORD (Lab),skipped,skipped,skipped,3,6
216,Ian Alexander BROWN (LD),Benjamin KERR (Con),Corrie MCCHORD (Lab),skipped,skipped,skipped,3,6
217,Ian Alexander BROWN (LD),Benjamin KERR (Con),Corrie MCCHORD (Lab),skipped,skipped,skipped,3,6
218,Ian Alexander BROWN (LD),Benjamin KERR (Con),Corrie MCCHORD (Lab),skipped,skipped,skipped,3,6
219,Ian Alexander BROWN (LD),Benjamin KERR (Con),Corrie MCCHORD (Lab),Johannes BUTSCHER (Grn),Danny GIBSON (Lab),skipped,3,6
220,Ian Alexander BROWN (LD),Benjamin KERR (Con),Corrie MCCHORD (Lab),Danny GIBSON (Lab),Johannes BUTSCHER (Grn),Steven PATERSON (SNP),3,6
221,Ian Alexander BROWN (LD),Benjamin KERR (Con),Corrie MCCHORD (Lab),Danny GIBSON (Lab),Steven PATERSON (SNP),Johannes BUTSCHER (Grn),3,6
222,Ian Alexander BROWN (LD),Benjamin KERR (Con),Corrie MCCHORD (Lab),Danny GIBSON (Lab),Steven PATERSON (SNP),Johannes BUTSCHER (Grn),3,6
223,Ian Alexander BROWN (LD),Benjamin KERR (Con),Steven PATERSON (SNP),skipped,skipped,skipped,3,6
224,Ian Alexander BROWN (LD),Benjamin KERR (Con),Steven PATERSON (SNP),skipped,skipped,skipped,3,6
225,Ian Alexander BROWN (LD),Benjamin KERR (Con),Steven PATERSON (SNP),skipped,skipped,skipped,3,6
226,Ian Alexander BROWN (LD),Benjamin KERR (Con),Steven PATERSON (SNP),skipped,skipped,skipped,3,6
227,Ian Alexander BROWN (LD),Benjamin KERR (Con),Steven PATERSON (SNP),skipped,skipped,skipped,3,6
228,Ian Alexander BROWN (LD),Benjamin KERR (Con),Steven PATERSON (SNP),skipped,skipped,skipped,3,6
229,Ian Alexander BROWN (LD),Benjamin KERR (Con),Steven PATERSON (SNP),Johannes BUTSCHER (Grn),Danny GIBSON (Lab),Corrie MCCHORD (Lab),3,6
230,Ian Alexander BROWN (LD),Benjamin KERR (Con),Steven PATERSON (SNP),Johannes BUTSCHER (Grn),Danny GIBSON (Lab),Corrie MCCHORD (Lab),3,6
231,Ian Alexander BROWN (LD),Corrie MCCHORD (Lab),skipped,skipped,skipped,skipped,3,6
232,Ian Alexander BROWN (LD),Corrie MCCHORD (Lab),skipped,skipped,skipped,skipped,3,6
233,Ian Alexander BROWN (LD),Corrie MCCHORD (Lab),skipped,skipped,skipped,skipped,3,6
234,Ian Alexander BROWN (LD),Corrie MCCHORD (Lab),skipped,skipped,skipped,skipped,3,6
235,Ian Alexander BROWN (LD),Corrie MCCHORD (Lab),skipped,skipped,skipped,skipped,3,6
236,Ian Alexander BROWN (LD),Corrie MCCHORD (Lab),skipped,skipped,skipped,skipped,3,6
237,Ian Alexander BROWN (LD),Corrie MCCHORD (Lab),skipped,skipped,skipped,skipped,3,6
238,Ian Alexander BROWN (LD),Corrie MCCHORD (Lab),skipped,skipped,skipped,skipped,3,6
239,Ian Alexander BROWN (LD),Corrie MCCHORD (Lab),skipped,skipped,skipped,skipped,3,6
240,Ian Alexander BROWN (LD),Corrie MCCHORD (Lab),skipped,skipped,skipped,skipped,3,6
241,Ian Alexander BROWN (LD),Corrie MCCHORD (Lab),skipped,skipped,skipped,skipped,3,6
242,Ian Alexander BROWN (LD),Corrie MCCHORD (Lab),skipped,skipped,skipped,skipped,3,6
243,Ian Alexander BROWN (LD),Corrie MCCHORD (Lab),Johannes BUTSCHER (Grn),skipped,skipped,skipped,3,6
244,Ian Alexander BROWN (LD),Corrie MCCHORD (Lab),Johannes BUTSCHER (Grn),Danny GIBSON (Lab),skipped,skipped,3,6
245,Ian Alexander BROWN (LD),Corrie MCCHORD (Lab),Johannes BUTSCHER (Grn),Danny GIBSON (Lab),skipped,skipped,3,6
246,Ian Alexander BROWN (LD),Corrie MCCHORD (Lab),Johannes BUTSCHER (Grn),Danny GIBSON (Lab),Steven PATERSON (SNP),Benjamin KERR (Con),3,6
247,Ian Alexander BROWN (LD),Corrie MCCHORD (Lab),Danny GIBSON (Lab),skipped,skipped,skipped,3,6
248,Ian Alexander BROWN (LD),Corrie MCCHORD (Lab),Danny GIBSON (Lab),skipped,skipped,skipped,3,6
249,Ian Alexander BROWN (LD),Corrie MCCHORD (Lab),Danny GIBSON (Lab),skipped,skipped,skipped,3,6
250,Ian Alexander BROWN (LD),Corrie MCCHORD (Lab),Danny GIBSON (Lab),skipped,skipped,skipped,3,6
251,Ian Alexander BROWN (LD),Corrie MCCHORD (Lab),Danny GIBSON (Lab),skipped,skipped,skipped,3,6
252,Ian Alexander BROWN (LD),Corrie MCCHORD (Lab),Danny GIBSON (Lab),skipped,skipped,skipped,3,6
253,Ian Alexander BROWN (LD),Corrie MCCHORD (Lab),Danny GIBSON (Lab),skipped,skipped,skipped,3,6
254,Ian Alexander BROWN (LD),Corrie MCCHORD (Lab),Danny GIBSON (Lab),skipped,skipped,skipped,3,6
255,Ian Alexander BROWN (LD),Corrie MCCHORD (Lab),Danny GIBSON (Lab),skipped,skipped,skipped,3,6
256,Ian Alexander BROWN (LD),Corrie MCCHORD (Lab),Danny GIBSON (Lab),skipped,skipped,skipped,3,6
257,Ian Alexander BROWN (LD),Corrie MCCHORD (Lab),Danny GIBSON (Lab),skipped,skipped,skipped,3,6
258,Ian Alexander BROWN (LD),Corrie MCCHORD (Lab),Danny GIBSON (Lab),skipped,skipped,skipped,3,6
259,Ian Alexander BROWN (LD),Corrie MCCHORD (Lab),Danny GIBSON (Lab),skipped,skipped,skipped,3,6
260,Ian Alexander BROWN (LD),Corrie MCCHORD (Lab),Danny GIBSON (Lab),skipped,skipped,skipped,3,6
261,Ian Alexander BROWN (LD),Corrie MCCHORD (Lab),Danny GIBSON (Lab),skipped,skipped,skipped,3,6
262,Ian Alexander BROWN (LD),Corrie MCCHORD (Lab),Danny GIBSON (Lab),skipped,skipped,skipped,3,6
263,Ian Alexander BROWN (LD),Corrie MCCHORD (Lab),Danny GIBSON (Lab),Johannes BUTSCHER (Grn),skipped,skipped,3,6
264,Ian Alexander BROWN (LD),Corrie MCCHORD (Lab),Danny GIBSON (Lab),Johannes BUTSCHER (Grn),skipped,skipped,3,6
265,Ian Alexander BROWN (LD),Corrie MCCHORD (Lab),Danny GIBSON (Lab),Johannes BUTSCHER (Grn),skipped,skipped,3,6
266,Ian Alexander BROWN (LD),Corrie MCCHORD (Lab),Danny GIBSON (Lab),Johannes BUTSCHER (Grn),skipped,skipped,3,6
267,Ian Alexander BROWN (LD),Corrie MCCHORD (Lab),Danny GIBSON (Lab),Johannes BUTSCHER (Grn),Benjamin KERR (Con),Steven PATERSON (SNP),3,6
268,Ian Alexander BROWN (LD),Corrie MCCHORD (Lab),Danny GIBSON (Lab),Johannes BUTSCHER (Grn),Benjamin KERR (Con),Steven PATERSON (SNP),3,6
269,Ian Alexander BROWN (LD),Corrie MCCHORD (Lab),Danny GIBSON (Lab),Johannes BUTSCHER (Grn),Steven PATERSON (SNP),Benjamin KERR (Con),3,6
270,Ian Alexander BROWN (LD),Corrie MCCHORD (Lab),Danny GIBSON (Lab),Benjamin KERR (Con),skipped,skipped,3,6
271,Ian Alexander BROWN (LD),Corrie MCCHORD (Lab),Danny GIBSON (Lab),Benjamin KERR (Con),Johannes BUTSCHER (Grn),Steven PATERSON (SNP),3,6
272,Ian Alexander BROWN (LD),Corrie MCCHORD (Lab),Danny GIBSON (Lab),Steven PATERSON (SNP),skipped,skipped,3,6
273,Ian Alexander BROWN (LD),Corrie MCCHORD (Lab),Danny GIBSON (Lab),Steven PATERSON (SNP),Johannes BUTSCHER (Grn),Benjamin KERR (Con),3,6
274,Ian Alexander BROWN (LD),Corrie MCCHORD (Lab),Danny GIBSON (Lab),Steven PATERSON (SNP),Benjamin KERR (Con),Johannes BUTSCHER (Grn),3,6
275,Ian Alexander BROWN (LD),Corrie MCCHORD (Lab),Benjamin KERR (Con),skipped,skipped,skipped,3,6
276,Ian Alexander BROWN (LD),Corrie MCCHORD (Lab),Benjamin KERR (Con),skipped,skipped,skipped,3,6
277,Ian Alexander BROWN (LD),Corrie MCCHORD (Lab),Benjamin KERR (Con),skipped,skipped,skipped,3,6
278,Ian Alexander BROWN (LD),Corrie MCCHORD (Lab),Benjamin KERR (Con),skipped,skipped,skipped,3,6
279,Ian Alexander BROWN (LD),Corrie MCCHORD (Lab),Benjamin KERR (Con),skipped,skipped,skipped,3,6
280,Ian Alexander BROWN (LD),Corrie MCCHORD (Lab),Benjamin KERR (Con),skipped,skipped,skipped,3,6
281,Ian Alexander BROWN (LD),Corrie MCCHORD (Lab),Benjamin KERR (Con),Danny GIBSON (Lab),skipped,skipped,3,6
282,Ian Alexander BROWN (LD),Corrie MCCHORD (Lab),Benjamin KERR (Con),Danny GIBSON (Lab),Johannes BUTSCHER (Grn),Steven PATERSON (SNP),3,6
283,Ian Alexander BROWN (LD),Corrie MCCHORD (Lab),Benjamin KERR (Con),Danny GIBSON (Lab),Johannes BUTSCHER (Grn),Steven PATERSON (SNP),3,6
284,Ian Alexander BROWN (LD),Corrie MCCHORD (Lab),Benjamin KERR (Con),Danny GIBSON (Lab),Steven PATERSON (SNP),Johannes BUTSCHER (Grn),3,6
285,Ian Alexander BROWN (LD),Corrie MCCHORD (Lab),Steven PATERSON (SNP),skipped,skipped,skipped,3,6
286,Ian Alexander BROWN (LD),Corrie MCCHORD (Lab),Steven PATERSON (SNP),skipped,skipped,skipped,3,6
287,Ian Alexander BROWN (LD),Corrie MCCHORD (Lab),Steven PATERSON (SNP),skipped,skipped,skipped,3,6
288,Ian Alexander BROWN (LD),Corrie MCCHORD (Lab),Steven PATERSON (SNP),skipped,skipped,skipped,3,6
289,Ian Alexander BROWN (LD),Corrie MCCHORD (Lab),Steven PATERSON (SNP),skipped,skipped,skipped,3,6
290,Ian Alexander BROWN (LD),Corrie MCCHORD (Lab),Steven PATERSON (SNP),skipped,skipped,skipped,3,6
291,Ian Alexander BROWN (LD),Corrie MCCHORD (Lab),Steven PATERSON (SNP),skipped,skipped,skipped,3,6
292,Ian Alexander BROWN (LD),Corrie MCCHORD (Lab),Steven PATERSON (SNP),skipped,skipped,skipped,3,6
293,Ian Alexander BROWN (LD),Corrie MCCHORD (Lab),Steven PATERSON (SNP),Danny GIBSON (Lab),skipped,skipped,3,6
294,Ian Alexander BROWN (LD),Corrie MCCHORD (Lab),Steven PATERSON (SNP),Danny GIBSON (Lab),skipped,skipped,3,6
295,Ian Alexander BROWN (LD),Corrie MCCHORD (Lab),Steven PATERSON (SNP),Danny GIBSON (Lab),skipped,skipped,3,6
296,Ian Alexander BROWN (LD),Corrie MCCHORD (Lab),Steven PATERSON (SNP),Danny GIBSON (Lab),Johannes BUTSCHER (Grn),Benjamin KERR (Con),3,6
297,Ian Alexander BROWN (LD),Corrie MCCHORD (Lab),Steven PATERSON (SNP),Danny GIBSON (Lab),Johannes BUTSCHER (Grn),Benjamin KERR (Con),3,6
298,Ian Alexander BROWN (LD),Corrie MCCHORD (Lab),Steven PATERSON (SNP),Danny GIBSON (Lab),Benjamin KERR (Con),Johannes BUTSCHER (Grn),3,6
299,Ian Alexander BROWN (LD),Corrie MCCHORD (Lab),Steven PATERSON (SNP),Benjamin KERR (Con),Johannes BUTSCHER (Grn),Danny GIBSON (Lab),3,6
300,Ian Alexander BROWN (LD),Steven PATERSON (SNP),skipped,skipped,skipped,skipped,3,6
301,Ian Alexander BROWN (LD),Steven PATERSON (SNP),skipped,skipped,skipped,skipped,3,6
302,Ian Alexander BROWN (LD),Steven PATERSON (SNP),skipped,skipped,skipped,skipped,3,6
303,Ian Alexander BROWN (LD),Steven PATERSON (SNP),skipped,skipped,skipped,skipped,3,6
304,Ian Alexander BROWN (LD),Steven PATERSON (SNP),skipped,skipped,skipped,skipped,3,6
305,Ian Alexander BROWN (LD),Steven PATERSON (SNP),skipped,skipped,skipped,skipped,3,6
306,Ian Alexander BROWN (LD),Steven PATERSON (SNP),skipped,skipped,skipped,skipped,3,6
307,Ian Alexander BROWN (LD),Steven PATERSON (SNP),skipped,skipped,skipped,skipped,3,6
308,Ian Alexander BROWN (LD),Steven PATERSON (SNP),skipped,skipped,skipped,skipped,3,6
309,Ian Alexander BROWN (LD),Steven PATERSON (SNP),skipped,skipped,skipped,skipped,3,6
310,Ian Alexander BROWN (LD),Steven PATERSON (SNP),skipped,skipped,skipped,skipped,3,6
311,Ian Alexander BROWN (LD),Steven PATERSON (SNP),skipped,skipped,skipped,skipped,3,6
312,Ian Alexander BROWN (LD),Steven PATERSON (SNP),skipped,skipped,skipped,skipped,3,6
313,Ian Alexander BROWN (LD),Steven PATERSON (SNP),skipped,skipped,skipped,skipped,3,6
314,Ian Alexander BROWN (LD),Steven PATERSON (SNP),skipped,skipped,skipped,skipped,3,6
315,Ian Alexander BROWN (LD),Steven PATERSON (SNP),skipped,skipped,skipped,skipped,3,6
316,Ian Alexander BROWN (LD),Steven PATERSON (SNP),skipped,skipped,skipped,skipped,3,6
317,Ian Alexander BROWN (LD),Steven PATERSON (SNP),skipped,skipped,skipped,skipped,3,6
318,Ian Alexander BROWN (LD),Steven PATERSON (SNP),skipped,skipped,skipped,skipped,3,6
319,Ian Alexander BROWN (LD),Steven PATERSON (SNP),skipped,skipped,skipped,skipped,3,6
320,Ian Alexander BROWN (LD),Steven PATERSON (SNP),skipped,skipped,skipped,skipped,3,6
321,Ian Alexander BROWN (LD),Steven PATERSON (SNP),skipped,skipped,skipped,skipped,3,6
322,Ian Alexander BROWN (LD),Steven PATERSON (SNP),skipped,skipped,skipped,skipped,3,6
323,Ian Alexander BROWN (LD),Steven PATERSON (SNP),skipped,skipped,skipped,skipped,3,6
324,Ian Alexander BROWN (LD),Steven PATERSON (SNP),skipped,skipped,skipped,skipped,3,6
325,Ian Alexander BROWN (LD),Steven PATERSON (SNP),skipped,skipped,skipped,skipped,3,6
326,Ian Alexander BROWN (LD),Steven PATERSON (SNP),skipped,skipped,skipped,skipped,3,6
327,Ian Alexander BROWN (LD),Steven PATERSON (SNP),skipped,skipped,skipped,skipped,3,6
328,Ian Alexander BROWN (LD),Steven PATERSON (SNP),skipped,skipped,skipped,skipped,3,6
329,Ian Alexander BROWN (LD),Steven PATERSON (SNP),skipped,skipped,skipped,skipped,3,6
330,Ian Alexander BROWN (LD),Steven PATERSON (SNP),skipped,skipped,skipped,skipped,3,6
331,Ian Alexander BROWN (LD),Steven PATERSON (SNP),skipped,skipped,skipped,skipped,3,6
332,Ian Alexander BROWN (LD),Steven PATERSON (SNP),Johannes BUTSCHER (Grn),skipped,skipped,skipped,3,6
333,Ian Alexander BROWN (LD),Steven PATERSON (SNP),Johannes BUTSCHER (Grn),skipped,skipped,skipped,3,6
334,Ian Alexander BROWN (LD),Steven PATERSON (SNP),Johannes BUTSCHER (Grn),skipped,skipped,skipped,3,6
335,Ian Alexander BROWN (LD),Steven PATERSON (SNP),Johannes BUTSCHER (Grn),skipped,skipped,skipped,3,6
336,Ian Alexander BROWN (LD),Steven PATERSON (SNP),Johannes BUTSCHER (Grn),skipped,skipped,skipped,3,6
337,Ian Alexander BROWN (LD),Steven PATERSON (SNP),Johannes BUTSCHER (Grn),skipped,skipped,skipped,3,6
338,Ian Alexander BROWN (LD),Steven PATERSON (SNP),Johannes BUTSCHER (Grn),skipped,skipped,skipped,3,6
339,Ian Alexander BROWN (LD),Steven PATERSON (SNP),Johannes BUTSCHER (Grn),skipped,skipped,skipped,3,6
340,Ian Alexander BROWN (LD),Steven PATERSON (SNP),Johannes BUTSCHER (Grn),skipped,skipped,skipped,3,6
341,Ian Alexander BROWN (LD),Steven PATERSON (SNP),Johannes BUTSCHER (Grn),skipped,skipped,skipped,3,6
342,Ian Alexander BROWN (LD),Steven PATERSON (SNP),Johannes BUTSCHER (Grn),skipped,skipped,skipped,3,6
343,Ian Alexander BROWN (LD),Steven PATERSON (SNP),Johannes BUTSCHER (Grn),skipped,skipped,skipped,3,6
344,Ian Alexander BROWN (LD),Steven PATERSON (SNP),Johannes BUTSCHER (Grn),skipped,skipped,skipped,3,6
345,Ian Alexander BROWN (LD),Steven PATERSON (SNP),Johannes BUTSCHER (Grn),skipped,skipped,skipped,3,6
346,Ian Alexander BROWN (LD),Steven PATERSON (SNP),Johannes BUTSCHER (Grn),skipped,skipped,skipped,3,6
347,Ian Alexander BROWN (LD),Steven PATERSON (SNP),Johannes BUTSCHER (Grn),skipped,skipped,skipped,3,6
348,Ian Alexander BROWN (LD),Steven PATERSON (SNP),Johannes BUTSCHER (Grn),Danny GIBSON (Lab),Benjamin KERR (Con),Corrie MCCHORD (Lab),3,6
349,Ian Alexander BROWN (LD),Steven PATERSON (SNP),Johannes BUTSCHER (Grn),Danny GIBSON (Lab),Corrie MCCHORD (Lab),skipped,3,6
350,Ian Alexander BROWN (LD),Steven PATERSON (SNP),Johannes BUTSCHER (Grn),Benjamin KERR (Con),Danny GIBSON (Lab),Corrie MCCHORD (Lab),3,6
351,Ian Alexander BROWN (LD),Steven PATERSON (SNP),Johannes BUTSCHER (Grn),Corrie MCCHORD (Lab),Danny GIBSON (Lab),skipped,3,6
352,Ian Alexander BROWN (LD),Steven PATERSON (SNP),Johannes BUTSCHER (Grn),Corrie MCCHORD (Lab),Danny GIBSON (Lab),Benjamin KERR (Con),3,6
353,Ian Alexander BROWN (LD),Steven PATERSON (SNP),Danny GIBSON (Lab),skipped,skipped,skipped,3,6
354,Ian Alexander BROWN (LD),Steven PATERSON (SNP),Danny GIBSON (Lab),skipped,skipped,skipped,3,6
355,Ian Alexander BROWN (LD),Steven PATERSON (SNP),Danny GIBSON (Lab),skipped,skipped,skipped,3,6
356,Ian Alexander BROWN (LD),Steven PATERSON (SNP),Danny GIBSON (Lab),skipped,skipped,skipped,3,6
357,Ian Alexander BROWN (LD),Steven PATERSON (SNP),Danny GIBSON (Lab),skipped,skipped,skipped,3,6
358,Ian Alexander BROWN (LD),Steven PATERSON (SNP),Danny GIBSON (Lab),skipped,skipped,skipped,3,6
359,Ian Alexander BROWN (LD),Steven PATERSON (SNP),Danny GIBSON (Lab),Corrie MCCHORD (Lab),skipped,skipped,3,6
360,Ian Alexander BROWN (LD),Steven PATERSON (SNP),Danny GIBSON (Lab),Corrie MCCHORD (Lab),Johannes BUTSCHER (Grn),Benjamin KERR (Con),3,6
361,Ian Alexander BROWN (LD),Steven PATERSON (SNP),Danny GIBSON (Lab),Corrie MCCHORD (Lab),Johannes BUTSCHER (Grn),Benjamin KERR (Con),3,6
362,Ian Alexander BROWN (LD),Steven PATERSON (SNP),Danny GIBSON (Lab),Corrie MCCHORD (Lab),Benjamin KERR (Con),skipped,3,6
363,Ian Alexander BROWN (LD),Steven PATERSON (SNP),Danny GIBSON (Lab),Corrie MCCHORD (Lab),Benjamin KERR (Con),Johannes BUTSCHER (Grn),3,6
364,Ian Alexander BROWN (LD),Steven PATERSON (SNP),Danny GIBSON (Lab),Corrie MCCHORD (Lab),Benjamin KERR (Con),Johannes BUTSCHER (Grn),3,6
365,Ian Alexander BROWN (LD),Steven PATERSON (SNP),Benjamin KERR (Con),skipped,skipped,skipped,3,6
366,Ian Alexander BROWN (LD),Steven PATERSON (SNP),Benjamin KERR (Con),skipped,skipped,skipped,3,6
367,Ian Alexander BROWN (LD),Steven PATERSON (SNP),Benjamin KERR (Con),skipped,skipped,skipped,3,6
368,Ian Alexander BROWN (LD),Steven PATERSON (SNP),Benjamin KERR (Con),skipped,skipped,skipped,3,6
369,Ian Alexander BROWN (LD),Steven PATERSON (SNP),Benjamin KERR (Con),skipped,skipped,skipped,3,6
370,Ian Alexander BROWN (LD),Steven PATERSON (SNP),Benjamin KERR (Con),skipped,skipped,skipped,3,6
371,Ian Alexander BROWN (LD),Steven PATERSON (SNP),Benjamin KERR (Con),skipped,skipped,skipped,3,6
372,Ian Alexander BROWN (LD),Steven PATERSON (SNP),Benjamin KERR (Con),skipped,skipped,skipped,3,6
373,Ian Alexander BROWN (LD),Steven PATERSON (SNP),Benjamin KERR (Con),skipped,skipped,skipped,3,6
374,Ian Alexander BROWN (LD),Steven PATERSON (SNP),Benjamin KERR (Con),skipped,skipped,skipped,3,6
375,Ian Alexander BROWN (LD),Steven PATERSON (SNP),Benjamin KERR (Con),skipped,skipped,skipped,3,6
376,Ian Alexander BROWN (LD),Steven PATERSON (SNP),Benjamin KERR (Con),skipped,skipped,skipped,3,6
377,Ian Alexander BROWN (LD),Steven PATERSON (SNP),Benjamin KERR (Con),Johannes BUTSCHER (Grn),Danny GIBSON (Lab),skipped,3,6
378,Ian Alexander BROWN (LD),Steven PATERSON (SNP),Benjamin KERR (Con),Johannes BUTSCHER (Grn),Danny GIBSON (Lab),Corrie MCCHORD (Lab),3,6
379,Ian Alexander BROWN (LD),Steven PATERSON (SNP),Benjamin KERR (Con),Danny GIBSON (Lab),Corrie MCCHORD (Lab),Johannes BUTSCHER (Grn),3,6
380,Ian Alexander BROWN (LD),Steven PATERSON (SNP),Benjamin KERR (Con),Corrie MCCHORD (Lab),Johannes BUTSCHER (Grn),Danny GIBSON (Lab),3,6
381,Ian Alexander BROWN (LD),Steven PATERSON (SNP),Benjamin KERR (Con),Corrie MCCHORD (Lab),Danny GIBSON (Lab),Johannes BUTSCHER (Grn),3,6
382,Ian Alexander BROWN (LD),Steven PATERSON (SNP),Corrie MCCHORD (Lab),skipped,skipped,skipped,3,6
383,Ian Alexander BROWN (LD),Steven PATERSON (SNP),Corrie MCCHORD (Lab),skipped,skipped,skipped,3,6
384,Ian Alexander BROWN (LD),Steven PATERSON (SNP),Corrie MCCHORD (Lab),skipped,skipped,skipped,3,6
385,Ian Alexander BROWN (LD),Steven PATERSON (SNP),Corrie MCCHORD (Lab),skipped,skipped,skipped,3,6
386,Ian Alexander BROWN (LD),Steven PATERSON (SNP),Corrie MCCHORD (Lab),skipped,skipped,skipped,3,6
387,Ian Alexander BROWN (LD),Steven PATERSON (SNP),Corrie MCCHORD (Lab),skipped,skipped,skipped,3,6
388,Ian Alexander BROWN (LD),Steven PATERSON (SNP),Corrie MCCHORD (Lab),skipped,skipped,skipped,3,6
389,Ian Alexander BROWN (LD),Steven PATERSON (SNP),Corrie MCCHORD (Lab),skipped,skipped,skipped,3,6
390,Ian Alexander BROWN (LD),Steven PATERSON (SNP),Corrie MCCHORD (Lab),skipped,skipped,skipped,3,6
391,Ian Alexander BROWN (LD),Steven PATERSON (SNP),Corrie MCCHORD (Lab),skipped,skipped,skipped,3,6
392,Ian Alexander BROWN (LD),Steven PATERSON (SNP),Corrie MCCHORD (Lab),skipped,skipped,skipped,3,6
393,Ian Alexander BROWN (LD),Steven PATERSON (SNP),Corrie MCCHORD (Lab),skipped,skipped,skipped,3,6
394,Ian Alexander BROWN (LD),Steven PATERSON (SNP),Corrie MCCHORD (Lab),skipped,skipped,skipped,3,6
395,Ian Alexander BROWN (LD),Steven PATERSON (SNP),Corrie MCCHORD (Lab),Johannes BUTSCHER (Grn),skipped,skipped,3,6
396,Ian Alexander BROWN (LD),Steven PATERSON (SNP),Corrie MCCHORD (Lab),Johannes BUTSCHER (Grn),Danny GIBSON (Lab),Benjamin KERR (Con),3,6
397,Ian Alexander BROWN (LD),Steven PATERSON (SNP),Corrie MCCHORD (Lab),Johannes BUTSCHER (Grn),Danny GIBSON (Lab),Benjamin KERR (Con),3,6
398,Ian Alexander BROWN (LD),Steven PATERSON (SNP),Corrie MCCHORD (Lab),Danny GIBSON (Lab),skipped,skipped,3,6
399,Ian Alexander BROWN (LD),Steven PATERSON (SNP),Corrie MCCHORD (Lab),Danny GIBSON (Lab),Johannes BUTSCHER (Grn),Benjamin KERR (Con),3,6
400,Ian Alexander BROWN (LD),Steven PATERSON (SNP),Corrie MCCHORD (Lab),Danny GIBSON (Lab),Benjamin KERR (Con),Johannes BUTSCHER (Grn),3,6
401,Ian Alexander BROWN (LD),Steven PATERSON (SNP),Corrie MCCHORD (Lab),Danny GIBSON (Lab),Benjamin KERR (Con),Johannes BUTSCHER (Grn),3,6
402,Ian Alexander BROWN (LD),Steven PATERSON (SNP),Corrie MCCHORD (Lab),Benjamin KERR (Con),Johannes BUTSCHER (Grn),Danny GIBSON (Lab),3,6
403,Johannes BUTSCHER (Grn),skipped,skipped,skipped,skipped,skipped,3,6
404,Johannes BUTSCHER (Grn),skipped,skipped,skipped,skipped,skipped,3,6
405,Johannes BUTSCHER (Grn),skipped,skipped,skipped,skipped,skipped,3,6
406,Johannes BUTSCHER (Grn),skipped,skipped,skipped,skipped,skipped,3,6
407,Johannes BUTSCHER (Grn),skipped,skipped,skipped,skipped,skipped,3,6
408,Johannes BUTSCHER (Grn),skipped,skipped,skipped,skipped,skipped,3,6
409,Johannes BUTSCHER (Grn),skipped,skipped,skipped,skipped,skipped,3,6
410,Johannes BUTSCHER (Grn),skipped,skipped,skipped,skipped,skipped,3,6
411,Johannes BUTSCHER (Grn),skipped,skipped,skipped,skipped,skipped,3,6
412,Johannes BUTSCHER (Grn),skipped,skipped,skipped,skipped,skipped,3,6
413,Johannes BUTSCHER (Grn),skipped,skipped,skipped,skipped,skipped,3,6
414,Johannes BUTSCHER (Grn),skipped,skipped,skipped,skipped,skipped,3,6
415,Johannes BUTSCHER (Grn),skipped,skipped,skipped,skipped,skipped,3,6
416,Johannes BUTSCHER (Grn),skipped,skipped,skipped,skipped,skipped,3,6
417,Johannes BUTSCHER (Grn),skipped,skipped,skipped,skipped,skipped,3,6
418,Johannes BUTSCHER (Grn),skipped,skipped,skipped,skipped,skipped,3,6
419,Johannes BUTSCHER (Grn),skipped,skipped,skipped,skipped,skipped,3,6
420,Johannes BUTSCHER (Grn),skipped,skipped,skipped,skipped,skipped,3,6
421,Johannes BUTSCHER (Grn),skipped,skipped,skipped,skipped,skipped,3,6
422,Johannes BUTSCHER (Grn),skipped,skipped,skipped,skipped,skipped,3,6
423,Johannes BUTSCHER (Grn),skipped,skipped,skipped,skipped,skipped,3,6
424,Johannes BUTSCHER (Grn),skipped,skipped,skipped,skipped,skipped,3,6
425,Johannes BUTSCHER (Grn),skipped,skipped,skipped,skipped,skipped,3,6
426,Johannes BUTSCHER (Grn),skipped,skipped,skipped,skipped,skipped,3,6
427,Johannes BUTSCHER (Grn),Ian Alexander BROWN (LD),skipped,skipped,skipped,skipped,3,6
428,Johannes BUTSCHER (Grn),Ian Alexander BROWN (LD),skipped,skipped,skipped,skipped,3,6
429,Johannes BUTSCHER (Grn),Ian Alexander BROWN (LD),skipped,skipped,skipped,skipped,3,6
430,Johannes BUTSCHER (Grn),Ian Alexander BROWN (LD),skipped,skipped,skipped,skipped,3,6
431,Johannes BUTSCHER (Grn),Ian Alexander BROWN (LD),skipped,skipped,skipped,skipped,3,6
432,Johannes BUTSCHER (Grn),Ian Alexander BROWN (LD),skipped,skipped,skipped,skipped,3,6
433,Johannes BUTSCHER (Grn),Ian Alexander BROWN (LD),skipped,skipped,skipped,skipped,3,6
434,Johannes BUTSCHER (Grn),Ian Alexander BROWN (LD),skipped,skipped,skipped,skipped,3,6
435,Johannes BUTSCHER (Grn),Ian Alexander BROWN (LD),skipped,skipped,skipped,skipped,3,6
436,Johannes BUTSCHER (Grn),Ian Alexander BROWN (LD),skipped,skipped,skipped,skipped,3,6
437,Johannes BUTSCHER (Grn),Ian Alexander BROWN (LD),skipped,skipped,skipped,skipped,3,6
438,Johannes BUTSCHER (Grn),Ian Alexander BROWN (LD),skipped,skipped,skipped,skipped,3,6
439,Johannes BUTSCHER (Grn),Ian Alexander BROWN (LD),skipped,skipped,skipped,skipped,3,6
440,Johannes BUTSCHER (Grn),Ian Alexander BROWN (LD),skipped,skipped,skipped,skipped,3,6
441,Johannes BUTSCHER (Grn),Ian Alexander BROWN (LD),skipped,skipped,skipped,skipped,3,6
442,Johannes BUTSCHER (Grn),Ian Alexander BROWN (LD),skipped,skipped,skipped,skipped,3,6
443,Johannes BUTSCHER (Grn),Ian Alexander BROWN (LD),skipped,skipped,skipped,skipped,3,6
444,Johannes BUTSCHER (Grn),Ian Alexander BROWN (LD),skipped,skipped,skipped,skipped,3,6
445,Johannes BUTSCHER (Grn),Ian Alexander BROWN (LD),Danny GIBSON (Lab),skipped,skipped,skipped,3,6
446,Johannes BUTSCHER (Grn),Ian Alexander BROWN (LD),Danny GIBSON (Lab),skipped,skipped,skipped,3,6
447,Johannes BUTSCHER (Grn),Ian Alexander BROWN (LD),Danny GIBSON (Lab),skipped,skipped,skipped,3,6
448,Johannes BUTSCHER (Grn),Ian Alexander BROWN (LD),Danny GIBSON (Lab),Corrie MCCHORD (Lab),skipped,skipped,3,6
449,Johannes BUTSCHER (Grn),Ian Alexander BROWN (LD),Danny GIBSON (Lab),Corrie MCCHORD (Lab),Benjamin KERR (Con),Steven PATERSON (SNP),3,6
450,Johannes BUTSCHER (Grn),Ian Alexander BROWN (LD),Danny GIBSON (Lab),Corrie MCCHORD (Lab),Benjamin KERR (Con),Steven PATERSON (SNP),3,6
451,Johannes BUTSCHER (Grn),Ian Alexander BROWN (LD),Danny GIBSON (Lab),Steven PATERSON (SNP),Corrie MCCHORD (Lab),Benjamin KERR (Con),3,6
452,Johannes BUTSCHER (Grn),Ian Alexander BROWN (LD),Danny GIBSON (Lab),Steven PATERSON (SNP),Corrie MCCHORD (Lab),Benjamin KERR (Con),3,6
453,Johannes BUTSCHER (Grn),Ian Alexander BROWN (LD),Benjamin KERR (Con),skipped,skipped,skipped,3,6
454,Johannes BUTSCHER (Grn),Ian Alexander BROWN (LD),Benjamin KERR (Con),skipped,skipped,skipped,3,6
455,Johannes BUTSCHER (Grn),Ian Alexander BROWN (LD),Benjamin KERR (Con),skipped,skipped,skipped,3,6
456,Johannes BUTSCHER (Grn),Ian Alexander BROWN (LD),Benjamin KERR (Con),skipped,skipped,skipped,3,6
457,Johannes BUTSCHER (Grn),Ian Alexander BROWN (LD),Benjamin KERR (Con),Danny GIBSON (Lab),Corrie MCCHORD (Lab),Steven PATERSON (SNP),3,6
458,Johannes BUTSCHER (Grn),Ian Alexander BROWN (LD),Benjamin KERR (Con),Danny GIBSON (Lab),Corrie MCCHORD (Lab),Steven PATERSON (SNP),3,6
459,Johannes BUTSCHER (Grn),Ian Alexander BROWN (LD),Benjamin KERR (Con),Corrie MCCHORD (Lab),Danny GIBSON (Lab),Steven PATERSON (SNP),3,6
460,Johannes BUTSCHER (Grn),Ian Alexander BROWN (LD),Corrie MCCHORD (Lab),skipped,skipped,skipped,3,6
461,Johannes BUTSCHER (Grn),Ian Alexander BROWN (LD),Corrie MCCHORD (Lab),Danny GIBSON (Lab),skipped,skipped,3,6
462,Johannes BUTSCHER (Grn),Ian Alexander BROWN (LD),Corrie MCCHORD (Lab),Danny GIBSON (Lab),Benjamin KERR (Con),Steven PATERSON (SNP),3,6
463,Johannes BUTSCHER (Grn),Ian Alexander BROWN (LD),Corrie MCCHORD (Lab),Steven PATERSON (SNP),Danny GIBSON (Lab),skipped,3,6
464,Johannes BUTSCHER (Grn),Ian Alexander BROWN (LD),Steven PATERSON (SNP),skipped,skipped,skipped,3,6
465,Johannes BUTSCHER (Grn),Ian Alexander BROWN (LD),Steven PATERSON (SNP),skipped,skipped,skipped,3,6
466,Johannes BUTSCHER (Grn),Ian Alexander BROWN (LD),Steven PATERSON (SNP),skipped,skipped,skipped,3,6
467,Johannes BUTSCHER (Grn),Ian Alexander BROWN (LD),Steven PATERSON (SNP),skipped,skipped,skipped,3,6
468,Johannes BUTSCHER (Grn),Ian Alexander BROWN (LD),Steven PATERSON (SNP),skipped,skipped,skipped,3,6
469,Johannes BUTSCHER (Grn),Ian Alexander BROWN (LD),Steven PATERSON (SNP),skipped,skipped,skipped,3,6
470,Johannes BUTSCHER (Grn),Ian Alexander BROWN (LD),Steven PATERSON (SNP),skipped,skipped,skipped,3,6
471,Johannes BUTSCHER (Grn),Ian Alexander BROWN (LD),Steven PATERSON (SNP),skipped,skipped,skipped,3,6
472,Johannes BUTSCHER (Grn),Ian Alexander BROWN (LD),Steven PATERSON (SNP),Danny GIBSON (Lab),skipped,skipped,3,6
473,Johannes BUTSCHER (Grn),Ian Alexander BROWN (LD),Steven PATERSON (SNP),Danny GIBSON (Lab),Corrie MCCHORD (Lab),Benjamin KERR (Con),3,6
474,Johannes BUTSCHER (Grn),Ian Alexander BROWN (LD),Steven PATERSON (SNP),Danny GIBSON (Lab),Corrie MCCHORD (Lab),Benjamin KERR (Con),3,6
475,Johannes BUTSCHER (Grn),Danny GIBSON (Lab),skipped,skipped,skipped,skipped,3,6
476,Johannes BUTSCHER (Grn),Danny GIBSON (Lab),skipped,skipped,skipped,skipped,3,6
477,Johannes BUTSCHER (Grn),Danny GIBSON (Lab),skipped,skipped,skipped,skipped,3,6
478,Johannes BUTSCHER (Grn),Danny GIBSON (Lab),Ian Alexander BROWN (LD),Corrie MCCHORD (Lab),skipped,skipped,3,6
479,Johannes BUTSCHER (Grn),Danny GIBSON (Lab),Ian Alexander BROWN (LD),Corrie MCCHORD (Lab),Steven PATERSON (SNP),skipped,3,6
480,Johannes BUTSCHER (Grn),Danny GIBSON (Lab),Ian Alexander BROWN (LD),Corrie MCCHORD (Lab),Steven PATERSON (SNP),Benjamin KERR (Con),3,6
481,Johannes BUTSCHER (Grn),Danny GIBSON (Lab),Benjamin KERR (Con),skipped,skipped,skipped,3,6
482,Johannes BUTSCHER (Grn),Danny GIBSON (Lab),Corrie MCCHORD (Lab),skipped,skipped,skipped,3,6
483,Johannes BUTSCHER (Grn),Danny GIBSON (Lab),Corrie MCCHORD (Lab),skipped,skipped,skipped,3,6
484,Johannes BUTSCHER (Grn),Danny GIBSON (Lab),Corrie MCCHORD (Lab),skipped,skipped,skipped,3,6
485,Johannes BUTSCHER (Grn),Danny GIBSON (Lab),Corrie MCCHORD (Lab),skipped,skipped,skipped,3,6
486,Johannes BUTSCHER (Grn),Danny GIBSON (Lab),Corrie MCCHORD (Lab),skipped,skipped,skipped,3,6
487,Johannes BUTSCHER (Grn),Danny GIBSON (Lab),Corrie MCCHORD (Lab),skipped,skipped,skipped,3,6
488,Johannes BUTSCHER (Grn),Danny GIBSON (Lab),Corrie MCCHORD (Lab),skipped,skipped,skipped,3,6
489,Johannes BUTSCHER (Grn),Danny GIBSON (Lab),Corrie MCCHORD (Lab),Ian Alexander BROWN (LD),skipped,skipped,3,6
490,Johannes BUTSCHER (Grn),Danny GIBSON (Lab),Corrie MCCHORD (Lab),Ian Alexander BROWN (LD),Steven PATERSON (SNP),skipped,3,6
491,Johannes BUTSCHER (Grn),Danny GIBSON (Lab),Corrie MCCHORD (Lab),Ian Alexander BROWN (LD),Steven PATERSON (SNP),skipped,3,6
492,Johannes BUTSCHER (Grn),Danny GIBSON (Lab),Corrie MCCHORD (Lab),Ian Alexander BROWN (LD),Steven PATERSON (SNP),Benjamin KERR (Con),3,6
493,Johannes BUTSCHER (Grn),Danny GIBSON (Lab),Corrie MCCHORD (Lab),Ian Alexander BROWN (LD),Steven PATERSON (SNP),Benjamin KERR (Con),3,6
494,Johannes BUTSCHER (Grn),Danny GIBSON (Lab),Steven PATERSON (SNP),skipped,skipped,skipped,3,6
495,Johannes BUTSCHER (Grn),Danny GIBSON (Lab),Steven PATERSON (SNP),Ian Alexander BROWN (LD),Benjamin KERR (Con),skipped,3,6
496,Johannes BUTSCHER (Grn),Danny GIBSON (Lab),Steven PATERSON (SNP),Corrie MCCHORD (Lab),Ian Alexander BROWN (LD),Benjamin KERR (Con),3,6
497,Johannes BUTSCHER (Grn),Benjamin KERR (Con),skipped,skipped,skipped,skipped,3,6
498,Johannes BUTSCHER (Grn),Benjamin KERR (Con),skipped,skipped,skipped,skipped,3,6
499,Johannes BUTSCHER (Grn),Benjamin KERR (Con),Ian Alexander BROWN (LD),skipped,skipped,skipped,3,6
500,Johannes BUTSCHER (Grn),Benjamin KERR (Con),Ian Alexander BROWN (LD),skipped,skipped,skipped,3,6
501,Johannes BUTSCHER (Grn),Benjamin KERR (Con),Ian Alexander BROWN (LD),skipped,skipped,skipped,3,6
502,Johannes BUTSCHER (Grn),Benjamin KERR (Con),Ian Alexander BROWN (LD),Danny GIBSON (Lab),Corrie MCCHORD (Lab),Steven PATERSON (SNP),3,6
503,Johannes BUTSCHER (Grn),Benjamin KERR (Con),Danny GIBSON (Lab),skipped,skipped,skipped,3,6
504,Johannes BUTSCHER (Grn),Benjamin KERR (Con),Corrie MCCHORD (Lab),skipped,skipped,skipped,3,6
505,Johannes BUTSCHER (Grn),Benjamin KERR (Con),Steven PATERSON (SNP),skipped,skipped,skipped,3,6
506,Johannes BUTSCHER (Grn),Benjamin KERR (Con),Steven PATERSON (SNP),Ian Alexander BROWN (LD),Corrie MCCHORD (Lab),Danny GIBSON (Lab),3,6
507,Johannes BUTSCHER (Grn),Corrie MCCHORD (Lab),skipped,skipped,skipped,skipped,3,6
508,Johannes BUTSCHER (Grn),Corrie MCCHORD (Lab),skipped,skipped,skipped,skipped,3,6
509,Johannes BUTSCHER (Grn),Corrie MCCHORD (Lab),Ian Alexander BROWN (LD),Danny GIBSON (Lab),skipped,skipped,3,6
510,Johannes BUTSCHER (Grn),Corrie MCCHORD (Lab),Ian Alexander BROWN (LD),Danny GIBSON (Lab),skipped,skipped,3,6
511,Johannes BUTSCHER (Grn),Corrie MCCHORD (Lab),Danny GIBSON (Lab),skipped,skipped,skipped,3,6
512,Johannes BUTSCHER (Grn),Corrie MCCHORD (Lab),Danny GIBSON (Lab),skipped,skipped,skipped,3,6
513,Johannes BUTSCHER (Grn),Corrie MCCHORD (Lab),Danny GIBSON (Lab),skipped,skipped,skipped,3,6
514,Johannes BUTSCHER (Grn),Corrie MCCHORD (Lab),Danny GIBSON (Lab),Ian Alexander BROWN (LD),Benjamin KERR (Con),Steven PATERSON (SNP),3,6
515,Johannes BUTSCHER (Grn),Corrie MCCHORD (Lab),Danny GIBSON (Lab),Ian Alexander BROWN (LD),Steven PATERSON (SNP),Benjamin KERR (Con),3,6
516,Johannes BUTSCHER (Grn),Corrie MCCHORD (Lab),Danny GIBSON (Lab),Steven PATERSON (SNP),skipped,skipped,3,6
517,Johannes BUTSCHER (Grn),Corrie MCCHORD (Lab),Danny GIBSON (Lab),Steven PATERSON (SNP),Ian Alexander BROWN (LD),Benjamin KERR (Con),3,6
518,Johannes BUTSCHER (Grn),Corrie MCCHORD (Lab),Benjamin KERR (Con),skipped,skipped,skipped,3,6
519,Johannes BUTSCHER (Grn),Corrie MCCHORD (Lab),Steven PATERSON (SNP),skipped,skipped,skipped,3,6
520,Johannes BUTSCHER (Grn),Corrie MCCHORD (Lab),Steven PATERSON (SNP),skipped,skipped,skipped,3,6
521,Johannes BUTSCHER (Grn),Corrie MCCHORD (Lab),Steven PATERSON (SNP),skipped,skipped,skipped,3,6
522,Johannes BUTSCHER (Grn),Corrie MCCHORD (Lab),Steven PATERSON (SNP),skipped,skipped,skipped,3,6
523,Johannes BUTSCHER (Grn),Corrie MCCHORD (Lab),Steven PATERSON (SNP),Danny GIBSON (Lab),Ian Alexander BROWN (LD),Benjamin KERR (Con),3,6
524,Johannes BUTSCHER (Grn),Steven PATERSON (SNP),skipped,skipped,skipped,skipped,3,6
525,Johannes BUTSCHER (Grn),Steven PATERSON (SNP),skipped,skipped,skipped,skipped,3,6
526,Johannes BUTSCHER (Grn),Steven PATERSON (SNP),skipped,skipped,skipped,skipped,3,6
527,Johannes BUTSCHER (Grn),Steven PATERSON (SNP),skipped,skipped,skipped,skipped,3,6
528,Johannes BUTSCHER (Grn),Steven PATERSON (SNP),skipped,skipped,skipped,skipped,3,6
529,Johannes BUTSCHER (Grn),Steven PATERSON (SNP),skipped,skipped,skipped,skipped,3,6
530,Johannes BUTSCHER (Grn),Steven PATERSON (SNP),skipped,skipped,skipped,skipped,3,6
531,Johannes BUTSCHER (Grn),Steven PATERSON (SNP),skipped,skipped,skipped,skipped,3,6
532,Johannes BUTSCHER (Grn),Steven PATERSON (SNP),skipped,skipped,skipped,skipped,3,6
533,Johannes BUTSCHER (Grn),Steven PATERSON (SNP),skipped,skipped,skipped,skipped,3,6
534,Johannes BUTSCHER (Grn),Steven PATERSON (SNP),skipped,skipped,skipped,skipped,3,6
535,Johannes BUTSCHER (Grn),Steven PATERSON (SNP),Ian Alexander BROWN (LD),skipped,skipped,skipped,3,6
536,Johannes BUTSCHER (Grn),Steven PATERSON (SNP),Ian Alexander BROWN (LD),skipped,skipped,skipped,3,6
537,Johannes BUTSCHER (Grn),Steven PATERSON (SNP),Ian Alexander BROWN (LD),skipped,skipped,skipped,3,6
538,Johannes BUTSCHER (Grn),Steven PATERSON (SNP),Ian Alexander BROWN (LD),skipped,skipped,skipped,3,6
539,Johannes BUTSCHER (Grn),Steven PATERSON (SNP),Ian Alexander BROWN (LD),skipped,skipped,skipped,3,6
540,Johannes BUTSCHER (Grn),Steven PATERSON (SNP),Ian Alexander BROWN (LD),skipped,skipped,skipped,3,6
541,Johannes BUTSCHER (Grn),Steven PATERSON (SNP),Ian Alexander BROWN (LD),skipped,skipped,skipped,3,6
542,Johannes BUTSCHER (Grn),Steven PATERSON (SNP),Ian Alexander BROWN (LD),skipped,skipped,skipped,3,6
543,Johannes BUTSCHER (Grn),Steven PATERSON (SNP),Ian Alexander BROWN (LD),skipped,skipped,skipped,3,6
544,Johannes BUTSCHER (Grn),Steven PATERSON (SNP),Ian Alexander BROWN (LD),Corrie MCCHORD (Lab),Danny GIBSON (Lab),skipped,3,6
545,Johannes BUTSCHER (Grn),Steven PATERSON (SNP),Ian Alexander BROWN (LD),Corrie MCCHORD (Lab),Danny GIBSON (Lab),skipped,3,6
546,Johannes BUTSCHER (Grn),Steven PATERSON (SNP),Danny GIBSON (Lab),skipped,skipped,skipped,3,6
547,Johannes BUTSCHER (Grn),Steven PATERSON (SNP),Danny GIBSON (Lab),skipped,skipped,skipped,3,6
548,Johannes BUTSCHER (Grn),Steven PATERSON (SNP),Danny GIBSON (Lab),skipped,skipped,skipped,3,6
549,Johannes BUTSCHER (Grn),Steven PATERSON (SNP),Danny GIBSON (Lab),skipped,skipped,skipped,3,6
550,Johannes BUTSCHER (Grn),Steven PATERSON (SNP),Danny GIBSON (Lab),skipped,skipped,skipped,3,6
551,Johannes BUTSCHER (Grn),Steven PATERSON (SNP),Danny GIBSON (Lab),Ian Alexander BROWN (LD),skipped,skipped,3,6
552,Johannes BUTSCHER (Grn),Steven PATERSON (SNP),Danny GIBSON (Lab),Corrie MCCHORD (Lab),Ian Alexander BROWN (LD),skipped,3,6
553,Johannes BUTSCHER (Grn),Steven PATERSON (SNP),Danny GIBSON (Lab),Corrie MCCHORD (Lab),Ian Alexander BROWN (LD),Benjamin KERR (Con),3,6
554,Johannes BUTSCHER (Grn),Steven PATERSON (SNP),Corrie MCCHORD (Lab),skipped,skipped,skipped,3,6
555,Johannes BUTSCHER (Grn),Steven PATERSON (SNP),Corrie MCCHORD (Lab),Ian Alexander BROWN (LD),skipped,skipped,3,6
556,Johannes BUTSCHER (Grn),Steven PATERSON (SNP),Corrie MCCHORD (Lab),Danny GIBSON (Lab),skipped,skipped,3,6
557,Johannes BUTSCHER (Grn),Steven PATERSON (SNP),Corrie MCCHORD (Lab),Danny GIBSON (Lab),skipped,skipped,3,6
558,Johannes BUTSCHER (Grn),Steven PATERSON (SNP),Corrie MCCHORD (Lab),Danny GIBSON (Lab),skipped,skipped,3,6
559,Johannes BUTSCHER (Grn),Steven PATERSON (SNP),Corrie MCCHORD (Lab),Danny GIBSON (Lab),skipped,skipped,3,6
560,Johannes BUTSCHER (Grn),Steven PATERSON (SNP),Corrie MCCHORD (Lab),Danny GIBSON (Lab),skipped,skipped,3,6
561,Johannes BUTSCHER (Grn),Steven PATERSON (SNP),Corrie MCCHORD (Lab),Danny GIBSON (Lab),skipped,skipped,3,6
562,Johannes BUTSCHER (Grn),Steven PATERSON (SNP),Corrie MCCHORD (Lab),Danny GIBSON (Lab),skipped,skipped,3,6
563,Johannes BUTSCHER (Grn),Steven PATERSON (SNP),Corrie MCCHORD (Lab),Danny GIBSON (Lab),Ian Alexander BROWN (LD),Benjamin KERR (Con),3,6
564,Johannes BUTSCHER (Grn),Steven PATERSON (SNP),Corrie MCCHORD (Lab),Danny GIBSON (Lab),Benjamin KERR (Con),Ian Alexander BROWN (LD),3,6
565,Johannes BUTSCHER (Grn),Steven PATERSON (SNP),Corrie MCCHORD (Lab),Danny GIBSON (Lab),Benjamin KERR (Con),Ian Alexander BROWN (LD),3,6
566,Danny GIBSON (Lab),skipped,skipped,skipped,skipped,skipped,3,6
567,Danny GIBSON (Lab),skipped,skipped,skipped,skipped,skipped,3,6
568,Danny GIBSON (Lab),skipped,skipped,skipped,skipped,skipped,3,6
569,Danny GIBSON (Lab),skipped,skipped,skipped,skipped,skipped,3,6
570,Danny GIBSON (Lab),skipped,skipped,skipped,skipped,skipped,3,6
571,Danny GIBSON (Lab),skipped,skipped,skipped,skipped,skipped,3,6
572,Danny GIBSON (Lab),skipped,skipped,skipped,skipped,skipped,3,6
573,Danny GIBSON (Lab),skipped,skipped,skipped,skipped,skipped,3,6
574,Danny GIBSON (Lab),skipped,skipped,skipped,skipped,skipped,3,6
575,Danny GIBSON (Lab),skipped,skipped,skipped,skipped,skipped,3,6
576,Danny GIBSON (Lab),skipped,skipped,skipped,skipped,skipped,3,6
577,Danny GIBSON (Lab),skipped,skipped,skipped,skipped,skipped,3,6
578,Danny GIBSON (Lab),skipped,skipped,skipped,skipped,skipped,3,6
579,Danny GIBSON (Lab),skipped,skipped,skipped,skipped,skipped,3,6
580,Danny GIBSON (Lab),skipped,skipped,skipped,skipped,skipped,3,6
581,Danny GIBSON (Lab),skipped,skipped,skipped,skipped,skipped,3,6
582,Danny GIBSON (Lab),skipped,skipped,skipped,skipped,skipped,3,6
583,Danny GIBSON (Lab),skipped,skipped,skipped,skipped,skipped,3,6
584,Danny GIBSON (Lab),skipped,skipped,skipped,skipped,skipped,3,6
585,Danny GIBSON (Lab),skipped,skipped,skipped,skipped,skipped,3,6
586,Danny GIBSON (Lab),skipped,skipped,skipped,skipped,skipped,3,6
587,Danny GIBSON (Lab),skipped,skipped,skipped,skipped,skipped,3,6
588,Danny GIBSON (Lab),skipped,skipped,skipped,skipped,skipped,3,6
589,Danny GIBSON (Lab),skipped,skipped,skipped,skipped,skipped,3,6
590,Danny GIBSON (Lab),skipped,skipped,skipped,skipped,skipped,3,6
591,Danny GIBSON (Lab),skipped,skipped,skipped,skipped,skipped,3,6
592,Danny GIBSON (Lab),skipped,skipped,skipped,skipped,skipped,3,6
593,Danny GIBSON (Lab),skipped,skipped,skipped,skipped,skipped,3,6
594,Danny GIBSON (Lab),skipped,skipped,skipped,skipped,skipped,3,6
595,Danny GIBSON (Lab),skipped,skipped,skipped,skipped,skipped,3,6
596,Danny GIBSON (Lab),skipped,skipped,skipped,skipped,skipped,3,6
597,Danny GIBSON (Lab),skipped,skipped,skipped,skipped,skipped,3,6
598,Danny GIBSON (Lab),skipped,skipped,skipped,skipped,skipped,3,6
599,Danny GIBSON (Lab),skipped,skipped,skipped,skipped,skipped,3,6
600,Danny GIBSON (Lab),skipped,skipped,skipped,skipped,skipped,3,6
601,Danny GIBSON (Lab),skipped,skipped,skipped,skipped,skipped,3,6
602,Danny GIBSON (Lab),skipped,skipped,skipped,skipped,skipped,3,6
603,Danny GIBSON (Lab),skipped,skipped,skipped,skipped,skipped,3,6
604,Danny GIBSON (Lab),skipped,skipped,skipped,skipped,skipped,3,6
605,Danny GIBSON (Lab),skipped,skipped,skipped,skipped,skipped,3,6
606,Danny GIBSON (Lab),skipped,skipped,skipped,skipped,skipped,3,6
607,Danny GIBSON (Lab),skipped,skipped,skipped,skipped,skipped,3,6
608,Danny GIBSON (Lab),skipped,skipped,skipped,skipped,skipped,3,6
609,Danny GIBSON (Lab),skipped,skipped,skipped,skipped,skipped,3,6
610,Danny GIBSON (Lab),skipped,skipped,skipped,skipped,skipped,3,6
611,Danny GIBSON (Lab),skipped,skipped,skipped,skipped,skipped,3,6
612,Danny GIBSON (Lab),skipped,skipped,skipped,skipped,skipped,3,6
613,Danny GIBSON (Lab),skipped,skipped,skipped,skipped,skipped,3,6
614,Danny GIBSON (Lab),skipped,skipped,skipped,skipped,skipped,3,6
615,Danny GIBSON (Lab),skipped,skipped,skipped,skipped,skipped,3,6
616,Danny GIBSON (Lab),skipped,skipped,skipped,skipped,skipped,3,6
617,Danny GIBSON (Lab),skipped,skipped,skipped,skipped,skipped,3,6
618,Danny GIBSON (Lab),skipped,skipped,skipped,skipped,skipped,3,6
619,Danny GIBSON (Lab),skipped,skipped,skipped,skipped,skipped,3,6
620,Danny GIBSON (Lab),Ian Alexander BROWN (LD),skipped,skipped,skipped,skipped,3,6
621,Danny GIBSON (Lab),Ian Alexander BROWN (LD),skipped,skipped,skipped,skipped,3,6
622,Danny GIBSON (Lab),Ian Alexander BROWN (LD),skipped,skipped,skipped,skipped,3,6
623,Danny GIBSON (Lab),Ian Alexander BROWN (LD),skipped,skipped,skipped,skipped,3,6
624,Danny GIBSON (Lab),Ian Alexander BROWN (LD),skipped,skipped,skipped,skipped,3,6
625,Danny GIBSON (Lab),Ian Alexander BROWN (LD),skipped,skipped,skipped,skipped,3,6
626,Danny GIBSON (Lab),Ian Alexander BROWN (LD),Johannes BUTSCHER (Grn),skipped,skipped,skipped,3,6
627,Danny GIBSON (Lab),Ian Alexander BROWN (LD),Johannes BUTSCHER (Grn),skipped,skipped,skipped,3,6
628,Danny GIBSON (Lab),Ian Alexander BROWN (LD),Johannes BUTSCHER (Grn),skipped,skipped,skipped,3,6
629,Danny GIBSON (Lab),Ian Alexander BROWN (LD),Johannes BUTSCHER (Grn),skipped,skipped,skipped,3,6
630,Danny GIBSON (Lab),Ian Alexander BROWN (LD),Johannes BUTSCHER (Grn),skipped,skipped,skipped,3,6
631,Danny GIBSON (Lab),Ian Alexander BROWN (LD),Benjamin KERR (Con),Johannes BUTSCHER (Grn),skipped,skipped,3,6
632,Danny GIBSON (Lab),Ian Alexander BROWN (LD),Benjamin KERR (Con),Corrie MCCHORD (Lab),Johannes BUTSCHER (Grn),Steven PATERSON (SNP),3,6
633,Danny GIBSON (Lab),Ian Alexander BROWN (LD),Benjamin KERR (Con),Steven PATERSON (SNP),Johannes BUTSCHER (Grn),Corrie MCCHORD (Lab),3,6
634,Danny GIBSON (Lab),Ian Alexander BROWN (LD),Corrie MCCHORD (Lab),skipped,skipped,skipped,3,6
635,Danny GIBSON (Lab),Ian Alexander BROWN (LD),Corrie MCCHORD (Lab),skipped,skipped,skipped,3,6
636,Danny GIBSON (Lab),Ian Alexander BROWN (LD),Corrie MCCHORD (Lab),skipped,skipped,skipped,3,6
637,Danny GIBSON (Lab),Ian Alexander BROWN (LD),Corrie MCCHORD (Lab),skipped,skipped,skipped,3,6
638,Danny GIBSON (Lab),Ian Alexander BROWN (LD),Corrie MCCHORD (Lab),skipped,skipped,skipped,3,6
639,Danny GIBSON (Lab),Ian Alexander BROWN (LD),Corrie MCCHORD (Lab),skipped,skipped,skipped,3,6
640,Danny GIBSON (Lab),Ian Alexander BROWN (LD),Corrie MCCHORD (Lab),Benjamin KERR (Con),Johannes BUTSCHER (Grn),Steven PATERSON (SNP),3,6
641,Danny GIBSON (Lab),Ian Alexander BROWN (LD),Steven PATERSON (SNP),skipped,skipped,skipped,3,6
642,Danny GIBSON (Lab),Ian Alexander BROWN (LD),Steven PATERSON (SNP),skipped,skipped,skipped,3,6
643,Danny GIBSON (Lab),Ian Alexander BROWN (LD),Steven PATERSON (SNP),skipped,skipped,skipped,3,6
644,Danny GIBSON (Lab),Ian Alexander BROWN (LD),Steven PATERSON (SNP),Johannes BUTSCHER (Grn),Benjamin KERR (Con),Corrie MCCHORD (Lab),3,6
645,Danny GIBSON (Lab),Johannes BUTSCHER (Grn),skipped,skipped,skipped,skipped,3,6
646,Danny GIBSON (Lab),Johannes BUTSCHER (Grn),skipped,skipped,skipped,skipped,3,6
647,Danny GIBSON (Lab),Johannes BUTSCHER (Grn),Ian Alexander BROWN (LD),Corrie MCCHORD (Lab),skipped,skipped,3,6
648,Danny GIBSON (Lab),Johannes BUTSCHER (Grn),Ian Alexander BROWN (LD),Corrie MCCHORD (Lab),Benjamin KERR (Con),Steven PATERSON (SNP),3,6
649,Danny GIBSON (Lab),Johannes BUTSCHER (Grn),Benjamin KERR (Con),skipped,skipped,skipped,3,6
650,Danny GIBSON (Lab),Johannes BUTSCHER (Grn),Corrie MCCHORD (Lab),skipped,skipped,skipped,3,6
651,Danny GIBSON (Lab),Johannes BUTSCHER (Grn),Corrie MCCHORD (Lab),skipped,skipped,skipped,3,6
652,Danny GIBSON (Lab),Johannes BUTSCHER (Grn),Corrie MCCHORD (Lab),skipped,skipped,skipped,3,6
653,Danny GIBSON (Lab),Johannes BUTSCHER (Grn),Corrie MCCHORD (Lab),skipped,skipped,skipped,3,6
654,Danny GIBSON (Lab),Johannes BUTSCHER (Grn),Corrie MCCHORD (Lab),skipped,skipped,skipped,3,6
655,Danny GIBSON (Lab),Johannes BUTSCHER (Grn),Corrie MCCHORD (Lab),skipped,skipped,skipped,3,6
656,Danny GIBSON (Lab),Johannes BUTSCHER (Grn),Corrie MCCHORD (Lab),skipped,skipped,skipped,3,6
657,Danny GIBSON (Lab),Johannes BUTSCHER (Grn),Corrie MCCHORD (Lab),Ian Alexander BROWN (LD),Benjamin KERR (Con),Steven PATERSON (SNP),3,6
658,Danny GIBSON (Lab),Johannes BUTSCHER (Grn),Corrie MCCHORD (Lab),Ian Alexander BROWN (LD),Benjamin KERR (Con),Steven PATERSON (SNP),3,6
659,Danny GIBSON (Lab),Johannes BUTSCHER (Grn),Corrie MCCHORD (Lab),Steven PATERSON (SNP),skipped,skipped,3,6
660,Danny GIBSON (Lab),Johannes BUTSCHER (Grn),Corrie MCCHORD (Lab),Steven PATERSON (SNP),Ian Alexander BROWN (LD),skipped,3,6
661,Danny GIBSON (Lab),Johannes BUTSCHER (Grn),Corrie MCCHORD (Lab),Steven PATERSON (SNP),Ian Alexander BROWN (LD),Benjamin KERR (Con),3,6
662,Danny GIBSON (Lab),Johannes BUTSCHER (Grn),Corrie MCCHORD (Lab),Steven PATERSON (SNP),Benjamin KERR (Con),Ian Alexander BROWN (LD),3,6
663,Danny GIBSON (Lab),Johannes BUTSCHER (Grn),Steven PATERSON (SNP),skipped,skipped,skipped,3,6
664,Danny GIBSON (Lab),Johannes BUTSCHER (Grn),Steven PATERSON (SNP),skipped,skipped,skipped,3,6
665,Danny GIBSON (Lab),Johannes BUTSCHER (Grn),Steven PATERSON (SNP),Ian Alexander BROWN (LD),Corrie MCCHORD (Lab),Benjamin KERR (Con),3,6
666,Danny GIBSON (Lab),Benjamin KERR (Con),skipped,skipped,skipped,skipped,3,6
667,Danny GIBSON (Lab),Benjamin KERR (Con),skipped,skipped,skipped,skipped,3,6
668,Danny GIBSON (Lab),Benjamin KERR (Con),Ian Alexander BROWN (LD),skipped,skipped,skipped,3,6
669,Danny GIBSON (Lab),Benjamin KERR (Con),Ian Alexander BROWN (LD),skipped,skipped,skipped,3,6
670,Danny GIBSON (Lab),Benjamin KERR (Con),Ian Alexander BROWN (LD),Corrie MCCHORD (Lab),Steven PATERSON (SNP),Johannes BUTSCHER (Grn),3,6
671,Danny GIBSON (Lab),Benjamin KERR (Con),Ian Alexander BROWN (LD),Steven PATERSON (SNP),Corrie MCCHORD (Lab),Johannes BUTSCHER (Grn),3,6
672,Danny GIBSON (Lab),Benjamin KERR (Con),Ian Alexander BROWN (LD),Steven PATERSON (SNP),Corrie MCCHORD (Lab),Johannes BUTSCHER (Grn),3,6
673,Danny GIBSON (Lab),Benjamin KERR (Con),Corrie MCCHORD (Lab),skipped,skipped,skipped,3,6
674,Danny GIBSON (Lab),Benjamin KERR (Con),Corrie MCCHORD (Lab),skipped,skipped,skipped,3,6
675,Danny GIBSON (Lab),Benjamin KERR (Con),Corrie MCCHORD (Lab),skipped,skipped,skipped,3,6
676,Danny GIBSON (Lab),Benjamin KERR (Con),Corrie MCCHORD (Lab),skipped,skipped,skipped,3,6
677,Danny GIBSON (Lab),Benjamin KERR (Con),Corrie MCCHORD (Lab),skipped,skipped,skipped,3,6
678,Danny GIBSON (Lab),Benjamin KERR (Con),Corrie MCCHORD (Lab),Steven PATERSON (SNP),skipped,skipped,3,6
679,Danny GIBSON (Lab),Benjamin KERR (Con),Corrie MCCHORD (Lab),Steven PATERSON (SNP),skipped,skipped,3,6
680,Danny GIBSON (Lab),Corrie MCCHORD (Lab),skipped,skipped,skipped,skipped,3,6
681,Danny GIBSON (Lab),Corrie MCCHORD (Lab),skipped,skipped,skipped,skipped,3,6
682,Danny GIBSON (Lab),Corrie MCCHORD (Lab),skipped,skipped,skipped,skipped,3,6
683,Danny GIBSON (Lab),Corrie MCCHORD (Lab),skipped,skipped,skipped,skipped,3,6
684,Danny GIBSON (Lab),Corrie MCCHORD (Lab),skipped,skipped,skipped,skipped,3,6
685,Danny GIBSON (Lab),Corrie MCCHORD (Lab),skipped,skipped,skipped,skipped,3,6
686,Danny GIBSON (Lab),Corrie MCCHORD (Lab),skipped,skipped,skipped,skipped,3,6
687,Danny GIBSON (Lab),Corrie MCCHORD (Lab),skipped,skipped,skipped,skipped,3,6
688,Danny GIBSON (Lab),Corrie MCCHORD (Lab),skipped,skipped,skipped,skipped,3,6
689,Danny GIBSON (Lab),Corrie MCCHORD (Lab),skipped,skipped,skipped,skipped,3,6
690,Danny GIBSON (Lab),Corrie MCCHORD (Lab),skipped,skipped,skipped,skipped,3,6
691,Danny GIBSON (Lab),Corrie MCCHORD (Lab),skipped,skipped,skipped,skipped,3,6
692,Danny GIBSON (Lab),Corrie MCCHORD (Lab),skipped,skipped,skipped,skipped,3,6
693,Danny GIBSON (Lab),Corrie MCCHORD (Lab),skipped,skipped,skipped,skipped,3,6
694,Danny GIBSON (Lab),Corrie MCCHORD (Lab),skipped,skipped,skipped,skipped,3,6
695,Danny GIBSON (Lab),Corrie MCCHORD (Lab),skipped,skipped,skipped,skipped,3,6
696,Danny GIBSON (Lab),Corrie MCCHORD (Lab),skipped,skipped,skipped,skipped,3,6
697,Danny GIBSON (Lab),Corrie MCCHORD (Lab),skipped,skipped,skipped,skipped,3,6
698,Danny GIBSON (Lab),Corrie MCCHORD (Lab),skipped,skipped,skipped,skipped,3,6
699,Danny GIBSON (Lab),Corrie MCCHORD (Lab),skipped,skipped,skipped,skipped,3,6
700,Danny GIBSON (Lab),Corrie MCCHORD (Lab),skipped,skipped,skipped,skipped,3,6
701,Danny GIBSON (Lab),Corrie MCCHORD (Lab),skipped,skipped,skipped,skipped,3,6
702,Danny GIBSON (Lab),Corrie MCCHORD (Lab),skipped,skipped,skipped,skipped,3,6
703,Danny GIBSON (Lab),Corrie MCCHORD (Lab),skipped,skipped,skipped,skipped,3,6
704,Danny GIBSON (Lab),Corrie MCCHORD (Lab),skipped,skipped,skipped,skipped,3,6
705,Danny GIBSON (Lab),Corrie MCCHORD (Lab),skipped,skipped,skipped,skipped,3,6
706,Danny GIBSON (Lab),Corrie MCCHORD (Lab),skipped,skipped,skipped,skipped,3,6
707,Danny GIBSON (Lab),Corrie MCCHORD (Lab),skipped,skipped,skipped,skipped,3,6
708,Danny GIBSON (Lab),Corrie MCCHORD (Lab),skipped,skipped,skipped,skipped,3,6
709,Danny GIBSON (Lab),Corrie MCCHORD (Lab),skipped,skipped,skipped,skipped,3,6
710,Danny GIBSON (Lab),Corrie MCCHORD (Lab),skipped,skipped,skipped,skipped,3,6
711,Danny GIBSON (Lab),Corrie MCCHORD (Lab),skipped,skipped,skipped,skipped,3,6
712,Danny GIBSON (Lab),Corrie MCCHORD (Lab),skipped,skipped,skipped,skipped,3,6
713,Danny GIBSON (Lab),Corrie MCCHORD (Lab),skipped,skipped,skipped,skipped,3,6
714,Danny GIBSON (Lab),Corrie MCCHORD (Lab),skipped,skipped,skipped,skipped,3,6
715,Danny GIBSON (Lab),Corrie MCCHORD (Lab),skipped,skipped,skipped,skipped,3,6
716,Danny GIBSON (Lab),Corrie MCCHORD (Lab),skipped,skipped,skipped,skipped,3,6
717,Danny GIBSON (Lab),Corrie MCCHORD (Lab),skipped,skipped,skipped,skipped,3,6
718,Danny GIBSON (Lab),Corrie MCCHORD (Lab),skipped,skipped,skipped,skipped,3,6
719,Danny GIBSON (Lab),Corrie MCCHORD (Lab),skipped,skipped,skipped,skipped,3,6
720,Danny GIBSON (Lab),Corrie MCCHORD (Lab),skipped,skipped,skipped,skipped,3,6
721,Danny GIBSON (Lab),Corrie MCCHORD (Lab),skipped,skipped,skipped,skipped,3,6
722,Danny GIBSON (Lab),Corrie MCCHORD (Lab),skipped,skipped,skipped,skipped,3,6
723,Danny GIBSON (Lab),Corrie MCCHORD (Lab),skipped,skipped,skipped,skipped,3,6
724,Danny GIBSON (Lab),Corrie MCCHORD (Lab),skipped,skipped,skipped,skipped,3,6
725,Danny GIBSON (Lab),Corrie MCCHORD (Lab),skipped,skipped,skipped,skipped,3,6
726,Danny GIBSON (Lab),Corrie MCCHORD (Lab),skipped,skipped,skipped,skipped,3,6
727,Danny GIBSON (Lab),Corrie MCCHORD (Lab),skipped,skipped,skipped,skipped,3,6
728,Danny GIBSON (Lab),Corrie MCCHORD (Lab),skipped,skipped,skipped,skipped,3,6
729,Danny GIBSON (Lab),Corrie MCCHORD (Lab),skipped,skipped,skipped,skipped,3,6
730,Danny GIBSON (Lab),Corrie MCCHORD (Lab),skipped,skipped,skipped,skipped,3,6
731,Danny GIBSON (Lab),Corrie MCCHORD (Lab),skipped,skipped,skipped,skipped,3,6
732,Danny GIBSON (Lab),Corrie MCCHORD (Lab),skipped,skipped,skipped,skipped,3,6
733,Danny GIBSON (Lab),Corrie MCCHORD (Lab),skipped,skipped,skipped,skipped,3,6
734,Danny GIBSON (Lab),Corrie MCCHORD (Lab),skipped,skipped,skipped,skipped,3,6
735,Danny GIBSON (Lab),Corrie MCCHORD (Lab),skipped,skipped,skipped,skipped,3,6
736,Danny GIBSON (Lab),Corrie MCCHORD (Lab),skipped,skipped,skipped,skipped,3,6
737,Danny GIBSON (Lab),Corrie MCCHORD (Lab),skipped,skipped,skipped,skipped,3,6
738,Danny GIBSON (Lab),Corrie MCCHORD (Lab),skipped,skipped,skipped,skipped,3,6
739,Danny GIBSON (Lab),Corrie MCCHORD (Lab),skipped,skipped,skipped,skipped,3,6
740,Danny GIBSON (Lab),Corrie MCCHORD (Lab),skipped,skipped,skipped,skipped,3,6
741,Danny GIBSON (Lab),Corrie MCCHORD (Lab),skipped,skipped,skipped,skipped,3,6
742,Danny GIBSON (Lab),Corrie MCCHORD (Lab),skipped,skipped,skipped,skipped,3,6
743,Danny GIBSON (Lab),Corrie MCCHORD (Lab),skipped,skipped,skipped,skipped,3,6
744,Danny GIBSON (Lab),Corrie MCCHORD (Lab),skipped,skipped,skipped,skipped,3,6
745,Danny GIBSON (Lab),Corrie MCCHORD (Lab),skipped,skipped,skipped,skipped,3,6
746,Danny GIBSON (Lab),Corrie MCCHORD (Lab),skipped,skipped,skipped,skipped,3,6
747,Danny GIBSON (Lab),Corrie MCCHORD (Lab),skipped,skipped,skipped,skipped,3,6
748,Danny GIBSON (Lab),Corrie MCCHORD (Lab),skipped,skipped,skipped,skipped,3,6
749,Danny GIBSON (Lab),Corrie MCCHORD (Lab),skipped,skipped,skipped,skipped,3,6
750,Danny GIBSON (Lab),Corrie MCCHORD (Lab),skipped,skipped,skipped,skipped,3,6
751,Danny GIBSON (Lab),Corrie MCCHORD (Lab),skipped,skipped,skipped,skipped,3,6
752,Danny GIBSON (Lab),Corrie MCCHORD (Lab),skipped,skipped,skipped,skipped,3,6
753,Danny GIBSON (Lab),Corrie MCCHORD (Lab),skipped,skipped,skipped,skipped,3,6
754,Danny GIBSON (Lab),Corrie MCCHORD (Lab),skipped,skipped,skipped,skipped,3,6
755,Danny GIBSON (Lab),Corrie MCCHORD (Lab),skipped,skipped,skipped,skipped,3,6
756,Danny GIBSON (Lab),Corrie MCCHORD (Lab),skipped,skipped,skipped,skipped,3,6
757,Danny GIBSON (Lab),Corrie MCCHORD (Lab),skipped,skipped,skipped,skipped,3,6
758,Danny GIBSON (Lab),Corrie MCCHORD (Lab),skipped,skipped,skipped,skipped,3,6
759,Danny GIBSON (Lab),Corrie MCCHORD (Lab),skipped,skipped,skipped,skipped,3,6
760,Danny GIBSON (Lab),Corrie MCCHORD (Lab),skipped,skipped,skipped,skipped,3,6
761,Danny GIBSON (Lab),Corrie MCCHORD (Lab),skipped,skipped,skipped,skipped,3,6
762,Danny GIBSON (Lab),Corrie MCCHORD (Lab),skipped,skipped,skipped,skipped,3,6
763,Danny GIBSON (Lab),Corrie MCCHORD (Lab),skipped,skipped,skipped,skipped,3,6
764,Danny GIBSON (Lab),Corrie MCCHORD (Lab),skipped,skipped,skipped,skipped,3,6
765,Danny GIBSON (Lab),Corrie MCCHORD (Lab),skipped,skipped,skipped,skipped,3,6
766,Danny GIBSON (Lab),Corrie MCCHORD (Lab),skipped,skipped,skipped,skipped,3,6
767,Danny GIBSON (Lab),Corrie MCCHORD (Lab),skipped,skipped,skipped,skipped,3,6
768,Danny GIBSON (Lab),Corrie MCCHORD (Lab),skipped,skipped,skipped,skipped,3,6
769,Danny GIBSON (Lab),Corrie MCCHORD (Lab),skipped,skipped,skipped,skipped,3,6
770,Danny GIBSON (Lab),Corrie MCCHORD (Lab),skipped,skipped,skipped,skipped,3,6
771,Danny GIBSON (Lab),Corrie MCCHORD (Lab),skipped,skipped,skipped,skipped,3,6
772,Danny GIBSON (Lab),Corrie MCCHORD (Lab),skipped,skipped,skipped,skipped,3,6
773,Danny GIBSON (Lab),Corrie MCCHORD (Lab),skipped,skipped,skipped,skipped,3,6
774,Danny GIBSON (Lab),Corrie MCCHORD (Lab),skipped,skipped,skipped,skipped,3,6
775,Danny GIBSON (Lab),Corrie MCCHORD (Lab),skipped,skipped,skipped,skipped,3,6
776,Danny GIBSON (Lab),Corrie MCCHORD (Lab),skipped,skipped,skipped,skipped,3,6
777,Danny GIBSON (Lab),Corrie MCCHORD (Lab),skipped,skipped,skipped,skipped,3,6
778,Danny GIBSON (Lab),Corrie MCCHORD (Lab),skipped,skipped,skipped,skipped,3,6
779,Danny GIBSON (Lab),Corrie MCCHORD (Lab),skipped,skipped,skipped,skipped,3,6
780,Danny GIBSON (Lab),Corrie MCCHORD (Lab),skipped,skipped,skipped,skipped,3,6
781,Danny GIBSON (Lab),Corrie MCCHORD (Lab),skipped,skipped,skipped,skipped,3,6
782,Danny GIBSON (Lab),Corrie MCCHORD (Lab),skipped,skipped,skipped,skipped,3,6
783,Danny GIBSON (Lab),Corrie MCCHORD (Lab),skipped,skipped,skipped,skipped,3,6
784,Danny GIBSON (Lab),Corrie MCCHORD (Lab),skipped,skipped,skipped,skipped,3,6
785,Danny GIBSON (Lab),Corrie MCCHORD (Lab),skipped,skipped,skipped,skipped,3,6
786,Danny GIBSON (Lab),Corrie MCCHORD (Lab),skipped,skipped,skipped,skipped,3,6
787,Danny GIBSON (Lab),Corrie MCCHORD (Lab),skipped,skipped,skipped,skipped,3,6
788,Danny GIBSON (Lab),Corrie MCCHORD (Lab),skipped,skipped,skipped,skipped,3,6
789,Danny GIBSON (Lab),Corrie MCCHORD (Lab),skipped,skipped,skipped,skipped,3,6
790,Danny GIBSON (Lab),Corrie MCCHORD (Lab),skipped,skipped,skipped,skipped,3,6
791,Danny GIBSON (Lab),Corrie MCCHORD (Lab),skipped,skipped,skipped,skipped,3,6
792,Danny GIBSON (Lab),Corrie MCCHORD (Lab),skipped,skipped,skipped,skipped,3,6
793,Danny GIBSON (Lab),Corrie MCCHORD (Lab),skipped,skipped,skipped,skipped,3,6
794,Danny GIBSON (Lab),Corrie MCCHORD (Lab),skipped,skipped,skipped,skipped,3,6
795,Danny GIBSON (Lab),Corrie MCCHORD (Lab),skipped,skipped,skipped,skipped,3,6
796,Danny GIBSON (Lab),Corrie MCCHORD (Lab),skipped,skipped,skipped,skipped,3,6
797,Danny GIBSON (Lab),Corrie MCCHORD (Lab),skipped,skipped,skipped,skipped,3,6
798,Danny GIBSON (Lab),Corrie MCCHORD (Lab),skipped,skipped,skipped,skipped,3,6
799,Danny GIBSON (Lab),Corrie MCCHORD (Lab),skipped,skipped,skipped,skipped,3,6
800,Danny GIBSON (Lab),Corrie MCCHORD (Lab),skipped,skipped,skipped,skipped,3,6
801,Danny GIBSON (Lab),Corrie MCCHORD (Lab),skipped,skipped,skipped,skipped,3,6
802,Danny GIBSON (Lab),Corrie MCCHORD (Lab),skipped,skipped,skipped,skipped,3,6
803,Danny GIBSON (Lab),Corrie MCCHORD (Lab),skipped,skipped,skipped,skipped,3,6
804,Danny GIBSON (Lab),Corrie MCCHORD (Lab),skipped,skipped,skipped,skipped,3,6
805,Danny GIBSON (Lab),Corrie MCCHORD (Lab),skipped,skipped,skipped,skipped,3,6
806,Danny GIBSON (Lab),Corrie MCCHORD (Lab),skipped,skipped,skipped,skipped,3,6
807,Danny GIBSON (Lab),Corrie MCCHORD (Lab),skipped,skipped,skipped,skipped,3,6
808,Danny GIBSON (Lab),Corrie MCCHORD (Lab),skipped,skipped,skipped,skipped,3,6
809,Danny GIBSON (Lab),Corrie MCCHORD (Lab),skipped,skipped,skipped,skipped,3,6
810,Danny GIBSON (Lab),Corrie MCCHORD (Lab),skipped,skipped,skipped,skipped,3,6
811,Danny GIBSON (Lab),Corrie MCCHORD (Lab),skipped,skipped,skipped,skipped,3,6
812,Danny GIBSON (Lab),Corrie MCCHORD (Lab),skipped,skipped,skipped,skipped,3,6
813,Danny GIBSON (Lab),Corrie MCCHORD (Lab),skipped,skipped,skipped,skipped,3,6
814,Danny GIBSON (Lab),Corrie MCCHORD (Lab),skipped,skipped,skipped,skipped,3,6
815,Danny GIBSON (Lab),Corrie MCCHORD (Lab),skipped,skipped,skipped,skipped,3,6
816,Danny GIBSON (Lab),Corrie MCCHORD (Lab),skipped,skipped,skipped,skipped,3,6
817,Danny GIBSON (Lab),Corrie MCCHORD (Lab),skipped,skipped,skipped,skipped,3,6
818,Danny GIBSON (Lab),Corrie MCCHORD (Lab),skipped,skipped,skipped,skipped,3,6
819,Danny GIBSON (Lab),Corrie MCCHORD (Lab),skipped,skipped,skipped,skipped,3,6
820,Danny GIBSON (Lab),Corrie MCCHORD (Lab),skipped,skipped,skipped,skipped,3,6
821,Danny GIBSON (Lab),Corrie MCCHORD (Lab),skipped,skipped,skipped,skipped,3,6
822,Danny GIBSON (Lab),Corrie MCCHORD (Lab),skipped,skipped,skipped,skipped,3,6
823,Danny GIBSON (Lab),Corrie MCCHORD (Lab),skipped,skipped,skipped,skipped,3,6
824,Danny GIBSON (Lab),Corrie MCCHORD (Lab),skipped,skipped,skipped,skipped,3,6
825,Danny GIBSON (Lab),Corrie MCCHORD (Lab),skipped,skipped,skipped,skipped,3,6
826,Danny GIBSON (Lab),Corrie MCCHORD (Lab),skipped,skipped,skipped,skipped,3,6
827,Danny GIBSON (Lab),Corrie MCCHORD (Lab),skipped,skipped,skipped,skipped,3,6
828,Danny GIBSON (Lab),Corrie MCCHORD (Lab),skipped,skipped,skipped,skipped,3,6
829,Danny GIBSON (Lab),Corrie MCCHORD (Lab),skipped,skipped,skipped,skipped,3,6
830,Danny GIBSON (Lab),Corrie MCCHORD (Lab),skipped,skipped,skipped,skipped,3,6
831,Danny GIBSON (Lab),Corrie MCCHORD (Lab),skipped,skipped,skipped,skipped,3,6
832,Danny GIBSON (Lab),Corrie MCCHORD (Lab),skipped,skipped,skipped,skipped,3,6
833,Danny GIBSON (Lab),Corrie MCCHORD (Lab),skipped,skipped,skipped,skipped,3,6
834,Danny GIBSON (Lab),Corrie MCCHORD (Lab),skipped,skipped,skipped,skipped,3,6
835,Danny GIBSON (Lab),Corrie MCCHORD (Lab),skipped,skipped,skipped,skipped,3,6
836,Danny GIBSON (Lab),Corrie MCCHORD (Lab),skipped,skipped,skipped,skipped,3,6
837,Danny GIBSON (Lab),Corrie MCCHORD (Lab),skipped,skipped,skipped,skipped,3,6
838,Danny GIBSON (Lab),Corrie MCCHORD (Lab),skipped,skipped,skipped,skipped,3,6
839,Danny GIBSON (Lab),Corrie MCCHORD (Lab),skipped,skipped,skipped,skipped,3,6
840,Danny GIBSON (Lab),Corrie MCCHORD (Lab),skipped,skipped,skipped,skipped,3,6
841,Danny GIBSON (Lab),Corrie MCCHORD (Lab),skipped,skipped,skipped,skipped,3,6
842,Danny GIBSON (Lab),Corrie MCCHORD (Lab),skipped,skipped,skipped,skipped,3,6
843,Danny GIBSON (Lab),Corrie MCCHORD (Lab),skipped,skipped,skipped,skipped,3,6
844,Danny GIBSON (Lab),Corrie MCCHORD (Lab),skipped,skipped,skipped,skipped,3,6
845,Danny GIBSON (Lab),Corrie MCCHORD (Lab),skipped,skipped,skipped,skipped,3,6
846,Danny GIBSON (Lab),Corrie MCCHORD (Lab),skipped,skipped,skipped,skipped,3,6
847,Danny GIBSON (Lab),Corrie MCCHORD (Lab),skipped,skipped,skipped,skipped,3,6
848,Danny GIBSON (Lab),Corrie MCCHORD (Lab),skipped,skipped,skipped,skipped,3,6
849,Danny GIBSON (Lab),Corrie MCCHORD (Lab),skipped,skipped,skipped,skipped,3,6
850,Danny GIBSON (Lab),Corrie MCCHORD (Lab),skipped,skipped,skipped,skipped,3,6
851,Danny GIBSON (Lab),Corrie MCCHORD (Lab),skipped,skipped,skipped,skipped,3,6
852,Danny GIBSON (Lab),Corrie MCCHORD (Lab),skipped,skipped,skipped,skipped,3,6
853,Danny GIBSON (Lab),Corrie MCCHORD (Lab),skipped,skipped,skipped,skipped,3,6
854,Danny GIBSON (Lab),Corrie MCCHORD (Lab),skipped,skipped,skipped,skipped,3,6
855,Danny GIBSON (Lab),Corrie MCCHORD (Lab),skipped,skipped,skipped,skipped,3,6
856,Danny GIBSON (Lab),Corrie MCCHORD (Lab),skipped,skipped,skipped,skipped,3,6
857,Danny GIBSON (Lab),Corrie MCCHORD (Lab),skipped,skipped,skipped,skipped,3,6
858,Danny GIBSON (Lab),Corrie MCCHORD (Lab),skipped,skipped,skipped,skipped,3,6
859,Danny GIBSON (Lab),Corrie MCCHORD (Lab),skipped,skipped,skipped,skipped,3,6
860,Danny GIBSON (Lab),Corrie MCCHORD (Lab),skipped,skipped,skipped,skipped,3,6
861,Danny GIBSON (Lab),Corrie MCCHORD (Lab),skipped,skipped,skipped,skipped,3,6
862,Danny GIBSON (Lab),Corrie MCCHORD (Lab),skipped,skipped,skipped,skipped,3,6
863,Danny GIBSON (Lab),Corrie MCCHORD (Lab),skipped,skipped,skipped,skipped,3,6
864,Danny GIBSON (Lab),Corrie MCCHORD (Lab),skipped,skipped,skipped,skipped,3,6
865,Danny GIBSON (Lab),Corrie MCCHORD (Lab),skipped,skipped,skipped,skipped,3,6
866,Danny GIBSON (Lab),Corrie MCCHORD (Lab),skipped,skipped,skipped,skipped,3,6
867,Danny GIBSON (Lab),Corrie MCCHORD (Lab),skipped,skipped,skipped,skipped,3,6
868,Danny GIBSON (Lab),Corrie MCCHORD (Lab),skipped,skipped,skipped,skipped,3,6
869,Danny GIBSON (Lab),Corrie MCCHORD (Lab),skipped,skipped,skipped,skipped,3,6
870,Danny GIBSON (Lab),Corrie MCCHORD (Lab),skipped,skipped,skipped,skipped,3,6
871,Danny GIBSON (Lab),Corrie MCCHORD (Lab),skipped,skipped,skipped,skipped,3,6
872,Danny GIBSON (Lab),Corrie MCCHORD (Lab),skipped,skipped,skipped,skipped,3,6
873,Danny GIBSON (Lab),Corrie MCCHORD (Lab),skipped,skipped,skipped,skipped,3,6
874,Danny GIBSON (Lab),Corrie MCCHORD (Lab),skipped,skipped,skipped,skipped,3,6
875,Danny GIBSON (Lab),Corrie MCCHORD (Lab),skipped,skipped,skipped,skipped,3,6
876,Danny GIBSON (Lab),Corrie MCCHORD (Lab),skipped,skipped,skipped,skipped,3,6
877,Danny GIBSON (Lab),Corrie MCCHORD (Lab),skipped,skipped,skipped,skipped,3,6
878,Danny GIBSON (Lab),Corrie MCCHORD (Lab),skipped,skipped,skipped,skipped,3,6
879,Danny GIBSON (Lab),Corrie MCCHORD (Lab),skipped,skipped,skipped,skipped,3,6
880,Danny GIBSON (Lab),Corrie MCCHORD (Lab),skipped,skipped,skipped,skipped,3,6
881,Danny GIBSON (Lab),Corrie MCCHORD (Lab),skipped,skipped,skipped,skipped,3,6
882,Danny GIBSON (Lab),Corrie MCCHORD (Lab),skipped,skipped,skipped,skipped,3,6
883,Danny GIBSON (Lab),Corrie MCCHORD (Lab),skipped,skipped,skipped,skipped,3,6
884,Danny GIBSON (Lab),Corrie MCCHORD (Lab),skipped,skipped,skipped,skipped,3,6
885,Danny GIBSON (Lab),Corrie MCCHORD (Lab),skipped,skipped,skipped,skipped,3,6
886,Danny GIBSON (Lab),Corrie MCCHORD (Lab),skipped,skipped,skipped,skipped,3,6
887,Danny GIBSON (Lab),Corrie MCCHORD (Lab),skipped,skipped,skipped,skipped,3,6
888,Danny GIBSON (Lab),Corrie MCCHORD (Lab),skipped,skipped,skipped,skipped,3,6
889,Danny GIBSON (Lab),Corrie MCCHORD (Lab),skipped,skipped,skipped,skipped,3,6
890,Danny GIBSON (Lab),Corrie MCCHORD (Lab),skipped,skipped,skipped,skipped,3,6
891,Danny GIBSON (Lab),Corrie MCCHORD (Lab),skipped,skipped,skipped,skipped,3,6
892,Danny GIBSON (Lab),Corrie MCCHORD (Lab),skipped,skipped,skipped,skipped,3,6
893,Danny GIBSON (Lab),Corrie MCCHORD (Lab),skipped,skipped,skipped,skipped,3,6
894,Danny GIBSON (Lab),Corrie MCCHORD (Lab),skipped,skipped,skipped,skipped,3,6
895,Danny GIBSON (Lab),Corrie MCCHORD (Lab),skipped,skipped,skipped,skipped,3,6
896,Danny GIBSON (Lab),Corrie MCCHORD (Lab),skipped,skipped,skipped,skipped,3,6
897,Danny GIBSON (Lab),Corrie MCCHORD (Lab),skipped,skipped,skipped,skipped,3,6
898,Danny GIBSON (Lab),Corrie MCCHORD (Lab),skipped,skipped,skipped,skipped,3,6
899,Danny GIBSON (Lab),Corrie MCCHORD (Lab),skipped,skipped,skipped,skipped,3,6
900,Danny GIBSON (Lab),Corrie MCCHORD (Lab),skipped,skipped,skipped,skipped,3,6
901,Danny GIBSON (Lab),Corrie MCCHORD (Lab),skipped,skipped,skipped,skipped,3,6
902,Danny GIBSON (Lab),Corrie MCCHORD (Lab),skipped,skipped,skipped,skipped,3,6
903,Danny GIBSON (Lab),Corrie MCCHORD (Lab),skipped,skipped,skipped,skipped,3,6
904,Danny GIBSON (Lab),Corrie MCCHORD (Lab),skipped,skipped,skipped,skipped,3,6
905,Danny GIBSON (Lab),Corrie MCCHORD (Lab),skipped,skipped,skipped,skipped,3,6
906,Danny GIBSON (Lab),Corrie MCCHORD (Lab),skipped,skipped,skipped,skipped,3,6
907,Danny GIBSON (Lab),Corrie MCCHORD (Lab),skipped,skipped,skipped,skipped,3,6
908,Danny GIBSON (Lab),Corrie MCCHORD (Lab),skipped,skipped,skipped,skipped,3,6
909,Danny GIBSON (Lab),Corrie MCCHORD (Lab),skipped,skipped,skipped,skipped,3,6
910,Danny GIBSON (Lab),Corrie MCCHORD (Lab),skipped,skipped,skipped,skipped,3,6
911,Danny GIBSON (Lab),Corrie MCCHORD (Lab),skipped,skipped,skipped,skipped,3,6
912,Danny GIBSON (Lab),Corrie MCCHORD (Lab),skipped,skipped,skipped,skipped,3,6
913,Danny GIBSON (Lab),Corrie MCCHORD (Lab),skipped,skipped,skipped,skipped,3,6
914,Danny GIBSON (Lab),Corrie MCCHORD (Lab),skipped,skipped,skipped,skipped,3,6
915,Danny GIBSON (Lab),Corrie MCCHORD (Lab),skipped,skipped,skipped,skipped,3,6
916,Danny GIBSON (Lab),Corrie MCCHORD (Lab),skipped,skipped,skipped,skipped,3,6
917,Danny GIBSON (Lab),Corrie MCCHORD (Lab),skipped,skipped,skipped,skipped,3,6
918,Danny GIBSON (Lab),Corrie MCCHORD (Lab),skipped,skipped,skipped,skipped,3,6
919,Danny GIBSON (Lab),Corrie MCCHORD (Lab),skipped,skipped,skipped,skipped,3,6
920,Danny GIBSON (Lab),Corrie MCCHORD (Lab),skipped,skipped,skipped,skipped,3,6
921,Danny GIBSON (Lab),Corrie MCCHORD (Lab),skipped,skipped,skipped,skipped,3,6
922,Danny GIBSON (Lab),Corrie MCCHORD (Lab),skipped,skipped,skipped,skipped,3,6
923,Danny GIBSON (Lab),Corrie MCCHORD (Lab),skipped,skipped,skipped,skipped,3,6
924,Danny GIBSON (Lab),Corrie MCCHORD (Lab),skipped,skipped,skipped,skipped,3,6
925,Danny GIBSON (Lab),Corrie MCCHORD (Lab),skipped,skipped,skipped,skipped,3,6
926,Danny GIBSON (Lab),Corrie MCCHORD (Lab),skipped,skipped,skipped,skipped,3,6
927,Danny GIBSON (Lab),Corrie MCCHORD (Lab),skipped,skipped,skipped,skipped,3,6
928,Danny GIBSON (Lab),Corrie MCCHORD (Lab),skipped,skipped,skipped,skipped,3,6
929,Danny GIBSON (Lab),Corrie MCCHORD (Lab),skipped,skipped,skipped,skipped,3,6
930,Danny GIBSON (Lab),Corrie MCCHORD (Lab),skipped,skipped,skipped,skipped,3,6
931,Danny GIBSON (Lab),Corrie MCCHORD (Lab),skipped,skipped,skipped,skipped,3,6
932,Danny GIBSON (Lab),Corrie MCCHORD (Lab),skipped,skipped,skipped,skipped,3,6
933,Danny GIBSON (Lab),Corrie MCCHORD (Lab),skipped,skipped,skipped,skipped,3,6
934,Danny GIBSON (Lab),Corrie MCCHORD (Lab),skipped,skipped,skipped,skipped,3,6
935,Danny GIBSON (Lab),Corrie MCCHORD (Lab),skipped,skipped,skipped,skipped,3,6
936,Danny GIBSON (Lab),Corrie MCCHORD (Lab),skipped,skipped,skipped,skipped,3,6
937,Danny GIBSON (Lab),Corrie MCCHORD (Lab),skipped,skipped,skipped,skipped,3,6
938,Danny GIBSON (Lab),Corrie MCCHORD (Lab),skipped,skipped,skipped,skipped,3,6
939,Danny GIBSON (Lab),Corrie MCCHORD (Lab),skipped,skipped,skipped,skipped,3,6
940,Danny GIBSON (Lab),Corrie MCCHORD (Lab),skipped,skipped,skipped,skipped,3,6
941,Danny GIBSON (Lab),Corrie MCCHORD (Lab),skipped,skipped,skipped,skipped,3,6
942,Danny GIBSON (Lab),Corrie MCCHORD (Lab),skipped,skipped,skipped,skipped,3,6
943,Danny GIBSON (Lab),Corrie MCCHORD (Lab),skipped,skipped,skipped,skipped,3,6
944,Danny GIBSON (Lab),Corrie MCCHORD (Lab),skipped,skipped,skipped,skipped,3,6
945,Danny GIBSON (Lab),Corrie MCCHORD (Lab),skipped,skipped,skipped,skipped,3,6
946,Danny GIBSON (Lab),Corrie MCCHORD (Lab),skipped,skipped,skipped,skipped,3,6
947,Danny GIBSON (Lab),Corrie MCCHORD (Lab),skipped,skipped,skipped,skipped,3,6
948,Danny GIBSON (Lab),Corrie MCCHORD (Lab),skipped,skipped,skipped,skipped,3,6
949,Danny GIBSON (Lab),Corrie MCCHORD (Lab),skipped,skipped,skipped,skipped,3,6
950,Danny GIBSON (Lab),Corrie MCCHORD (Lab),skipped,skipped,skipped,skipped,3,6
951,Danny GIBSON (Lab),Corrie MCCHORD (Lab),skipped,skipped,skipped,skipped,3,6
952,Danny GIBSON (Lab),Corrie MCCHORD (Lab),skipped,skipped,skipped,skipped,3,6
953,Danny GIBSON (Lab),Corrie MCCHORD (Lab),skipped,skipped,skipped,skipped,3,6
954,Danny GIBSON (Lab),Corrie MCCHORD (Lab),skipped,skipped,skipped,skipped,3,6
955,Danny GIBSON (Lab),Corrie MCCHORD (Lab),skipped,skipped,skipped,skipped,3,6
956,Danny GIBSON (Lab),Corrie MCCHORD (Lab),skipped,skipped,skipped,skipped,3,6
957,Danny GIBSON (Lab),Corrie MCCHORD (Lab),skipped,skipped,skipped,skipped,3,6
958,Danny GIBSON (Lab),Corrie MCCHORD (Lab),skipped,skipped,skipped,skipped,3,6
959,Danny GIBSON (Lab),Corrie MCCHORD (Lab),skipped,skipped,skipped,skipped,3,6
960,Danny GIBSON (Lab),Corrie MCCHORD (Lab),skipped,skipped,skipped,skipped,3,6
961,Danny GIBSON (Lab),Corrie MCCHORD (Lab),skipped,skipped,skipped,skipped,3,6
962,Danny GIBSON (Lab),Corrie MCCHORD (Lab),skipped,skipped,skipped,skipped,3,6
963,Danny GIBSON (Lab),Corrie MCCHORD (Lab),skipped,skipped,skipped,skipped,3,6
964,Danny GIBSON (Lab),Corrie MCCHORD (Lab),skipped,skipped,skipped,skipped,3,6
965,Danny GIBSON (Lab),Corrie MCCHORD (Lab),skipped,skipped,skipped,skipped,3,6
966,Danny GIBSON (Lab),Corrie MCCHORD (Lab),skipped,skipped,skipped,skipped,3,6
967,Danny GIBSON (Lab),Corrie MCCHORD (Lab),skipped,skipped,skipped,skipped,3,6
968,Danny GIBSON (Lab),Corrie MCCHORD (Lab),skipped,skipped,skipped,skipped,3,6
969,Danny GIBSON (Lab),Corrie MCCHORD (Lab),skipped,skipped,skipped,skipped,3,6
970,Danny GIBSON (Lab),Corrie MCCHORD (Lab),skipped,skipped,skipped,skipped,3,6
971,Danny GIBSON (Lab),Corrie MCCHORD (Lab),skipped,skipped,skipped,skipped,3,6
972,Danny GIBSON (Lab),Corrie MCCHORD (Lab),skipped,skipped,skipped,skipped,3,6
973,Danny GIBSON (Lab),Corrie MCCHORD (Lab),skipped,skipped,skipped,skipped,3,6
974,Danny GIBSON (Lab),Corrie MCCHORD (Lab),skipped,skipped,skipped,skipped,3,6
975,Danny GIBSON (Lab),Corrie MCCHORD (Lab),skipped,skipped,skipped,skipped,3,6
976,Danny GIBSON (Lab),Corrie MCCHORD (Lab),skipped,skipped,skipped,skipped,3,6
977,Danny GIBSON (Lab),Corrie MCCHORD (Lab),skipped,skipped,skipped,skipped,3,6
978,Danny GIBSON (Lab),Corrie MCCHORD (Lab),skipped,skipped,skipped,skipped,3,6
979,Danny GIBSON (Lab),Corrie MCCHORD (Lab),skipped,skipped,skipped,skipped,3,6
980,Danny GIBSON (Lab),Corrie MCCHORD (Lab),skipped,skipped,skipped,skipped,3,6
981,Danny GIBSON (Lab),Corrie MCCHORD (Lab),skipped,skipped,skipped,skipped,3,6
982,Danny GIBSON (Lab),Corrie MCCHORD (Lab),skipped,skipped,skipped,skipped,3,6
983,Danny GIBSON (Lab),Corrie MCCHORD (Lab),skipped,skipped,skipped,skipped,3,6
984,Danny GIBSON (Lab),Corrie MCCHORD (Lab),skipped,skipped,skipped,skipped,3,6
985,Danny GIBSON (Lab),Corrie MCCHORD (Lab),skipped,skipped,skipped,skipped,3,6
986,Danny GIBSON (Lab),Corrie MCCHORD (Lab),skipped,skipped,skipped,skipped,3,6
987,Danny GIBSON (Lab),Corrie MCCHORD (Lab),skipped,skipped,skipped,skipped,3,6
988,Danny GIBSON (Lab),Corrie MCCHORD (Lab),skipped,skipped,skipped,skipped,3,6
989,Danny GIBSON (Lab),Corrie MCCHORD (Lab),skipped,skipped,skipped,skipped,3,6
990,Danny GIBSON (Lab),Corrie MCCHORD (Lab),skipped,skipped,skipped,skipped,3,6
991,Danny GIBSON (Lab),Corrie MCCHORD (Lab),skipped,skipped,skipped,skipped,3,6
992,Danny GIBSON (Lab),Corrie MCCHORD (Lab),skipped,skipped,skipped,skipped,3,6
993,Danny GIBSON (Lab),Corrie MCCHORD (Lab),skipped,skipped,skipped,skipped,3,6
994,Danny GIBSON (Lab),Corrie MCCHORD (Lab),skipped,skipped,skipped,skipped,3,6
995,Danny GIBSON (Lab),Corrie MCCHORD (Lab),skipped,skipped,skipped,skipped,3,6
996,Danny GIBSON (Lab),Corrie MCCHORD (Lab),skipped,skipped,skipped,skipped,3,6
997,Danny GIBSON (Lab),Corrie MCCHORD (Lab),skipped,skipped,skipped,skipped,3,6
998,Danny GIBSON (Lab),Corrie MCCHORD (Lab),skipped,skipped,skipped,skipped,3,6
999,Danny GIBSON (Lab),Corrie MCCHORD (Lab),skipped,skipped,skipped,skipped,3,6
1000,Danny GIBSON (Lab),Corrie MCCHORD (Lab),skipped,skipped,skipped,skipped,3,6
1001,Danny GIBSON (Lab),Corrie MCCHORD (Lab),skipped,skipped,skipped,skipped,3,6
1002,Danny GIBSON (Lab),Corrie MCCHORD (Lab),skipped,skipped,skipped,skipped,3,6
1003,Danny GIBSON (Lab),Corrie MCCHORD (Lab),skipped,skipped,skipped,skipped,3,6
1004,Danny GIBSON (Lab),Corrie MCCHORD (Lab),skipped,skipped,skipped,skipped,3,6
1005,Danny GIBSON (Lab),Corrie MCCHORD (Lab),skipped,skipped,skipped,skipped,3,6
1006,Danny GIBSON (Lab),Corrie MCCHORD (Lab),skipped,skipped,skipped,skipped,3,6
1007,Danny GIBSON (Lab),Corrie MCCHORD (Lab),skipped,skipped,skipped,skipped,3,6
1008,Danny GIBSON (Lab),Corrie MCCHORD (Lab),skipped,skipped,skipped,skipped,3,6
1009,Danny GIBSON (Lab),Corrie MCCHORD (Lab),skipped,skipped,skipped,skipped,3,6
1010,Danny GIBSON (Lab),Corrie MCCHORD (Lab),skipped,skipped,skipped,skipped,3,6
1011,Danny GIBSON (Lab),Corrie MCCHORD (Lab),skipped,skipped,skipped,skipped,3,6
1012,Danny GIBSON (Lab),Corrie MCCHORD (Lab),skipped,skipped,skipped,skipped,3,6
1013,Danny GIBSON (Lab),Corrie MCCHORD (Lab),skipped,skipped,skipped,skipped,3,6
1014,Danny GIBSON (Lab),Corrie MCCHORD (Lab),skipped,skipped,skipped,skipped,3,6
1015,Danny GIBSON (Lab),Corrie MCCHORD (Lab),skipped,skipped,skipped,skipped,3,6
1016,Danny GIBSON (Lab),Corrie MCCHORD (Lab),skipped,skipped,skipped,skipped,3,6
1017,Danny GIBSON (Lab),Corrie MCCHORD (Lab),skipped,skipped,skipped,skipped,3,6
1018,Danny GIBSON (Lab),Corrie MCCHORD (Lab),skipped,skipped,skipped,skipped,3,6
1019,Danny GIBSON (Lab),Corrie MCCHORD (Lab),skipped,skipped,skipped,skipped,3,6
1020,Danny GIBSON (Lab),Corrie MCCHORD (Lab),skipped,skipped,skipped,skipped,3,6
1021,Danny GIBSON (Lab),Corrie MCCHORD (Lab),skipped,skipped,skipped,skipped,3,6
1022,Danny GIBSON (Lab),Corrie MCCHORD (Lab),skipped,skipped,skipped,skipped,3,6
1023,Danny GIBSON (Lab),Corrie MCCHORD (Lab),skipped,skipped,skipped,skipped,3,6
1024,Danny GIBSON (Lab),Corrie MCCHORD (Lab),skipped,skipped,skipped,skipped,3,6
1025,Danny GIBSON (Lab),Corrie MCCHORD (Lab),skipped,skipped,skipped,skipped,3,6
1026,Danny GIBSON (Lab),Corrie MCCHORD (Lab),skipped,skipped,skipped,skipped,3,6
1027,Danny GIBSON (Lab),Corrie MCCHORD (Lab),skipped,skipped,skipped,skipped,3,6
1028,Danny GIBSON (Lab),Corrie MCCHORD (Lab),skipped,skipped,skipped,skipped,3,6
1029,Danny GIBSON (Lab),Corrie MCCHORD (Lab),skipped,skipped,skipped,skipped,3,6
1030,Danny GIBSON (Lab),Corrie MCCHORD (Lab),skipped,skipped,skipped,skipped,3,6
1031,Danny GIBSON (Lab),Corrie MCCHORD (Lab),skipped,skipped,skipped,skipped,3,6
1032,Danny GIBSON (Lab),Corrie MCCHORD (Lab),skipped,skipped,skipped,skipped,3,6
1033,Danny GIBSON (Lab),Corrie MCCHORD (Lab),skipped,skipped,skipped,skipped,3,6
1034,Danny GIBSON (Lab),Corrie MCCHORD (Lab),skipped,skipped,skipped,skipped,3,6
1035,Danny GIBSON (Lab),Corrie MCCHORD (Lab),skipped,skipped,skipped,skipped,3,6
1036,Danny GIBSON (Lab),Corrie MCCHORD (Lab),skipped,skipped,skipped,skipped,3,6
1037,Danny GIBSON (Lab),Corrie MCCHORD (Lab),skipped,skipped,skipped,skipped,3,6
1038,Danny GIBSON (Lab),Corrie MCCHORD (Lab),skipped,skipped,skipped,skipped,3,6
1039,Danny GIBSON (Lab),Corrie MCCHORD (Lab),skipped,skipped,skipped,skipped,3,6
1040,Danny GIBSON (Lab),Corrie MCCHORD (Lab),skipped,skipped,skipped,skipped,3,6
1041,Danny GIBSON (Lab),Corrie MCCHORD (Lab),skipped,skipped,skipped,skipped,3,6
1042,Danny GIBSON (Lab),Corrie MCCHORD (Lab),skipped,skipped,skipped,skipped,3,6
1043,Danny GIBSON (Lab),Corrie MCCHORD (Lab),skipped,skipped,skipped,skipped,3,6
1044,Danny GIBSON (Lab),Corrie MCCHORD (Lab),skipped,skipped,skipped,skipped,3,6
1045,Danny GIBSON (Lab),Corrie MCCHORD (Lab),skipped,skipped,skipped,skipped,3,6
1046,Danny GIBSON (Lab),Corrie MCCHORD (Lab),skipped,skipped,skipped,skipped,3,6
1047,Danny GIBSON (Lab),Corrie MCCHORD (Lab),skipped,skipped,skipped,skipped,3,6
1048,Danny GIBSON (Lab),Corrie MCCHORD (Lab),skipped,skipped,skipped,skipped,3,6
1049,Danny GIBSON (Lab),Corrie MCCHORD (Lab),skipped,skipped,skipped,skipped,3,6
1050,Danny GIBSON (Lab),Corrie MCCHORD (Lab),skipped,skipped,skipped,skipped,3,6
1051,Danny GIBSON (Lab),Corrie MCCHORD (Lab),skipped,skipped,skipped,skipped,3,6
1052,Danny GIBSON (Lab),Corrie MCCHORD (Lab),skipped,skipped,skipped,skipped,3,6
1053,Danny GIBSON (Lab),Corrie MCCHORD (Lab),skipped,skipped,skipped,skipped,3,6
1054,Danny GIBSON (Lab),Corrie MCCHORD (Lab),skipped,skipped,skipped,skipped,3,6
1055,Danny GIBSON (Lab),Corrie MCCHORD (Lab),skipped,skipped,skipped,skipped,3,6
1056,Danny GIBSON (Lab),Corrie MCCHORD (Lab),Ian Alexander BROWN (LD),skipped,skipped,skipped,3,6
1057,Danny GIBSON (Lab),Corrie MCCHORD (Lab),Ian Alexander BROWN (LD),skipped,skipped,skipped,3,6
1058,Danny GIBSON (Lab),Corrie MCCHORD (Lab),Ian Alexander BROWN (LD),skipped,skipped,skipped,3,6
1059,Danny GIBSON (Lab),Corrie MCCHORD (Lab),Ian Alexander BROWN (LD),skipped,skipped,skipped,3,6
1060,Danny GIBSON (Lab),Corrie MCCHORD (Lab),Ian Alexander BROWN (LD),skipped,skipped,skipped,3,6
1061,Danny GIBSON (Lab),Corrie MCCHORD (Lab),Ian Alexander BROWN (LD),skipped,skipped,skipped,3,6
1062,Danny GIBSON (Lab),Corrie MCCHORD (Lab),Ian Alexander BROWN (LD),skipped,skipped,skipped,3,6
1063,Danny GIBSON (Lab),Corrie MCCHORD (Lab),Ian Alexander BROWN (LD),skipped,skipped,skipped,3,6
1064,Danny GIBSON (Lab),Corrie MCCHORD (Lab),Ian Alexander BROWN (LD),skipped,skipped,skipped,3,6
1065,Danny GIBSON (Lab),Corrie MCCHORD (Lab),Ian Alexander BROWN (LD),skipped,skipped,skipped,3,6
1066,Danny GIBSON (Lab),Corrie MCCHORD (Lab),Ian Alexander BROWN (LD),skipped,skipped,skipped,3,6
1067,Danny GIBSON (Lab),Corrie MCCHORD (Lab),Ian Alexander BROWN (LD),skipped,skipped,skipped,3,6
1068,Danny GIBSON (Lab),Corrie MCCHORD (Lab),Ian Alexander BROWN (LD),skipped,skipped,skipped,3,6
1069,Danny GIBSON (Lab),Corrie MCCHORD (Lab),Ian Alexander BROWN (LD),skipped,skipped,skipped,3,6
1070,Danny GIBSON (Lab),Corrie MCCHORD (Lab),Ian Alexander BROWN (LD),skipped,skipped,skipped,3,6
1071,Danny GIBSON (Lab),Corrie MCCHORD (Lab),Ian Alexander BROWN (LD),skipped,skipped,skipped,3,6
1072,Danny GIBSON (Lab),Corrie MCCHORD (Lab),Ian Alexander BROWN (LD),skipped,skipped,skipped,3,6
1073,Danny GIBSON (Lab),Corrie MCCHORD (Lab),Ian Alexander BROWN (LD),skipped,skipped,skipped,3,6
1074,Danny GIBSON (Lab),Corrie MCCHORD (Lab),Ian Alexander BROWN (LD),skipped,skipped,skipped,3,6
1075,Danny GIBSON (Lab),Corrie MCCHORD (Lab),Ian Alexander BROWN (LD),skipped,skipped,skipped,3,6
1076,Danny GIBSON (Lab),Corrie MCCHORD (Lab),Ian Alexander BROWN (LD),skipped,skipped,skipped,3,6
1077,Danny GIBSON (Lab),Corrie MCCHORD (Lab),Ian Alexander BROWN (LD),skipped,skipped,skipped,3,6
1078,Danny GIBSON (Lab),Corrie MCCHORD (Lab),Ian Alexander BROWN (LD),skipped,skipped,skipped,3,6
1079,Danny GIBSON (Lab),Corrie MCCHORD (Lab),Ian Alexander BROWN (LD),skipped,skipped,skipped,3,6
1080,Danny GIBSON (Lab),Corrie MCCHORD (Lab),Ian Alexander BROWN (LD),skipped,skipped,skipped,3,6
1081,Danny GIBSON (Lab),Corrie MCCHORD (Lab),Ian Alexander BROWN (LD),skipped,skipped,skipped,3,6
1082,Danny GIBSON (Lab),Corrie MCCHORD (Lab),Ian Alexander BROWN (LD),skipped,skipped,skipped,3,6
1083,Danny GIBSON (Lab),Corrie MCCHORD (Lab),Ian Alexander BROWN (LD),skipped,skipped,skipped,3,6
1084,Danny GIBSON (Lab),Corrie MCCHORD (Lab),Ian Alexander BROWN (LD),skipped,skipped,skipped,3,6
1085,Danny GIBSON (Lab),Corrie MCCHORD (Lab),Ian Alexander BROWN (LD),skipped,skipped,skipped,3,6
1086,Danny GIBSON (Lab),Corrie MCCHORD (Lab),Ian Alexander BROWN (LD),skipped,skipped,skipped,3,6
1087,Danny GIBSON (Lab),Corrie MCCHORD (Lab),Ian Alexander BROWN (LD),skipped,skipped,skipped,3,6
1088,Danny GIBSON (Lab),Corrie MCCHORD (Lab),Ian Alexander BROWN (LD),skipped,skipped,skipped,3,6
1089,Danny GIBSON (Lab),Corrie MCCHORD (Lab),Ian Alexander BROWN (LD),skipped,skipped,skipped,3,6
1090,Danny GIBSON (Lab),Corrie MCCHORD (Lab),Ian Alexander BROWN (LD),skipped,skipped,skipped,3,6
1091,Danny GIBSON (Lab),Corrie MCCHORD (Lab),Ian Alexander BROWN (LD),skipped,skipped,skipped,3,6
1092,Danny GIBSON (Lab),Corrie MCCHORD (Lab),Ian Alexander BROWN (LD),skipped,skipped,skipped,3,6
1093,Danny GIBSON (Lab),Corrie MCCHORD (Lab),Ian Alexander BROWN (LD),skipped,skipped,skipped,3,6
1094,Danny GIBSON (Lab),Corrie MCCHORD (Lab),Ian Alexander BROWN (LD),skipped,skipped,skipped,3,6
1095,Danny GIBSON (Lab),Corrie MCCHORD (Lab),Ian Alexander BROWN (LD),skipped,skipped,skipped,3,6
1096,Danny GIBSON (Lab),Corrie MCCHORD (Lab),Ian Alexander BROWN (LD),skipped,skipped,skipped,3,6
1097,Danny GIBSON (Lab),Corrie MCCHORD (Lab),Ian Alexander BROWN (LD),skipped,skipped,skipped,3,6
1098,Danny GIBSON (Lab),Corrie MCCHORD (Lab),Ian Alexander BROWN (LD),Johannes BUTSCHER (Grn),skipped,skipped,3,6
1099,Danny GIBSON (Lab),Corrie MCCHORD (Lab),Ian Alexander BROWN (LD),Johannes BUTSCHER (Grn),skipped,skipped,3,6
1100,Danny GIBSON (Lab),Corrie MCCHORD (Lab),Ian Alexander BROWN (LD),Johannes BUTSCHER (Grn),skipped,skipped,3,6
1101,Danny GIBSON (Lab),Corrie MCCHORD (Lab),Ian Alexander BROWN (LD),Johannes BUTSCHER (Grn),skipped,skipped,3,6
1102,Danny GIBSON (Lab),Corrie MCCHORD (Lab),Ian Alexander BROWN (LD),Johannes BUTSCHER (Grn),skipped,skipped,3,6
1103,Danny GIBSON (Lab),Corrie MCCHORD (Lab),Ian Alexander BROWN (LD),Johannes BUTSCHER (Grn),Benjamin KERR (Con),skipped,3,6
1104,Danny GIBSON (Lab),Corrie MCCHORD (Lab),Ian Alexander BROWN (LD),Johannes BUTSCHER (Grn),Benjamin KERR (Con),skipped,3,6
1105,Danny GIBSON (Lab),Corrie MCCHORD (Lab),Ian Alexander BROWN (LD),Johannes BUTSCHER (Grn),Benjamin KERR (Con),Steven PATERSON (SNP),3,6
1106,Danny GIBSON (Lab),Corrie MCCHORD (Lab),Ian Alexander BROWN (LD),Johannes BUTSCHER (Grn),Benjamin KERR (Con),Steven PATERSON (SNP),3,6
1107,Danny GIBSON (Lab),Corrie MCCHORD (Lab),Ian Alexander BROWN (LD),Johannes BUTSCHER (Grn),Benjamin KERR (Con),Steven PATERSON (SNP),3,6
1108,Danny GIBSON (Lab),Corrie MCCHORD (Lab),Ian Alexander BROWN (LD),Johannes BUTSCHER (Grn),Benjamin KERR (Con),Steven PATERSON (SNP),3,6
1109,Danny GIBSON (Lab),Corrie MCCHORD (Lab),Ian Alexander BROWN (LD),Johannes BUTSCHER (Grn),Benjamin KERR (Con),Steven PATERSON (SNP),3,6
1110,Danny GIBSON (Lab),Corrie MCCHORD (Lab),Ian Alexander BROWN (LD),Johannes BUTSCHER (Grn),Steven PATERSON (SNP),skipped,3,6
1111,Danny GIBSON (Lab),Corrie MCCHORD (Lab),Ian Alexander BROWN (LD),Johannes BUTSCHER (Grn),Steven PATERSON (SNP),Benjamin KERR (Con),3,6
1112,Danny GIBSON (Lab),Corrie MCCHORD (Lab),Ian Alexander BROWN (LD),Benjamin KERR (Con),skipped,skipped,3,6
1113,Danny GIBSON (Lab),Corrie MCCHORD (Lab),Ian Alexander BROWN (LD),Benjamin KERR (Con),skipped,skipped,3,6
1114,Danny GIBSON (Lab),Corrie MCCHORD (Lab),Ian Alexander BROWN (LD),Benjamin KERR (Con),skipped,skipped,3,6
1115,Danny GIBSON (Lab),Corrie MCCHORD (Lab),Ian Alexander BROWN (LD),Benjamin KERR (Con),Johannes BUTSCHER (Grn),skipped,3,6
1116,Danny GIBSON (Lab),Corrie MCCHORD (Lab),Ian Alexander BROWN (LD),Benjamin KERR (Con),Johannes BUTSCHER (Grn),skipped,3,6
1117,Danny GIBSON (Lab),Corrie MCCHORD (Lab),Ian Alexander BROWN (LD),Benjamin KERR (Con),Johannes BUTSCHER (Grn),Steven PATERSON (SNP),3,6
1118,Danny GIBSON (Lab),Corrie MCCHORD (Lab),Ian Alexander BROWN (LD),Benjamin KERR (Con),Johannes BUTSCHER (Grn),Steven PATERSON (SNP),3,6
1119,Danny GIBSON (Lab),Corrie MCCHORD (Lab),Ian Alexander BROWN (LD),Benjamin KERR (Con),Johannes BUTSCHER (Grn),Steven PATERSON (SNP),3,6
1120,Danny GIBSON (Lab),Corrie MCCHORD (Lab),Ian Alexander BROWN (LD),Steven PATERSON (SNP),skipped,skipped,3,6
1121,Danny GIBSON (Lab),Corrie MCCHORD (Lab),Ian Alexander BROWN (LD),Steven PATERSON (SNP),Johannes BUTSCHER (Grn),skipped,3,6
1122,Danny GIBSON (Lab),Corrie MCCHORD (Lab),Ian Alexander BROWN (LD),Steven PATERSON (SNP),Johannes BUTSCHER (Grn),Benjamin KERR (Con),3,6
1123,Danny GIBSON (Lab),Corrie MCCHORD (Lab),Ian Alexander BROWN (LD),Steven PATERSON (SNP),Johannes BUTSCHER (Grn),Benjamin KERR (Con),3,6
1124,Danny GIBSON (Lab),Corrie MCCHORD (Lab),Ian Alexander BROWN (LD),Steven PATERSON (SNP),Benjamin KERR (Con),Johannes BUTSCHER (Grn),3,6
1125,Danny GIBSON (Lab),Corrie MCCHORD (Lab),Johannes BUTSCHER (Grn),skipped,skipped,skipped,3,6
1126,Danny GIBSON (Lab),Corrie MCCHORD (Lab),Johannes BUTSCHER (Grn),skipped,skipped,skipped,3,6
1127,Danny GIBSON (Lab),Corrie MCCHORD (Lab),Johannes BUTSCHER (Grn),skipped,skipped,skipped,3,6
1128,Danny GIBSON (Lab),Corrie MCCHORD (Lab),Johannes BUTSCHER (Grn),skipped,skipped,skipped,3,6
1129,Danny GIBSON (Lab),Corrie MCCHORD (Lab),Johannes BUTSCHER (Grn),skipped,skipped,skipped,3,6
1130,Danny GIBSON (Lab),Corrie MCCHORD (Lab),Johannes BUTSCHER (Grn),skipped,skipped,skipped,3,6
1131,Danny GIBSON (Lab),Corrie MCCHORD (Lab),Johannes BUTSCHER (Grn),skipped,skipped,skipped,3,6
1132,Danny GIBSON (Lab),Corrie MCCHORD (Lab),Johannes BUTSCHER (Grn),skipped,skipped,skipped,3,6
1133,Danny GIBSON (Lab),Corrie MCCHORD (Lab),Johannes BUTSCHER (Grn),skipped,skipped,skipped,3,6
1134,Danny GIBSON (Lab),Corrie MCCHORD (Lab),Johannes BUTSCHER (Grn),skipped,skipped,skipped,3,6
1135,Danny GIBSON (Lab),Corrie MCCHORD (Lab),Johannes BUTSCHER (Grn),skipped,skipped,skipped,3,6
1136,Danny GIBSON (Lab),Corrie MCCHORD (Lab),Johannes BUTSCHER (Grn),skipped,skipped,skipped,3,6
1137,Danny GIBSON (Lab),Corrie MCCHORD (Lab),Johannes BUTSCHER (Grn),skipped,skipped,skipped,3,6
1138,Danny GIBSON (Lab),Corrie MCCHORD (Lab),Johannes BUTSCHER (Grn),skipped,skipped,skipped,3,6
1139,Danny GIBSON (Lab),Corrie MCCHORD (Lab),Johannes BUTSCHER (Grn),skipped,skipped,skipped,3,6
1140,Danny GIBSON (Lab),Corrie MCCHORD (Lab),Johannes BUTSCHER (Grn),skipped,skipped,skipped,3,6
1141,Danny GIBSON (Lab),Corrie MCCHORD (Lab),Johannes BUTSCHER (Grn),skipped,skipped,skipped,3,6
1142,Danny GIBSON (Lab),Corrie MCCHORD (Lab),Johannes BUTSCHER (Grn),skipped,skipped,skipped,3,6
1143,Danny GIBSON (Lab),Corrie MCCHORD (Lab),Johannes BUTSCHER (Grn),skipped,skipped,skipped,3,6
1144,Danny GIBSON (Lab),Corrie MCCHORD (Lab),Johannes BUTSCHER (Grn),skipped,skipped,skipped,3,6
1145,Danny GIBSON (Lab),Corrie MCCHORD (Lab),Johannes BUTSCHER (Grn),skipped,skipped,skipped,3,6
1146,Danny GIBSON (Lab),Corrie MCCHORD (Lab),Johannes BUTSCHER (Grn),skipped,skipped,skipped,3,6
1147,Danny GIBSON (Lab),Corrie MCCHORD (Lab),Johannes BUTSCHER (Grn),skipped,skipped,skipped,3,6
1148,Danny GIBSON (Lab),Corrie MCCHORD (Lab),Johannes BUTSCHER (Grn),skipped,skipped,skipped,3,6
1149,Danny GIBSON (Lab),Corrie MCCHORD (Lab),Johannes BUTSCHER (Grn),skipped,skipped,skipped,3,6
1150,Danny GIBSON (Lab),Corrie MCCHORD (Lab),Johannes BUTSCHER (Grn),skipped,skipped,skipped,3,6
1151,Danny GIBSON (Lab),Corrie MCCHORD (Lab),Johannes BUTSCHER (Grn),skipped,skipped,skipped,3,6
1152,Danny GIBSON (Lab),Corrie MCCHORD (Lab),Johannes BUTSCHER (Grn),skipped,skipped,skipped,3,6
1153,Danny GIBSON (Lab),Corrie MCCHORD (Lab),Johannes BUTSCHER (Grn),skipped,skipped,skipped,3,6
1154,Danny GIBSON (Lab),Corrie MCCHORD (Lab),Johannes BUTSCHER (Grn),skipped,skipped,skipped,3,6
1155,Danny GIBSON (Lab),Corrie MCCHORD (Lab),Johannes BUTSCHER (Grn),skipped,skipped,skipped,3,6
1156,Danny GIBSON (Lab),Corrie MCCHORD (Lab),Johannes BUTSCHER (Grn),skipped,skipped,skipped,3,6
1157,Danny GIBSON (Lab),Corrie MCCHORD (Lab),Johannes BUTSCHER (Grn),skipped,skipped,skipped,3,6
1158,Danny GIBSON (Lab),Corrie MCCHORD (Lab),Johannes BUTSCHER (Grn),skipped,skipped,skipped,3,6
1159,Danny GIBSON (Lab),Corrie MCCHORD (Lab),Johannes BUTSCHER (Grn),skipped,skipped,skipped,3,6
1160,Danny GIBSON (Lab),Corrie MCCHORD (Lab),Johannes BUTSCHER (Grn),skipped,skipped,skipped,3,6
1161,Danny GIBSON (Lab),Corrie MCCHORD (Lab),Johannes BUTSCHER (Grn),skipped,skipped,skipped,3,6
1162,Danny GIBSON (Lab),Corrie MCCHORD (Lab),Johannes BUTSCHER (Grn),skipped,skipped,skipped,3,6
1163,Danny GIBSON (Lab),Corrie MCCHORD (Lab),Johannes BUTSCHER (Grn),skipped,skipped,skipped,3,6
1164,Danny GIBSON (Lab),Corrie MCCHORD (Lab),Johannes BUTSCHER (Grn),skipped,skipped,skipped,3,6
1165,Danny GIBSON (Lab),Corrie MCCHORD (Lab),Johannes BUTSCHER (Grn),skipped,skipped,skipped,3,6
1166,Danny GIBSON (Lab),Corrie MCCHORD (Lab),Johannes BUTSCHER (Grn),skipped,skipped,skipped,3,6
1167,Danny GIBSON (Lab),Corrie MCCHORD (Lab),Johannes BUTSCHER (Grn),skipped,skipped,skipped,3,6
1168,Danny GIBSON (Lab),Corrie MCCHORD (Lab),Johannes BUTSCHER (Grn),skipped,skipped,skipped,3,6
1169,Danny GIBSON (Lab),Corrie MCCHORD (Lab),Johannes BUTSCHER (Grn),skipped,skipped,skipped,3,6
1170,Danny GIBSON (Lab),Corrie MCCHORD (Lab),Johannes BUTSCHER (Grn),skipped,skipped,skipped,3,6
1171,Danny GIBSON (Lab),Corrie MCCHORD (Lab),Johannes BUTSCHER (Grn),skipped,skipped,skipped,3,6
1172,Danny GIBSON (Lab),Corrie MCCHORD (Lab),Johannes BUTSCHER (Grn),skipped,skipped,skipped,3,6
1173,Danny GIBSON (Lab),Corrie MCCHORD (Lab),Johannes BUTSCHER (Grn),skipped,skipped,skipped,3,6
1174,Danny GIBSON (Lab),Corrie MCCHORD (Lab),Johannes BUTSCHER (Grn),skipped,skipped,skipped,3,6
1175,Danny GIBSON (Lab),Corrie MCCHORD (Lab),Johannes BUTSCHER (Grn),skipped,skipped,skipped,3,6
1176,Danny GIBSON (Lab),Corrie MCCHORD (Lab),Johannes BUTSCHER (Grn),skipped,skipped,skipped,3,6
1177,Danny GIBSON (Lab),Corrie MCCHORD (Lab),Johannes BUTSCHER (Grn),skipped,skipped,skipped,3,6
1178,Danny GIBSON (Lab),Corrie MCCHORD (Lab),Johannes BUTSCHER (Grn),skipped,skipped,skipped,3,6
1179,Danny GIBSON (Lab),Corrie MCCHORD (Lab),Johannes BUTSCHER (Grn),skipped,skipped,skipped,3,6
1180,Danny GIBSON (Lab),Corrie MCCHORD (Lab),Johannes BUTSCHER (Grn),skipped,skipped,skipped,3,6
1181,Danny GIBSON (Lab),Corrie MCCHORD (Lab),Johannes BUTSCHER (Grn),skipped,skipped,skipped,3,6
1182,Danny GIBSON (Lab),Corrie MCCHORD (Lab),Johannes BUTSCHER (Grn),skipped,skipped,skipped,3,6
1183,Danny GIBSON (Lab),Corrie MCCHORD (Lab),Johannes BUTSCHER (Grn),skipped,skipped,skipped,3,6
1184,Danny GIBSON (Lab),Corrie MCCHORD (Lab),Johannes BUTSCHER (Grn),skipped,skipped,skipped,3,6
1185,Danny GIBSON (Lab),Corrie MCCHORD (Lab),Johannes BUTSCHER (Grn),skipped,skipped,skipped,3,6
1186,Danny GIBSON (Lab),Corrie MCCHORD (Lab),Johannes BUTSCHER (Grn),Ian Alexander BROWN (LD),skipped,skipped,3,6
1187,Danny GIBSON (Lab),Corrie MCCHORD (Lab),Johannes BUTSCHER (Grn),Ian Alexander BROWN (LD),skipped,skipped,3,6
1188,Danny GIBSON (Lab),Corrie MCCHORD (Lab),Johannes BUTSCHER (Grn),Ian Alexander BROWN (LD),skipped,skipped,3,6
1189,Danny GIBSON (Lab),Corrie MCCHORD (Lab),Johannes BUTSCHER (Grn),Ian Alexander BROWN (LD),skipped,skipped,3,6
1190,Danny GIBSON (Lab),Corrie MCCHORD (Lab),Johannes BUTSCHER (Grn),Ian Alexander BROWN (LD),skipped,skipped,3,6
1191,Danny GIBSON (Lab),Corrie MCCHORD (Lab),Johannes BUTSCHER (Grn),Ian Alexander BROWN (LD),skipped,skipped,3,6
1192,Danny GIBSON (Lab),Corrie MCCHORD (Lab),Johannes BUTSCHER (Grn),Ian Alexander BROWN (LD),Benjamin KERR (Con),skipped,3,6
1193,Danny GIBSON (Lab),Corrie MCCHORD (Lab),Johannes BUTSCHER (Grn),Ian Alexander BROWN (LD),Benjamin KERR (Con),Steven PATERSON (SNP),3,6
1194,Danny GIBSON (Lab),Corrie MCCHORD (Lab),Johannes BUTSCHER (Grn),Ian Alexander BROWN (LD),Benjamin KERR (Con),Steven PATERSON (SNP),3,6
1195,Danny GIBSON (Lab),Corrie MCCHORD (Lab),Johannes BUTSCHER (Grn),Ian Alexander BROWN (LD),Benjamin KERR (Con),Steven PATERSON (SNP),3,6
1196,Danny GIBSON (Lab),Corrie MCCHORD (Lab),Johannes BUTSCHER (Grn),Ian Alexander BROWN (LD),Benjamin KERR (Con),Steven PATERSON (SNP),3,6
1197,Danny GIBSON (Lab),Corrie MCCHORD (Lab),Johannes BUTSCHER (Grn),Ian Alexander BROWN (LD),Benjamin KERR (Con),Steven PATERSON (SNP),3,6
1198,Danny GIBSON (Lab),Corrie MCCHORD (Lab),Johannes BUTSCHER (Grn),Ian Alexander BROWN (LD),Benjamin KERR (Con),Steven PATERSON (SNP),3,6
1199,Danny GIBSON (Lab),Corrie MCCHORD (Lab),Johannes BUTSCHER (Grn),Ian Alexander BROWN (LD),Benjamin KERR (Con),Steven PATERSON (SNP),3,6
1200,Danny GIBSON (Lab),Corrie MCCHORD (Lab),Johannes BUTSCHER (Grn),Ian Alexander BROWN (LD),Steven PATERSON (SNP),skipped,3,6
1201,Danny GIBSON (Lab),Corrie MCCHORD (Lab),Johannes BUTSCHER (Grn),Ian Alexander BROWN (LD),Steven PATERSON (SNP),Benjamin KERR (Con),3,6
1202,Danny GIBSON (Lab),Corrie MCCHORD (Lab),Johannes BUTSCHER (Grn),Ian Alexander BROWN (LD),Steven PATERSON (SNP),Benjamin KERR (Con),3,6
1203,Danny GIBSON (Lab),Corrie MCCHORD (Lab),Johannes BUTSCHER (Grn),Ian Alexander BROWN (LD),Steven PATERSON (SNP),Benjamin KERR (Con),3,6
1204,Danny GIBSON (Lab),Corrie MCCHORD (Lab),Johannes BUTSCHER (Grn),Ian Alexander BROWN (LD),Steven PATERSON (SNP),Benjamin KERR (Con),3,6
1205,Danny GIBSON (Lab),Corrie MCCHORD (Lab),Johannes BUTSCHER (Grn),Ian Alexander BROWN (LD),Steven PATERSON (SNP),Benjamin KERR (Con),3,6
1206,Danny GIBSON (Lab),Corrie MCCHORD (Lab),Johannes BUTSCHER (Grn),Ian Alexander BROWN (LD),Steven PATERSON (SNP),Benjamin KERR (Con),3,6
1207,Danny GIBSON (Lab),Corrie MCCHORD (Lab),Johannes BUTSCHER (Grn),Benjamin KERR (Con),skipped,skipped,3,6
1208,Danny GIBSON (Lab),Corrie MCCHORD (Lab),Johannes BUTSCHER (Grn),Benjamin KERR (Con),Ian Alexander BROWN (LD),Steven PATERSON (SNP),3,6
1209,Danny GIBSON (Lab),Corrie MCCHORD (Lab),Johannes BUTSCHER (Grn),Steven PATERSON (SNP),skipped,skipped,3,6
1210,Danny GIBSON (Lab),Corrie MCCHORD (Lab),Johannes BUTSCHER (Grn),Steven PATERSON (SNP),skipped,skipped,3,6
1211,Danny GIBSON (Lab),Corrie MCCHORD (Lab),Johannes BUTSCHER (Grn),Steven PATERSON (SNP),skipped,skipped,3,6
1212,Danny GIBSON (Lab),Corrie MCCHORD (Lab),Johannes BUTSCHER (Grn),Steven PATERSON (SNP),Ian Alexander BROWN (LD),Benjamin KERR (Con),3,6
1213,Danny GIBSON (Lab),Corrie MCCHORD (Lab),Johannes BUTSCHER (Grn),Steven PATERSON (SNP),Ian Alexander BROWN (LD),Benjamin KERR (Con),3,6
1214,Danny GIBSON (Lab),Corrie MCCHORD (Lab),Johannes BUTSCHER (Grn),Steven PATERSON (SNP),Ian Alexander BROWN (LD),Benjamin KERR (Con),3,6
1215,Danny GIBSON (Lab),Corrie MCCHORD (Lab),Johannes BUTSCHER (Grn),Steven PATERSON (SNP),Ian Alexander BROWN (LD),Benjamin KERR (Con),3,6
1216,Danny GIBSON (Lab),Corrie MCCHORD (Lab),Johannes BUTSCHER (Grn),Steven PATERSON (SNP),Ian Alexander BROWN (LD),Benjamin KERR (Con),3,6
1217,Danny GIBSON (Lab),Corrie MCCHORD (Lab),Johannes BUTSCHER (Grn),Steven PATERSON (SNP),Ian Alexander BROWN (LD),Benjamin KERR (Con),3,6
1218,Danny GIBSON (Lab),Corrie MCCHORD (Lab),Johannes BUTSCHER (Grn),Steven PATERSON (SNP),Ian Alexander BROWN (LD),Benjamin KERR (Con),3,6
1219,Danny GIBSON (Lab),Corrie MCCHORD (Lab),Johannes BUTSCHER (Grn),Steven PATERSON (SNP),Ian Alexander BROWN (LD),Benjamin KERR (Con),3,6
1220,Danny GIBSON (Lab),Corrie MCCHORD (Lab),Johannes BUTSCHER (Grn),Steven PATERSON (SNP),Benjamin KERR (Con),Ian Alexander BROWN (LD),3,6
1221,Danny GIBSON (Lab),Corrie MCCHORD (Lab),Benjamin KERR (Con),skipped,skipped,skipped,3,6
1222,Danny GIBSON (Lab),Corrie MCCHORD (Lab),Benjamin KERR (Con),skipped,skipped,skipped,3,6
1223,Danny GIBSON (Lab),Corrie MCCHORD (Lab),Benjamin KERR (Con),skipped,skipped,skipped,3,6
1224,Danny GIBSON (Lab),Corrie MCCHORD (Lab),Benjamin KERR (Con),skipped,skipped,skipped,3,6
1225,Danny GIBSON (Lab),Corrie MCCHORD (Lab),Benjamin KERR (Con),skipped,skipped,skipped,3,6
1226,Danny GIBSON (Lab),Corrie MCCHORD (Lab),Benjamin KERR (Con),skipped,skipped,skipped,3,6
1227,Danny GIBSON (Lab),Corrie MCCHORD (Lab),Benjamin KERR (Con),skipped,skipped,skipped,3,6
1228,Danny GIBSON (Lab),Corrie MCCHORD (Lab),Benjamin KERR (Con),skipped,skipped,skipped,3,6
1229,Danny GIBSON (Lab),Corrie MCCHORD (Lab),Benjamin KERR (Con),skipped,skipped,skipped,3,6
1230,Danny GIBSON (Lab),Corrie MCCHORD (Lab),Benjamin KERR (Con),skipped,skipped,skipped,3,6
1231,Danny GIBSON (Lab),Corrie MCCHORD (Lab),Benjamin KERR (Con),skipped,skipped,skipped,3,6
1232,Danny GIBSON (Lab),Corrie MCCHORD (Lab),Benjamin KERR (Con),skipped,skipped,skipped,3,6
1233,Danny GIBSON (Lab),Corrie MCCHORD (Lab),Benjamin KERR (Con),skipped,skipped,skipped,3,6
1234,Danny GIBSON (Lab),Corrie MCCHORD (Lab),Benjamin KERR (Con),skipped,skipped,skipped,3,6
1235,Danny GIBSON (Lab),Corrie MCCHORD (Lab),Benjamin KERR (Con),skipped,skipped,skipped,3,6
1236,Danny GIBSON (Lab),Corrie MCCHORD (Lab),Benjamin KERR (Con),Ian Alexander BROWN (LD),skipped,skipped,3,6
1237,Danny GIBSON (Lab),Corrie MCCHORD (Lab),Benjamin KERR (Con),Ian Alexander BROWN (LD),Johannes BUTSCHER (Grn),Steven PATERSON (SNP),3,6
1238,Danny GIBSON (Lab),Corrie MCCHORD (Lab),Benjamin KERR (Con),Ian Alexander BROWN (LD),Johannes BUTSCHER (Grn),Steven PATERSON (SNP),3,6
1239,Danny GIBSON (Lab),Corrie MCCHORD (Lab),Benjamin KERR (Con),Ian Alexander BROWN (LD),Johannes BUTSCHER (Grn),Steven PATERSON (SNP),3,6
1240,Danny GIBSON (Lab),Corrie MCCHORD (Lab),Benjamin KERR (Con),Ian Alexander BROWN (LD),Steven PATERSON (SNP),Johannes BUTSCHER (Grn),3,6
1241,Danny GIBSON (Lab),Corrie MCCHORD (Lab),Benjamin KERR (Con),Ian Alexander BROWN (LD),Steven PATERSON (SNP),Johannes BUTSCHER (Grn),3,6
1242,Danny GIBSON (Lab),Corrie MCCHORD (Lab),Benjamin KERR (Con),Johannes BUTSCHER (Grn),skipped,skipped,3,6
1243,Danny GIBSON (Lab),Corrie MCCHORD (Lab),Benjamin KERR (Con),Johannes BUTSCHER (Grn),skipped,skipped,3,6
1244,Danny GIBSON (Lab),Corrie MCCHORD (Lab),Benjamin KERR (Con),Johannes BUTSCHER (Grn),Ian Alexander BROWN (LD),Steven PATERSON (SNP),3,6
1245,Danny GIBSON (Lab),Corrie MCCHORD (Lab),Benjamin KERR (Con),Steven PATERSON (SNP),Ian Alexander BROWN (LD),Johannes BUTSCHER (Grn),3,6
1246,Danny GIBSON (Lab),Corrie MCCHORD (Lab),Benjamin KERR (Con),Steven PATERSON (SNP),Johannes BUTSCHER (Grn),Ian Alexander BROWN (LD),3,6
1247,Danny GIBSON (Lab),Corrie MCCHORD (Lab),Steven PATERSON (SNP),skipped,skipped,skipped,3,6
1248,Danny GIBSON (Lab),Corrie MCCHORD (Lab),Steven PATERSON (SNP),skipped,skipped,skipped,3,6
1249,Danny GIBSON (Lab),Corrie MCCHORD (Lab),Steven PATERSON (SNP),skipped,skipped,skipped,3,6
1250,Danny GIBSON (Lab),Corrie MCCHORD (Lab),Steven PATERSON (SNP),skipped,skipped,skipped,3,6
1251,Danny GIBSON (Lab),Corrie MCCHORD (Lab),Steven PATERSON (SNP),skipped,skipped,skipped,3,6
1252,Danny GIBSON (Lab),Corrie MCCHORD (Lab),Steven PATERSON (SNP),skipped,skipped,skipped,3,6
1253,Danny GIBSON (Lab),Corrie MCCHORD (Lab),Steven PATERSON (SNP),skipped,skipped,skipped,3,6
1254,Danny GIBSON (Lab),Corrie MCCHORD (Lab),Steven PATERSON (SNP),skipped,skipped,skipped,3,6
1255,Danny GIBSON (Lab),Corrie MCCHORD (Lab),Steven PATERSON (SNP),skipped,skipped,skipped,3,6
1256,Danny GIBSON (Lab),Corrie MCCHORD (Lab),Steven PATERSON (SNP),skipped,skipped,skipped,3,6
1257,Danny GIBSON (Lab),Corrie MCCHORD (Lab),Steven PATERSON (SNP),skipped,skipped,skipped,3,6
1258,Danny GIBSON (Lab),Corrie MCCHORD (Lab),Steven PATERSON (SNP),skipped,skipped,skipped,3,6
1259,Danny GIBSON (Lab),Corrie MCCHORD (Lab),Steven PATERSON (SNP),skipped,skipped,skipped,3,6
1260,Danny GIBSON (Lab),Corrie MCCHORD (Lab),Steven PATERSON (SNP),skipped,skipped,skipped,3,6
1261,Danny GIBSON (Lab),Corrie MCCHORD (Lab),Steven PATERSON (SNP),skipped,skipped,skipped,3,6
1262,Danny GIBSON (Lab),Corrie MCCHORD (Lab),Steven PATERSON (SNP),skipped,skipped,skipped,3,6
1263,Danny GIBSON (Lab),Corrie MCCHORD (Lab),Steven PATERSON (SNP),skipped,skipped,skipped,3,6
1264,Danny GIBSON (Lab),Corrie MCCHORD (Lab),Steven PATERSON (SNP),skipped,skipped,skipped,3,6
1265,Danny GIBSON (Lab),Corrie MCCHORD (Lab),Steven PATERSON (SNP),skipped,skipped,skipped,3,6
1266,Danny GIBSON (Lab),Corrie MCCHORD (Lab),Steven PATERSON (SNP),skipped,skipped,skipped,3,6
1267,Danny GIBSON (Lab),Corrie MCCHORD (Lab),Steven PATERSON (SNP),skipped,skipped,skipped,3,6
1268,Danny GIBSON (Lab),Corrie MCCHORD (Lab),Steven PATERSON (SNP),skipped,skipped,skipped,3,6
1269,Danny GIBSON (Lab),Corrie MCCHORD (Lab),Steven PATERSON (SNP),skipped,skipped,skipped,3,6
1270,Danny GIBSON (Lab),Corrie MCCHORD (Lab),Steven PATERSON (SNP),skipped,skipped,skipped,3,6
1271,Danny GIBSON (Lab),Corrie MCCHORD (Lab),Steven PATERSON (SNP),skipped,skipped,skipped,3,6
1272,Danny GIBSON (Lab),Corrie MCCHORD (Lab),Steven PATERSON (SNP),skipped,skipped,skipped,3,6
1273,Danny GIBSON (Lab),Corrie MCCHORD (Lab),Steven PATERSON (SNP),skipped,skipped,skipped,3,6
1274,Danny GIBSON (Lab),Corrie MCCHORD (Lab),Steven PATERSON (SNP),skipped,skipped,skipped,3,6
1275,Danny GIBSON (Lab),Corrie MCCHORD (Lab),Steven PATERSON (SNP),skipped,skipped,skipped,3,6
1276,Danny GIBSON (Lab),Corrie MCCHORD (Lab),Steven PATERSON (SNP),skipped,skipped,skipped,3,6
1277,Danny GIBSON (Lab),Corrie MCCHORD (Lab),Steven PATERSON (SNP),skipped,skipped,skipped,3,6
1278,Danny GIBSON (Lab),Corrie MCCHORD (Lab),Steven PATERSON (SNP),skipped,skipped,skipped,3,6
1279,Danny GIBSON (Lab),Corrie MCCHORD (Lab),Steven PATERSON (SNP),skipped,skipped,skipped,3,6
1280,Danny GIBSON (Lab),Corrie MCCHORD (Lab),Steven PATERSON (SNP),skipped,skipped,skipped,3,6
1281,Danny GIBSON (Lab),Corrie MCCHORD (Lab),Steven PATERSON (SNP),skipped,skipped,skipped,3,6
1282,Danny GIBSON (Lab),Corrie MCCHORD (Lab),Steven PATERSON (SNP),skipped,skipped,skipped,3,6
1283,Danny GIBSON (Lab),Corrie MCCHORD (Lab),Steven PATERSON (SNP),skipped,skipped,skipped,3,6
1284,Danny GIBSON (Lab),Corrie MCCHORD (Lab),Steven PATERSON (SNP),skipped,skipped,skipped,3,6
1285,Danny GIBSON (Lab),Corrie MCCHORD (Lab),Steven PATERSON (SNP),skipped,skipped,skipped,3,6
1286,Danny GIBSON (Lab),Corrie MCCHORD (Lab),Steven PATERSON (SNP),skipped,skipped,skipped,3,6
1287,Danny GIBSON (Lab),Corrie MCCHORD (Lab),Steven PATERSON (SNP),skipped,skipped,skipped,3,6
1288,Danny GIBSON (Lab),Corrie MCCHORD (Lab),Steven PATERSON (SNP),skipped,skipped,skipped,3,6
1289,Danny GIBSON (Lab),Corrie MCCHORD (Lab),Steven PATERSON (SNP),skipped,skipped,skipped,3,6
1290,Danny GIBSON (Lab),Corrie MCCHORD (Lab),Steven PATERSON (SNP),skipped,skipped,skipped,3,6
1291,Danny GIBSON (Lab),Corrie MCCHORD (Lab),Steven PATERSON (SNP),skipped,skipped,skipped,3,6
1292,Danny GIBSON (Lab),Corrie MCCHORD (Lab),Steven PATERSON (SNP),skipped,skipped,skipped,3,6
1293,Danny GIBSON (Lab),Corrie MCCHORD (Lab),Steven PATERSON (SNP),skipped,skipped,skipped,3,6
1294,Danny GIBSON (Lab),Corrie MCCHORD (Lab),Steven PATERSON (SNP),skipped,skipped,skipped,3,6
1295,Danny GIBSON (Lab),Corrie MCCHORD (Lab),Steven PATERSON (SNP),skipped,skipped,skipped,3,6
1296,Danny GIBSON (Lab),Corrie MCCHORD (Lab),Steven PATERSON (SNP),skipped,skipped,skipped,3,6
1297,Danny GIBSON (Lab),Corrie MCCHORD (Lab),Steven PATERSON (SNP),skipped,skipped,skipped,3,6
1298,Danny GIBSON (Lab),Corrie MCCHORD (Lab),Steven PATERSON (SNP),skipped,skipped,skipped,3,6
1299,Danny GIBSON (Lab),Corrie MCCHORD (Lab),Steven PATERSON (SNP),skipped,skipped,skipped,3,6
1300,Danny GIBSON (Lab),Corrie MCCHORD (Lab),Steven PATERSON (SNP),skipped,skipped,skipped,3,6
1301,Danny GIBSON (Lab),Corrie MCCHORD (Lab),Steven PATERSON (SNP),skipped,skipped,skipped,3,6
1302,Danny GIBSON (Lab),Corrie MCCHORD (Lab),Steven PATERSON (SNP),skipped,skipped,skipped,3,6
1303,Danny GIBSON (Lab),Corrie MCCHORD (Lab),Steven PATERSON (SNP),skipped,skipped,skipped,3,6
1304,Danny GIBSON (Lab),Corrie MCCHORD (Lab),Steven PATERSON (SNP),skipped,skipped,skipped,3,6
1305,Danny GIBSON (Lab),Corrie MCCHORD (Lab),Steven PATERSON (SNP),skipped,skipped,skipped,3,6
1306,Danny GIBSON (Lab),Corrie MCCHORD (Lab),Steven PATERSON (SNP),skipped,skipped,skipped,3,6
1307,Danny GIBSON (Lab),Corrie MCCHORD (Lab),Steven PATERSON (SNP),skipped,skipped,skipped,3,6
1308,Danny GIBSON (Lab),Corrie MCCHORD (Lab),Steven PATERSON (SNP),skipped,skipped,skipped,3,6
1309,Danny GIBSON (Lab),Corrie MCCHORD (Lab),Steven PATERSON (SNP),skipped,skipped,skipped,3,6
1310,Danny GIBSON (Lab),Corrie MCCHORD (Lab),Steven PATERSON (SNP),skipped,skipped,skipped,3,6
1311,Danny GIBSON (Lab),Corrie MCCHORD (Lab),Steven PATERSON (SNP),skipped,skipped,skipped,3,6
1312,Danny GIBSON (Lab),Corrie MCCHORD (Lab),Steven PATERSON (SNP),skipped,skipped,skipped,3,6
1313,Danny GIBSON (Lab),Corrie MCCHORD (Lab),Steven PATERSON (SNP),skipped,skipped,skipped,3,6
1314,Danny GIBSON (Lab),Corrie MCCHORD (Lab),Steven PATERSON (SNP),skipped,skipped,skipped,3,6
1315,Danny GIBSON (Lab),Corrie MCCHORD (Lab),Steven PATERSON (SNP),skipped,skipped,skipped,3,6
1316,Danny GIBSON (Lab),Corrie MCCHORD (Lab),Steven PATERSON (SNP),skipped,skipped,skipped,3,6
1317,Danny GIBSON (Lab),Corrie MCCHORD (Lab),Steven PATERSON (SNP),skipped,skipped,skipped,3,6
1318,Danny GIBSON (Lab),Corrie MCCHORD (Lab),Steven PATERSON (SNP),skipped,skipped,skipped,3,6
1319,Danny GIBSON (Lab),Corrie MCCHORD (Lab),Steven PATERSON (SNP),skipped,skipped,skipped,3,6
1320,Danny GIBSON (Lab),Corrie MCCHORD (Lab),Steven PATERSON (SNP),skipped,skipped,skipped,3,6
1321,Danny GIBSON (Lab),Corrie MCCHORD (Lab),Steven PATERSON (SNP),skipped,skipped,skipped,3,6
1322,Danny GIBSON (Lab),Corrie MCCHORD (Lab),Steven PATERSON (SNP),skipped,skipped,skipped,3,6
1323,Danny GIBSON (Lab),Corrie MCCHORD (Lab),Steven PATERSON (SNP),skipped,skipped,skipped,3,6
1324,Danny GIBSON (Lab),Corrie MCCHORD (Lab),Steven PATERSON (SNP),skipped,skipped,skipped,3,6
1325,Danny GIBSON (Lab),Corrie MCCHORD (Lab),Steven PATERSON (SNP),skipped,skipped,skipped,3,6
1326,Danny GIBSON (Lab),Corrie MCCHORD (Lab),Steven PATERSON (SNP),skipped,skipped,skipped,3,6
1327,Danny GIBSON (Lab),Corrie MCCHORD (Lab),Steven PATERSON (SNP),skipped,skipped,skipped,3,6
1328,Danny GIBSON (Lab),Corrie MCCHORD (Lab),Steven PATERSON (SNP),skipped,skipped,skipped,3,6
1329,Danny GIBSON (Lab),Corrie MCCHORD (Lab),Steven PATERSON (SNP),skipped,skipped,skipped,3,6
1330,Danny GIBSON (Lab),Corrie MCCHORD (Lab),Steven PATERSON (SNP),skipped,skipped,skipped,3,6
1331,Danny GIBSON (Lab),Corrie MCCHORD (Lab),Steven PATERSON (SNP),skipped,skipped,skipped,3,6
1332,Danny GIBSON (Lab),Corrie MCCHORD (Lab),Steven PATERSON (SNP),Ian Alexander BROWN (LD),skipped,skipped,3,6
1333,Danny GIBSON (Lab),Corrie MCCHORD (Lab),Steven PATERSON (SNP),Ian Alexander BROWN (LD),skipped,skipped,3,6
1334,Danny GIBSON (Lab),Corrie MCCHORD (Lab),Steven PATERSON (SNP),Ian Alexander BROWN (LD),skipped,skipped,3,6
1335,Danny GIBSON (Lab),Corrie MCCHORD (Lab),Steven PATERSON (SNP),Ian Alexander BROWN (LD),Johannes BUTSCHER (Grn),skipped,3,6
1336,Danny GIBSON (Lab),Corrie MCCHORD (Lab),Steven PATERSON (SNP),Ian Alexander BROWN (LD),Johannes BUTSCHER (Grn),skipped,3,6
1337,Danny GIBSON (Lab),Corrie MCCHORD (Lab),Steven PATERSON (SNP),Ian Alexander BROWN (LD),Johannes BUTSCHER (Grn),skipped,3,6
1338,Danny GIBSON (Lab),Corrie MCCHORD (Lab),Steven PATERSON (SNP),Ian Alexander BROWN (LD),Johannes BUTSCHER (Grn),Benjamin KERR (Con),3,6
1339,Danny GIBSON (Lab),Corrie MCCHORD (Lab),Steven PATERSON (SNP),Ian Alexander BROWN (LD),Johannes BUTSCHER (Grn),Benjamin KERR (Con),3,6
1340,Danny GIBSON (Lab),Corrie MCCHORD (Lab),Steven PATERSON (SNP),Ian Alexander BROWN (LD),Johannes BUTSCHER (Grn),Benjamin KERR (Con),3,6
1341,Danny GIBSON (Lab),Corrie MCCHORD (Lab),Steven PATERSON (SNP),Ian Alexander BROWN (LD),Johannes BUTSCHER (Grn),Benjamin KERR (Con),3,6
1342,Danny GIBSON (Lab),Corrie MCCHORD (Lab),Steven PATERSON (SNP),Ian Alexander BROWN (LD),Johannes BUTSCHER (Grn),Benjamin KERR (Con),3,6
1343,Danny GIBSON (Lab),Corrie MCCHORD (Lab),Steven PATERSON (SNP),Ian Alexander BROWN (LD),Johannes BUTSCHER (Grn),Benjamin KERR (Con),3,6
1344,Danny GIBSON (Lab),Corrie MCCHORD (Lab),Steven PATERSON (SNP),Ian Alexander BROWN (LD),Johannes BUTSCHER (Grn),Benjamin KERR (Con),3,6
1345,Danny GIBSON (Lab),Corrie MCCHORD (Lab),Steven PATERSON (SNP),Ian Alexander BROWN (LD),Johannes BUTSCHER (Grn),Benjamin KERR (Con),3,6
1346,Danny GIBSON (Lab),Corrie MCCHORD (Lab),Steven PATERSON (SNP),Ian Alexander BROWN (LD),Johannes BUTSCHER (Grn),Benjamin KERR (Con),3,6
1347,Danny GIBSON (Lab),Corrie MCCHORD (Lab),Steven PATERSON (SNP),Ian Alexander BROWN (LD),Johannes BUTSCHER (Grn),Benjamin KERR (Con),3,6
1348,Danny GIBSON (Lab),Corrie MCCHORD (Lab),Steven PATERSON (SNP),Ian Alexander BROWN (LD),Johannes BUTSCHER (Grn),Benjamin KERR (Con),3,6
1349,Danny GIBSON (Lab),Corrie MCCHORD (Lab),Steven PATERSON (SNP),Ian Alexander BROWN (LD),Johannes BUTSCHER (Grn),Benjamin KERR (Con),3,6
1350,Danny GIBSON (Lab),Corrie MCCHORD (Lab),Steven PATERSON (SNP),Ian Alexander BROWN (LD),Johannes BUTSCHER (Grn),Benjamin KERR (Con),3,6
1351,Danny GIBSON (Lab),Corrie MCCHORD (Lab),Steven PATERSON (SNP),Ian Alexander BROWN (LD),Benjamin KERR (Con),Johannes BUTSCHER (Grn),3,6
1352,Danny GIBSON (Lab),Corrie MCCHORD (Lab),Steven PATERSON (SNP),Johannes BUTSCHER (Grn),skipped,skipped,3,6
1353,Danny GIBSON (Lab),Corrie MCCHORD (Lab),Steven PATERSON (SNP),Johannes BUTSCHER (Grn),skipped,skipped,3,6
1354,Danny GIBSON (Lab),Corrie MCCHORD (Lab),Steven PATERSON (SNP),Johannes BUTSCHER (Grn),skipped,skipped,3,6
1355,Danny GIBSON (Lab),Corrie MCCHORD (Lab),Steven PATERSON (SNP),Johannes BUTSCHER (Grn),skipped,skipped,3,6
1356,Danny GIBSON (Lab),Corrie MCCHORD (Lab),Steven PATERSON (SNP),Johannes BUTSCHER (Grn),skipped,skipped,3,6
1357,Danny GIBSON (Lab),Corrie MCCHORD (Lab),Steven PATERSON (SNP),Johannes BUTSCHER (Grn),Ian Alexander BROWN (LD),Benjamin KERR (Con),3,6
1358,Danny GIBSON (Lab),Corrie MCCHORD (Lab),Steven PATERSON (SNP),Johannes BUTSCHER (Grn),Ian Alexander BROWN (LD),Benjamin KERR (Con),3,6
1359,Danny GIBSON (Lab),Corrie MCCHORD (Lab),Steven PATERSON (SNP),Johannes BUTSCHER (Grn),Ian Alexander BROWN (LD),Benjamin KERR (Con),3,6
1360,Danny GIBSON (Lab),Corrie MCCHORD (Lab),Steven PATERSON (SNP),Johannes BUTSCHER (Grn),Ian Alexander BROWN (LD),Benjamin KERR (Con),3,6
1361,Danny GIBSON (Lab),Corrie MCCHORD (Lab),Steven PATERSON (SNP),Johannes BUTSCHER (Grn),Ian Alexander BROWN (LD),Benjamin KERR (Con),3,6
1362,Danny GIBSON (Lab),Corrie MCCHORD (Lab),Steven PATERSON (SNP),Johannes BUTSCHER (Grn),Ian Alexander BROWN (LD),Benjamin KERR (Con),3,6
1363,Danny GIBSON (Lab),Corrie MCCHORD (Lab),Steven PATERSON (SNP),Johannes BUTSCHER (Grn),Ian Alexander BROWN (LD),Benjamin KERR (Con),3,6
1364,Danny GIBSON (Lab),Corrie MCCHORD (Lab),Steven PATERSON (SNP),Johannes BUTSCHER (Grn),Ian Alexander BROWN (LD),Benjamin KERR (Con),3,6
1365,Danny GIBSON (Lab),Corrie MCCHORD (Lab),Steven PATERSON (SNP),Johannes BUTSCHER (Grn),Ian Alexander BROWN (LD),Benjamin KERR (Con),3,6
1366,Danny GIBSON (Lab),Corrie MCCHORD (Lab),Steven PATERSON (SNP),Johannes BUTSCHER (Grn),Benjamin KERR (Con),Ian Alexander BROWN (LD),3,6
1367,Danny GIBSON (Lab),Corrie MCCHORD (Lab),Steven PATERSON (SNP),Benjamin KERR (Con),Ian Alexander BROWN (LD),Johannes BUTSCHER (Grn),3,6
1368,Danny GIBSON (Lab),Corrie MCCHORD (Lab),Steven PATERSON (SNP),Benjamin KERR (Con),Ian Alexander BROWN (LD),Johannes BUTSCHER (Grn),3,6
1369,Danny GIBSON (Lab),Corrie MCCHORD (Lab),Steven PATERSON (SNP),Benjamin KERR (Con),Johannes BUTSCHER (Grn),Ian Alexander BROWN (LD),3,6
1370,Danny GIBSON (Lab),Corrie MCCHORD (Lab),Steven PATERSON (SNP),Benjamin KERR (Con),Johannes BUTSCHER (Grn),Ian Alexander BROWN (LD),3,6
1371,Danny GIBSON (Lab),Corrie MCCHORD (Lab),Steven PATERSON (SNP),Benjamin KERR (Con),Johannes BUTSCHER (Grn),Ian Alexander BROWN (LD),3,6
1372,Danny GIBSON (Lab),Corrie MCCHORD (Lab),Steven PATERSON (SNP),Benjamin KERR (Con),Johannes BUTSCHER (Grn),Ian Alexander BROWN (LD),3,6
1373,Danny GIBSON (Lab),Steven PATERSON (SNP),skipped,skipped,skipped,skipped,3,6
1374,Danny GIBSON (Lab),Steven PATERSON (SNP),skipped,skipped,skipped,skipped,3,6
1375,Danny GIBSON (Lab),Steven PATERSON (SNP),skipped,skipped,skipped,skipped,3,6
1376,Danny GIBSON (Lab),Steven PATERSON (SNP),skipped,skipped,skipped,skipped,3,6
1377,Danny GIBSON (Lab),Steven PATERSON (SNP),skipped,skipped,skipped,skipped,3,6
1378,Danny GIBSON (Lab),Steven PATERSON (SNP),skipped,skipped,skipped,skipped,3,6
1379,Danny GIBSON (Lab),Steven PATERSON (SNP),skipped,skipped,skipped,skipped,3,6
1380,Danny GIBSON (Lab),Steven PATERSON (SNP),skipped,skipped,skipped,skipped,3,6
1381,Danny GIBSON (Lab),Steven PATERSON (SNP),skipped,skipped,skipped,skipped,3,6
1382,Danny GIBSON (Lab),Steven PATERSON (SNP),skipped,skipped,skipped,skipped,3,6
1383,Danny GIBSON (Lab),Steven PATERSON (SNP),skipped,skipped,skipped,skipped,3,6
1384,Danny GIBSON (Lab),Steven PATERSON (SNP),skipped,skipped,skipped,skipped,3,6
1385,Danny GIBSON (Lab),Steven PATERSON (SNP),Ian Alexander BROWN (LD),skipped,skipped,skipped,3,6
1386,Danny GIBSON (Lab),Steven PATERSON (SNP),Ian Alexander BROWN (LD),skipped,skipped,skipped,3,6
1387,Danny GIBSON (Lab),Steven PATERSON (SNP),Ian Alexander BROWN (LD),skipped,skipped,skipped,3,6
1388,Danny GIBSON (Lab),Steven PATERSON (SNP),Ian Alexander BROWN (LD),Johannes BUTSCHER (Grn),Benjamin KERR (Con),Corrie MCCHORD (Lab),3,6
1389,Danny GIBSON (Lab),Steven PATERSON (SNP),Ian Alexander BROWN (LD),Johannes BUTSCHER (Grn),Corrie MCCHORD (Lab),Benjamin KERR (Con),3,6
1390,Danny GIBSON (Lab),Steven PATERSON (SNP),Ian Alexander BROWN (LD),Johannes BUTSCHER (Grn),Corrie MCCHORD (Lab),Benjamin KERR (Con),3,6
1391,Danny GIBSON (Lab),Steven PATERSON (SNP),Ian Alexander BROWN (LD),Corrie MCCHORD (Lab),Johannes BUTSCHER (Grn),Benjamin KERR (Con),3,6
1392,Danny GIBSON (Lab),Steven PATERSON (SNP),Ian Alexander BROWN (LD),Corrie MCCHORD (Lab),Benjamin KERR (Con),Johannes BUTSCHER (Grn),3,6
1393,Danny GIBSON (Lab),Steven PATERSON (SNP),Johannes BUTSCHER (Grn),skipped,skipped,skipped,3,6
1394,Danny GIBSON (Lab),Steven PATERSON (SNP),Johannes BUTSCHER (Grn),skipped,skipped,skipped,3,6
1395,Danny GIBSON (Lab),Steven PATERSON (SNP),Benjamin KERR (Con),Ian Alexander BROWN (LD),Corrie MCCHORD (Lab),Johannes BUTSCHER (Grn),3,6
1396,Danny GIBSON (Lab),Steven PATERSON (SNP),Benjamin KERR (Con),Corrie MCCHORD (Lab),skipped,skipped,3,6
1397,Danny GIBSON (Lab),Steven PATERSON (SNP),Corrie MCCHORD (Lab),skipped,skipped,skipped,3,6
1398,Danny GIBSON (Lab),Steven PATERSON (SNP),Corrie MCCHORD (Lab),skipped,skipped,skipped,3,6
1399,Danny GIBSON (Lab),Steven PATERSON (SNP),Corrie MCCHORD (Lab),skipped,skipped,skipped,3,6
1400,Danny GIBSON (Lab),Steven PATERSON (SNP),Corrie MCCHORD (Lab),skipped,skipped,skipped,3,6
1401,Danny GIBSON (Lab),Steven PATERSON (SNP),Corrie MCCHORD (Lab),skipped,skipped,skipped,3,6
1402,Danny GIBSON (Lab),Steven PATERSON (SNP),Corrie MCCHORD (Lab),skipped,skipped,skipped,3,6
1403,Danny GIBSON (Lab),Steven PATERSON (SNP),Corrie MCCHORD (Lab),skipped,skipped,skipped,3,6
1404,Danny GIBSON (Lab),Steven PATERSON (SNP),Corrie MCCHORD (Lab),skipped,skipped,skipped,3,6
1405,Danny GIBSON (Lab),Steven PATERSON (SNP),Corrie MCCHORD (Lab),skipped,skipped,skipped,3,6
1406,Danny GIBSON (Lab),Steven PATERSON (SNP),Corrie MCCHORD (Lab),skipped,skipped,skipped,3,6
1407,Danny GIBSON (Lab),Steven PATERSON (SNP),Corrie MCCHORD (Lab),skipped,skipped,skipped,3,6
1408,Danny GIBSON (Lab),Steven PATERSON (SNP),Corrie MCCHORD (Lab),skipped,skipped,skipped,3,6
1409,Danny GIBSON (Lab),Steven PATERSON (SNP),Corrie MCCHORD (Lab),skipped,skipped,skipped,3,6
1410,Danny GIBSON (Lab),Steven PATERSON (SNP),Corrie MCCHORD (Lab),skipped,skipped,skipped,3,6
1411,Danny GIBSON (Lab),Steven PATERSON (SNP),Corrie MCCHORD (Lab),skipped,skipped,skipped,3,6
1412,Danny GIBSON (Lab),Steven PATERSON (SNP),Corrie MCCHORD (Lab),skipped,skipped,skipped,3,6
1413,Danny GIBSON (Lab),Steven PATERSON (SNP),Corrie MCCHORD (Lab),skipped,skipped,skipped,3,6
1414,Danny GIBSON (Lab),Steven PATERSON (SNP),Corrie MCCHORD (Lab),Ian Alexander BROWN (LD),Johannes BUTSCHER (Grn),Benjamin KERR (Con),3,6
1415,Danny GIBSON (Lab),Steven PATERSON (SNP),Corrie MCCHORD (Lab),Ian Alexander BROWN (LD),Johannes BUTSCHER (Grn),Benjamin KERR (Con),3,6
1416,Danny GIBSON (Lab),Steven PATERSON (SNP),Corrie MCCHORD (Lab),Ian Alexander BROWN (LD),Benjamin KERR (Con),Johannes BUTSCHER (Grn),3,6
1417,Danny GIBSON (Lab),Steven PATERSON (SNP),Corrie MCCHORD (Lab),Ian Alexander BROWN (LD),Benjamin KERR (Con),Johannes BUTSCHER (Grn),3,6
1418,Danny GIBSON (Lab),Steven PATERSON (SNP),Corrie MCCHORD (Lab),Ian Alexander BROWN (LD),Benjamin KERR (Con),Johannes BUTSCHER (Grn),3,6
1419,Danny GIBSON (Lab),Steven PATERSON (SNP),Corrie MCCHORD (Lab),Johannes BUTSCHER (Grn),skipped,skipped,3,6
1420,Danny GIBSON (Lab),Steven PATERSON (SNP),Corrie MCCHORD (Lab),Johannes BUTSCHER (Grn),skipped,skipped,3,6
1421,Danny GIBSON (Lab),Steven PATERSON (SNP),Corrie MCCHORD (Lab),Johannes BUTSCHER (Grn),Ian Alexander BROWN (LD),Benjamin KERR (Con),3,6
1422,Danny GIBSON (Lab),Steven PATERSON (SNP),Corrie MCCHORD (Lab),Johannes BUTSCHER (Grn),Ian Alexander BROWN (LD),Benjamin KERR (Con),3,6
1423,Danny GIBSON (Lab),Steven PATERSON (SNP),Corrie MCCHORD (Lab),Johannes BUTSCHER (Grn),Ian Alexander BROWN (LD),Benjamin KERR (Con),3,6
1424,Benjamin KERR (Con),skipped,skipped,skipped,skipped,skipped,3,6
1425,Benjamin KERR (Con),skipped,skipped,skipped,skipped,skipped,3,6
1426,Benjamin KERR (Con),skipped,skipped,skipped,skipped,skipped,3,6
1427,Benjamin KERR (Con),skipped,skipped,skipped,skipped,skipped,3,6
1428,Benjamin KERR (Con),skipped,skipped,skipped,skipped,skipped,3,6
1429,Benjamin KERR (Con),skipped,skipped,skipped,skipped,skipped,3,6
1430,Benjamin KERR (Con),skipped,skipped,skipped,skipped,skipped,3,6
1431,Benjamin KERR (Con),skipped,skipped,skipped,skipped,skipped,3,6
1432,Benjamin KERR (Con),skipped,skipped,skipped,skipped,skipped,3,6
1433,Benjamin KERR (Con),skipped,skipped,skipped,skipped,skipped,3,6
1434,Benjamin KERR (Con),skipped,skipped,skipped,skipped,skipped,3,6
1435,Benjamin KERR (Con),skipped,skipped,skipped,skipped,skipped,3,6
1436,Benjamin KERR (Con),skipped,skipped,skipped,skipped,skipped,3,6
1437,Benjamin KERR (Con),skipped,skipped,skipped,skipped,skipped,3,6
1438,Benjamin KERR (Con),skipped,skipped,skipped,skipped,skipped,3,6
1439,Benjamin KERR (Con),skipped,skipped,skipped,skipped,skipped,3,6
1440,Benjamin KERR (Con),skipped,skipped,skipped,skipped,skipped,3,6
1441,Benjamin KERR (Con),skipped,skipped,skipped,skipped,skipped,3,6
1442,Benjamin KERR (Con),skipped,skipped,skipped,skipped,skipped,3,6
1443,Benjamin KERR (Con),skipped,skipped,skipped,skipped,skipped,3,6
1444,Benjamin KERR (Con),skipped,skipped,skipped,skipped,skipped,3,6
1445,Benjamin KERR (Con),skipped,skipped,skipped,skipped,skipped,3,6
1446,Benjamin KERR (Con),skipped,skipped,skipped,skipped,skipped,3,6
1447,Benjamin KERR (Con),skipped,skipped,skipped,skipped,skipped,3,6
1448,Benjamin KERR (Con),skipped,skipped,skipped,skipped,skipped,3,6
1449,Benjamin KERR (Con),skipped,skipped,skipped,skipped,skipped,3,6
1450,Benjamin KERR (Con),skipped,skipped,skipped,skipped,skipped,3,6
1451,Benjamin KERR (Con),skipped,skipped,skipped,skipped,skipped,3,6
1452,Benjamin KERR (Con),skipped,skipped,skipped,skipped,skipped,3,6
1453,Benjamin KERR (Con),skipped,skipped,skipped,skipped,skipped,3,6
1454,Benjamin KERR (Con),skipped,skipped,skipped,skipped,skipped,3,6
1455,Benjamin KERR (Con),skipped,skipped,skipped,skipped,skipped,3,6
1456,Benjamin KERR (Con),skipped,skipped,skipped,skipped,skipped,3,6
1457,Benjamin KERR (Con),skipped,skipped,skipped,skipped,skipped,3,6
1458,Benjamin KERR (Con),skipped,skipped,skipped,skipped,skipped,3,6
1459,Benjamin KERR (Con),skipped,skipped,skipped,skipped,skipped,3,6
1460,Benjamin KERR (Con),skipped,skipped,skipped,skipped,skipped,3,6
1461,Benjamin KERR (Con),skipped,skipped,skipped,skipped,skipped,3,6
1462,Benjamin KERR (Con),skipped,skipped,skipped,skipped,skipped,3,6
1463,Benjamin KERR (Con),skipped,skipped,skipped,skipped,skipped,3,6
1464,Benjamin KERR (Con),skipped,skipped,skipped,skipped,skipped,3,6
1465,Benjamin KERR (Con),skipped,skipped,skipped,skipped,skipped,3,6
1466,Benjamin KERR (Con),skipped,skipped,skipped,skipped,skipped,3,6
1467,Benjamin KERR (Con),skipped,skipped,skipped,skipped,skipped,3,6
1468,Benjamin KERR (Con),skipped,skipped,skipped,skipped,skipped,3,6
1469,Benjamin KERR (Con),skipped,skipped,skipped,skipped,skipped,3,6
1470,Benjamin KERR (Con),skipped,skipped,skipped,skipped,skipped,3,6
1471,Benjamin KERR (Con),skipped,skipped,skipped,skipped,skipped,3,6
1472,Benjamin KERR (Con),skipped,skipped,skipped,skipped,skipped,3,6
1473,Benjamin KERR (Con),skipped,skipped,skipped,skipped,skipped,3,6
1474,Benjamin KERR (Con),skipped,skipped,skipped,skipped,skipped,3,6
1475,Benjamin KERR (Con),skipped,skipped,skipped,skipped,skipped,3,6
1476,Benjamin KERR (Con),skipped,skipped,skipped,skipped,skipped,3,6
1477,Benjamin KERR (Con),skipped,skipped,skipped,skipped,skipped,3,6
1478,Benjamin KERR (Con),skipped,skipped,skipped,skipped,skipped,3,6
1479,Benjamin KERR (Con),skipped,skipped,skipped,skipped,skipped,3,6
1480,Benjamin KERR (Con),skipped,skipped,skipped,skipped,skipped,3,6
1481,Benjamin KERR (Con),skipped,skipped,skipped,skipped,skipped,3,6
1482,Benjamin KERR (Con),skipped,skipped,skipped,skipped,skipped,3,6
1483,Benjamin KERR (Con),skipped,skipped,skipped,skipped,skipped,3,6
1484,Benjamin KERR (Con),skipped,skipped,skipped,skipped,skipped,3,6
1485,Benjamin KERR (Con),skipped,skipped,skipped,skipped,skipped,3,6
1486,Benjamin KERR (Con),skipped,skipped,skipped,skipped,skipped,3,6
1487,Benjamin KERR (Con),skipped,skipped,skipped,skipped,skipped,3,6
1488,Benjamin KERR (Con),skipped,skipped,skipped,skipped,skipped,3,6
1489,Benjamin KERR (Con),skipped,skipped,skipped,skipped,skipped,3,6
1490,Benjamin KERR (Con),skipped,skipped,skipped,skipped,skipped,3,6
1491,Benjamin KERR (Con),skipped,skipped,skipped,skipped,skipped,3,6
1492,Benjamin KERR (Con),skipped,skipped,skipped,skipped,skipped,3,6
1493,Benjamin KERR (Con),skipped,skipped,skipped,skipped,skipped,3,6
1494,Benjamin KERR (Con),skipped,skipped,skipped,skipped,skipped,3,6
1495,Benjamin KERR (Con),skipped,skipped,skipped,skipped,skipped,3,6
1496,Benjamin KERR (Con),skipped,skipped,skipped,skipped,skipped,3,6
1497,Benjamin KERR (Con),skipped,skipped,skipped,skipped,skipped,3,6
1498,Benjamin KERR (Con),skipped,skipped,skipped,skipped,skipped,3,6
1499,Benjamin KERR (Con),skipped,skipped,skipped,skipped,skipped,3,6
1500,Benjamin KERR (Con),skipped,skipped,skipped,skipped,skipped,3,6
1501,Benjamin KERR (Con),skipped,skipped,skipped,skipped,skipped,3,6
1502,Benjamin KERR (Con),skipped,skipped,skipped,skipped,skipped,3,6
1503,Benjamin KERR (Con),skipped,skipped,skipped,skipped,skipped,3,6
1504,Benjamin KERR (Con),skipped,skipped,skipped,skipped,skipped,3,6
1505,Benjamin KERR (Con),skipped,skipped,skipped,skipped,skipped,3,6
1506,Benjamin KERR (Con),skipped,skipped,skipped,skipped,skipped,3,6
1507,Benjamin KERR (Con),skipped,skipped,skipped,skipped,skipped,3,6
1508,Benjamin KERR (Con),skipped,skipped,skipped,skipped,skipped,3,6
1509,Benjamin KERR (Con),skipped,skipped,skipped,skipped,skipped,3,6
1510,Benjamin KERR (Con),skipped,skipped,skipped,skipped,skipped,3,6
1511,Benjamin KERR (Con),skipped,skipped,skipped,skipped,skipped,3,6
1512,Benjamin KERR (Con),skipped,skipped,skipped,skipped,skipped,3,6
1513,Benjamin KERR (Con),skipped,skipped,skipped,skipped,skipped,3,6
1514,Benjamin KERR (Con),skipped,skipped,skipped,skipped,skipped,3,6
1515,Benjamin KERR (Con),skipped,skipped,skipped,skipped,skipped,3,6
1516,Benjamin KERR (Con),skipped,skipped,skipped,skipped,skipped,3,6
1517,Benjamin KERR (Con),skipped,skipped,skipped,skipped,skipped,3,6
1518,Benjamin KERR (Con),skipped,skipped,skipped,skipped,skipped,3,6
1519,Benjamin KERR (Con),skipped,skipped,skipped,skipped,skipped,3,6
1520,Benjamin KERR (Con),skipped,skipped,skipped,skipped,skipped,3,6
1521,Benjamin KERR (Con),skipped,skipped,skipped,skipped,skipped,3,6
1522,Benjamin KERR (Con),skipped,skipped,skipped,skipped,skipped,3,6
1523,Benjamin KERR (Con),skipped,skipped,skipped,skipped,skipped,3,6
1524,Benjamin KERR (Con),skipped,skipped,skipped,skipped,skipped,3,6
1525,Benjamin KERR (Con),skipped,skipped,skipped,skipped,skipped,3,6
1526,Benjamin KERR (Con),skipped,skipped,skipped,skipped,skipped,3,6
1527,Benjamin KERR (Con),skipped,skipped,skipped,skipped,skipped,3,6
1528,Benjamin KERR (Con),skipped,skipped,skipped,skipped,skipped,3,6
1529,Benjamin KERR (Con),skipped,skipped,skipped,skipped,skipped,3,6
1530,Benjamin KERR (Con),skipped,skipped,skipped,skipped,skipped,3,6
1531,Benjamin KERR (Con),Ian Alexander BROWN (LD),skipped,skipped,skipped,skipped,3,6
1532,Benjamin KERR (Con),Ian Alexander BROWN (LD),skipped,skipped,skipped,skipped,3,6
1533,Benjamin KERR (Con),Ian Alexander BROWN (LD),skipped,skipped,skipped,skipped,3,6
1534,Benjamin KERR (Con),Ian Alexander BROWN (LD),skipped,skipped,skipped,skipped,3,6
1535,Benjamin KERR (Con),Ian Alexander BROWN (LD),skipped,skipped,skipped,skipped,3,6
1536,Benjamin KERR (Con),Ian Alexander BROWN (LD),skipped,skipped,skipped,skipped,3,6
1537,Benjamin KERR (Con),Ian Alexander BROWN (LD),skipped,skipped,skipped,skipped,3,6
1538,Benjamin KERR (Con),Ian Alexander BROWN (LD),skipped,skipped,skipped,skipped,3,6
1539,Benjamin KERR (Con),Ian Alexander BROWN (LD),skipped,skipped,skipped,skipped,3,6
1540,Benjamin KERR (Con),Ian Alexander BROWN (LD),skipped,skipped,skipped,skipped,3,6
1541,Benjamin KERR (Con),Ian Alexander BROWN (LD),skipped,skipped,skipped,skipped,3,6
1542,Benjamin KERR (Con),Ian Alexander BROWN (LD),skipped,skipped,skipped,skipped,3,6
1543,Benjamin KERR (Con),Ian Alexander BROWN (LD),skipped,skipped,skipped,skipped,3,6
1544,Benjamin KERR (Con),Ian Alexander BROWN (LD),skipped,skipped,skipped,skipped,3,6
1545,Benjamin KERR (Con),Ian Alexander BROWN (LD),skipped,skipped,skipped,skipped,3,6
1546,Benjamin KERR (Con),Ian Alexander BROWN (LD),skipped,skipped,skipped,skipped,3,6
1547,Benjamin KERR (Con),Ian Alexander BROWN (LD),skipped,skipped,skipped,skipped,3,6
1548,Benjamin KERR (Con),Ian Alexander BROWN (LD),skipped,skipped,skipped,skipped,3,6
1549,Benjamin KERR (Con),Ian Alexander BROWN (LD),skipped,skipped,skipped,skipped,3,6
1550,Benjamin KERR (Con),Ian Alexander BROWN (LD),skipped,skipped,skipped,skipped,3,6
1551,Benjamin KERR (Con),Ian Alexander BROWN (LD),skipped,skipped,skipped,skipped,3,6
1552,Benjamin KERR (Con),Ian Alexander BROWN (LD),skipped,skipped,skipped,skipped,3,6
1553,Benjamin KERR (Con),Ian Alexander BROWN (LD),skipped,skipped,skipped,skipped,3,6
1554,Benjamin KERR (Con),Ian Alexander BROWN (LD),skipped,skipped,skipped,skipped,3,6
1555,Benjamin KERR (Con),Ian Alexander BROWN (LD),skipped,skipped,skipped,skipped,3,6
1556,Benjamin KERR (Con),Ian Alexander BROWN (LD),Johannes BUTSCHER (Grn),skipped,skipped,skipped,3,6
1557,Benjamin KERR (Con),Ian Alexander BROWN (LD),Johannes BUTSCHER (Grn),skipped,skipped,skipped,3,6
1558,Benjamin KERR (Con),Ian Alexander BROWN (LD),Johannes BUTSCHER (Grn),skipped,skipped,skipped,3,6
1559,Benjamin KERR (Con),Ian Alexander BROWN (LD),Johannes BUTSCHER (Grn),skipped,skipped,skipped,3,6
1560,Benjamin KERR (Con),Ian Alexander BROWN (LD),Johannes BUTSCHER (Grn),skipped,skipped,skipped,3,6
1561,Benjamin KERR (Con),Ian Alexander BROWN (LD),Johannes BUTSCHER (Grn),skipped,skipped,skipped,3,6
1562,Benjamin KERR (Con),Ian Alexander BROWN (LD),Johannes BUTSCHER (Grn),skipped,skipped,skipped,3,6
1563,Benjamin KERR (Con),Ian Alexander BROWN (LD),Johannes BUTSCHER (Grn),skipped,skipped,skipped,3,6
1564,Benjamin KERR (Con),Ian Alexander BROWN (LD),Johannes BUTSCHER (Grn),skipped,skipped,skipped,3,6
1565,Benjamin KERR (Con),Ian Alexander BROWN (LD),Johannes BUTSCHER (Grn),skipped,skipped,skipped,3,6
1566,Benjamin KERR (Con),Ian Alexander BROWN (LD),Johannes BUTSCHER (Grn),skipped,skipped,skipped,3,6
1567,Benjamin KERR (Con),Ian Alexander BROWN (LD),Johannes BUTSCHER (Grn),skipped,skipped,skipped,3,6
1568,Benjamin KERR (Con),Ian Alexander BROWN (LD),Johannes BUTSCHER (Grn),skipped,skipped,skipped,3,6
1569,Benjamin KERR (Con),Ian Alexander BROWN (LD),Johannes BUTSCHER (Grn),skipped,skipped,skipped,3,6
1570,Benjamin KERR (Con),Ian Alexander BROWN (LD),Johannes BUTSCHER (Grn),skipped,skipped,skipped,3,6
1571,Benjamin KERR (Con),Ian Alexander BROWN (LD),Johannes BUTSCHER (Grn),skipped,skipped,skipped,3,6
1572,Benjamin KERR (Con),Ian Alexander BROWN (LD),Johannes BUTSCHER (Grn),skipped,skipped,skipped,3,6
1573,Benjamin KERR (Con),Ian Alexander BROWN (LD),Johannes BUTSCHER (Grn),skipped,skipped,skipped,3,6
1574,Benjamin KERR (Con),Ian Alexander BROWN (LD),Johannes BUTSCHER (Grn),skipped,skipped,skipped,3,6
1575,Benjamin KERR (Con),Ian Alexander BROWN (LD),Johannes BUTSCHER (Grn),skipped,skipped,skipped,3,6
1576,Benjamin KERR (Con),Ian Alexander BROWN (LD),Johannes BUTSCHER (Grn),skipped,skipped,skipped,3,6
1577,Benjamin KERR (Con),Ian Alexander BROWN (LD),Johannes BUTSCHER (Grn),skipped,skipped,skipped,3,6
1578,Benjamin KERR (Con),Ian Alexander BROWN (LD),Johannes BUTSCHER (Grn),Danny GIBSON (Lab),skipped,skipped,3,6
1579,Benjamin KERR (Con),Ian Alexander BROWN (LD),Johannes BUTSCHER (Grn),Danny GIBSON (Lab),Corrie MCCHORD (Lab),Steven PATERSON (SNP),3,6
1580,Benjamin KERR (Con),Ian Alexander BROWN (LD),Johannes BUTSCHER (Grn),Danny GIBSON (Lab),Corrie MCCHORD (Lab),Steven PATERSON (SNP),3,6
1581,Benjamin KERR (Con),Ian Alexander BROWN (LD),Johannes BUTSCHER (Grn),Danny GIBSON (Lab),Corrie MCCHORD (Lab),Steven PATERSON (SNP),3,6
1582,Benjamin KERR (Con),Ian Alexander BROWN (LD),Johannes BUTSCHER (Grn),Danny GIBSON (Lab),Corrie MCCHORD (Lab),Steven PATERSON (SNP),3,6
1583,Benjamin KERR (Con),Ian Alexander BROWN (LD),Johannes BUTSCHER (Grn),Danny GIBSON (Lab),Corrie MCCHORD (Lab),Steven PATERSON (SNP),3,6
1584,Benjamin KERR (Con),Ian Alexander BROWN (LD),Johannes BUTSCHER (Grn),Danny GIBSON (Lab),Corrie MCCHORD (Lab),Steven PATERSON (SNP),3,6
1585,Benjamin KERR (Con),Ian Alexander BROWN (LD),Johannes BUTSCHER (Grn),Corrie MCCHORD (Lab),Danny GIBSON (Lab),Steven PATERSON (SNP),3,6
1586,Benjamin KERR (Con),Ian Alexander BROWN (LD),Johannes BUTSCHER (Grn),Corrie MCCHORD (Lab),Danny GIBSON (Lab),Steven PATERSON (SNP),3,6
1587,Benjamin KERR (Con),Ian Alexander BROWN (LD),Johannes BUTSCHER (Grn),Corrie MCCHORD (Lab),Steven PATERSON (SNP),Danny GIBSON (Lab),3,6
1588,Benjamin KERR (Con),Ian Alexander BROWN (LD),Johannes BUTSCHER (Grn),Steven PATERSON (SNP),skipped,skipped,3,6
1589,Benjamin KERR (Con),Ian Alexander BROWN (LD),Johannes BUTSCHER (Grn),Steven PATERSON (SNP),Danny GIBSON (Lab),Corrie MCCHORD (Lab),3,6
1590,Benjamin KERR (Con),Ian Alexander BROWN (LD),Johannes BUTSCHER (Grn),Steven PATERSON (SNP),Danny GIBSON (Lab),Corrie MCCHORD (Lab),3,6
1591,Benjamin KERR (Con),Ian Alexander BROWN (LD),Johannes BUTSCHER (Grn),Steven PATERSON (SNP),Danny GIBSON (Lab),Corrie MCCHORD (Lab),3,6
1592,Benjamin KERR (Con),Ian Alexander BROWN (LD),Danny GIBSON (Lab),skipped,skipped,skipped,3,6
1593,Benjamin KERR (Con),Ian Alexander BROWN (LD),Danny GIBSON (Lab),skipped,skipped,skipped,3,6
1594,Benjamin KERR (Con),Ian Alexander BROWN (LD),Danny GIBSON (Lab),skipped,skipped,skipped,3,6
1595,Benjamin KERR (Con),Ian Alexander BROWN (LD),Danny GIBSON (Lab),skipped,skipped,skipped,3,6
1596,Benjamin KERR (Con),Ian Alexander BROWN (LD),Danny GIBSON (Lab),skipped,skipped,skipped,3,6
1597,Benjamin KERR (Con),Ian Alexander BROWN (LD),Danny GIBSON (Lab),Johannes BUTSCHER (Grn),Corrie MCCHORD (Lab),Steven PATERSON (SNP),3,6
1598,Benjamin KERR (Con),Ian Alexander BROWN (LD),Danny GIBSON (Lab),Corrie MCCHORD (Lab),skipped,skipped,3,6
1599,Benjamin KERR (Con),Ian Alexander BROWN (LD),Danny GIBSON (Lab),Corrie MCCHORD (Lab),skipped,skipped,3,6
1600,Benjamin KERR (Con),Ian Alexander BROWN (LD),Danny GIBSON (Lab),Corrie MCCHORD (Lab),skipped,skipped,3,6
1601,Benjamin KERR (Con),Ian Alexander BROWN (LD),Danny GIBSON (Lab),Corrie MCCHORD (Lab),skipped,skipped,3,6
1602,Benjamin KERR (Con),Ian Alexander BROWN (LD),Danny GIBSON (Lab),Corrie MCCHORD (Lab),Johannes BUTSCHER (Grn),skipped,3,6
1603,Benjamin KERR (Con),Ian Alexander BROWN (LD),Danny GIBSON (Lab),Corrie MCCHORD (Lab),Johannes BUTSCHER (Grn),Steven PATERSON (SNP),3,6
1604,Benjamin KERR (Con),Ian Alexander BROWN (LD),Danny GIBSON (Lab),Corrie MCCHORD (Lab),Johannes BUTSCHER (Grn),Steven PATERSON (SNP),3,6
1605,Benjamin KERR (Con),Ian Alexander BROWN (LD),Danny GIBSON (Lab),Corrie MCCHORD (Lab),Johannes BUTSCHER (Grn),Steven PATERSON (SNP),3,6
1606,Benjamin KERR (Con),Ian Alexander BROWN (LD),Danny GIBSON (Lab),Steven PATERSON (SNP),Corrie MCCHORD (Lab),Johannes BUTSCHER (Grn),3,6
1607,Benjamin KERR (Con),Ian Alexander BROWN (LD),Corrie MCCHORD (Lab),skipped,skipped,skipped,3,6
1608,Benjamin KERR (Con),Ian Alexander BROWN (LD),Corrie MCCHORD (Lab),skipped,skipped,skipped,3,6
1609,Benjamin KERR (Con),Ian Alexander BROWN (LD),Corrie MCCHORD (Lab),Danny GIBSON (Lab),skipped,skipped,3,6
1610,Benjamin KERR (Con),Ian Alexander BROWN (LD),Corrie MCCHORD (Lab),Danny GIBSON (Lab),Johannes BUTSCHER (Grn),skipped,3,6
1611,Benjamin KERR (Con),Ian Alexander BROWN (LD),Corrie MCCHORD (Lab),Danny GIBSON (Lab),Johannes BUTSCHER (Grn),Steven PATERSON (SNP),3,6
1612,Benjamin KERR (Con),Ian Alexander BROWN (LD),Corrie MCCHORD (Lab),Danny GIBSON (Lab),Johannes BUTSCHER (Grn),Steven PATERSON (SNP),3,6
1613,Benjamin KERR (Con),Ian Alexander BROWN (LD),Corrie MCCHORD (Lab),Danny GIBSON (Lab),Steven PATERSON (SNP),Johannes BUTSCHER (Grn),3,6
1614,Benjamin KERR (Con),Ian Alexander BROWN (LD),Corrie MCCHORD (Lab),Steven PATERSON (SNP),Johannes BUTSCHER (Grn),Danny GIBSON (Lab),3,6
1615,Benjamin KERR (Con),Ian Alexander BROWN (LD),Steven PATERSON (SNP),skipped,skipped,skipped,3,6
1616,Benjamin KERR (Con),Ian Alexander BROWN (LD),Steven PATERSON (SNP),skipped,skipped,skipped,3,6
1617,Benjamin KERR (Con),Ian Alexander BROWN (LD),Steven PATERSON (SNP),skipped,skipped,skipped,3,6
1618,Benjamin KERR (Con),Ian Alexander BROWN (LD),Steven PATERSON (SNP),skipped,skipped,skipped,3,6
1619,Benjamin KERR (Con),Ian Alexander BROWN (LD),Steven PATERSON (SNP),skipped,skipped,skipped,3,6
1620,Benjamin KERR (Con),Ian Alexander BROWN (LD),Steven PATERSON (SNP),skipped,skipped,skipped,3,6
1621,Benjamin KERR (Con),Ian Alexander BROWN (LD),Steven PATERSON (SNP),Johannes BUTSCHER (Grn),Corrie MCCHORD (Lab),Danny GIBSON (Lab),3,6
1622,Benjamin KERR (Con),Ian Alexander BROWN (LD),Steven PATERSON (SNP),Danny GIBSON (Lab),Johannes BUTSCHER (Grn),skipped,3,6
1623,Benjamin KERR (Con),Johannes BUTSCHER (Grn),skipped,skipped,skipped,skipped,3,6
1624,Benjamin KERR (Con),Johannes BUTSCHER (Grn),skipped,skipped,skipped,skipped,3,6
1625,Benjamin KERR (Con),Johannes BUTSCHER (Grn),skipped,skipped,skipped,skipped,3,6
1626,Benjamin KERR (Con),Johannes BUTSCHER (Grn),skipped,skipped,skipped,skipped,3,6
1627,Benjamin KERR (Con),Johannes BUTSCHER (Grn),skipped,skipped,skipped,skipped,3,6
1628,Benjamin KERR (Con),Johannes BUTSCHER (Grn),skipped,skipped,skipped,skipped,3,6
1629,Benjamin KERR (Con),Johannes BUTSCHER (Grn),skipped,skipped,skipped,skipped,3,6
1630,Benjamin KERR (Con),Johannes BUTSCHER (Grn),skipped,skipped,skipped,skipped,3,6
1631,Benjamin KERR (Con),Johannes BUTSCHER (Grn),skipped,skipped,skipped,skipped,3,6
1632,Benjamin KERR (Con),Johannes BUTSCHER (Grn),skipped,skipped,skipped,skipped,3,6
1633,Benjamin KERR (Con),Johannes BUTSCHER (Grn),skipped,skipped,skipped,skipped,3,6
1634,Benjamin KERR (Con),Johannes BUTSCHER (Grn),skipped,skipped,skipped,skipped,3,6
1635,Benjamin KERR (Con),Johannes BUTSCHER (Grn),Ian Alexander BROWN (LD),skipped,skipped,skipped,3,6
1636,Benjamin KERR (Con),Johannes BUTSCHER (Grn),Ian Alexander BROWN (LD),skipped,skipped,skipped,3,6
1637,Benjamin KERR (Con),Johannes BUTSCHER (Grn),Ian Alexander BROWN (LD),skipped,skipped,skipped,3,6
1638,Benjamin KERR (Con),Johannes BUTSCHER (Grn),Ian Alexander BROWN (LD),skipped,skipped,skipped,3,6
1639,Benjamin KERR (Con),Johannes BUTSCHER (Grn),Ian Alexander BROWN (LD),skipped,skipped,skipped,3,6
1640,Benjamin KERR (Con),Johannes BUTSCHER (Grn),Ian Alexander BROWN (LD),skipped,skipped,skipped,3,6
1641,Benjamin KERR (Con),Johannes BUTSCHER (Grn),Ian Alexander BROWN (LD),skipped,skipped,skipped,3,6
1642,Benjamin KERR (Con),Johannes BUTSCHER (Grn),Ian Alexander BROWN (LD),skipped,skipped,skipped,3,6
1643,Benjamin KERR (Con),Johannes BUTSCHER (Grn),Ian Alexander BROWN (LD),skipped,skipped,skipped,3,6
1644,Benjamin KERR (Con),Johannes BUTSCHER (Grn),Ian Alexander BROWN (LD),skipped,skipped,skipped,3,6
1645,Benjamin KERR (Con),Johannes BUTSCHER (Grn),Ian Alexander BROWN (LD),Danny GIBSON (Lab),Corrie MCCHORD (Lab),Steven PATERSON (SNP),3,6
1646,Benjamin KERR (Con),Johannes BUTSCHER (Grn),Ian Alexander BROWN (LD),Danny GIBSON (Lab),Corrie MCCHORD (Lab),Steven PATERSON (SNP),3,6
1647,Benjamin KERR (Con),Johannes BUTSCHER (Grn),Ian Alexander BROWN (LD),Danny GIBSON (Lab),Corrie MCCHORD (Lab),Steven PATERSON (SNP),3,6
1648,Benjamin KERR (Con),Johannes BUTSCHER (Grn),Ian Alexander BROWN (LD),Danny GIBSON (Lab),Corrie MCCHORD (Lab),Steven PATERSON (SNP),3,6
1649,Benjamin KERR (Con),Johannes BUTSCHER (Grn),Ian Alexander BROWN (LD),Danny GIBSON (Lab),Steven PATERSON (SNP),Corrie MCCHORD (Lab),3,6
1650,Benjamin KERR (Con),Johannes BUTSCHER (Grn),Ian Alexander BROWN (LD),Corrie MCCHORD (Lab),Danny GIBSON (Lab),Steven PATERSON (SNP),3,6
1651,Benjamin KERR (Con),Johannes BUTSCHER (Grn),Danny GIBSON (Lab),skipped,skipped,skipped,3,6
1652,Benjamin KERR (Con),Johannes BUTSCHER (Grn),Danny GIBSON (Lab),skipped,skipped,skipped,3,6
1653,Benjamin KERR (Con),Johannes BUTSCHER (Grn),Danny GIBSON (Lab),Ian Alexander BROWN (LD),skipped,skipped,3,6
1654,Benjamin KERR (Con),Johannes BUTSCHER (Grn),Corrie MCCHORD (Lab),skipped,skipped,skipped,3,6
1655,Benjamin KERR (Con),Johannes BUTSCHER (Grn),Corrie MCCHORD (Lab),skipped,skipped,skipped,3,6
1656,Benjamin KERR (Con),Johannes BUTSCHER (Grn),Corrie MCCHORD (Lab),skipped,skipped,skipped,3,6
1657,Benjamin KERR (Con),Johannes BUTSCHER (Grn),Steven PATERSON (SNP),skipped,skipped,skipped,3,6
1658,Benjamin KERR (Con),Johannes BUTSCHER (Grn),Steven PATERSON (SNP),skipped,skipped,skipped,3,6
1659,Benjamin KERR (Con),Danny GIBSON (Lab),skipped,skipped,skipped,skipped,3,6
1660,Benjamin KERR (Con),Danny GIBSON (Lab),Ian Alexander BROWN (LD),skipped,skipped,skipped,3,6
1661,Benjamin KERR (Con),Danny GIBSON (Lab),Ian Alexander BROWN (LD),skipped,skipped,skipped,3,6
1662,Benjamin KERR (Con),Danny GIBSON (Lab),Ian Alexander BROWN (LD),skipped,skipped,skipped,3,6
1663,Benjamin KERR (Con),Danny GIBSON (Lab),Ian Alexander BROWN (LD),skipped,skipped,skipped,3,6
1664,Benjamin KERR (Con),Danny GIBSON (Lab),Ian Alexander BROWN (LD),skipped,skipped,skipped,3,6
1665,Benjamin KERR (Con),Danny GIBSON (Lab),Ian Alexander BROWN (LD),Corrie MCCHORD (Lab),skipped,skipped,3,6
1666,Benjamin KERR (Con),Danny GIBSON (Lab),Ian Alexander BROWN (LD),Corrie MCCHORD (Lab),Johannes BUTSCHER (Grn),Steven PATERSON (SNP),3,6
1667,Benjamin KERR (Con),Danny GIBSON (Lab),Ian Alexander BROWN (LD),Steven PATERSON (SNP),Corrie MCCHORD (Lab),Johannes BUTSCHER (Grn),3,6
1668,Benjamin KERR (Con),Danny GIBSON (Lab),Johannes BUTSCHER (Grn),Corrie MCCHORD (Lab),Ian Alexander BROWN (LD),Steven PATERSON (SNP),3,6
1669,Benjamin KERR (Con),Danny GIBSON (Lab),Corrie MCCHORD (Lab),skipped,skipped,skipped,3,6
1670,Benjamin KERR (Con),Danny GIBSON (Lab),Corrie MCCHORD (Lab),skipped,skipped,skipped,3,6
1671,Benjamin KERR (Con),Danny GIBSON (Lab),Corrie MCCHORD (Lab),skipped,skipped,skipped,3,6
1672,Benjamin KERR (Con),Danny GIBSON (Lab),Corrie MCCHORD (Lab),skipped,skipped,skipped,3,6
1673,Benjamin KERR (Con),Danny GIBSON (Lab),Corrie MCCHORD (Lab),Johannes BUTSCHER (Grn),skipped,skipped,3,6
1674,Benjamin KERR (Con),Corrie MCCHORD (Lab),skipped,skipped,skipped,skipped,3,6
1675,Benjamin KERR (Con),Corrie MCCHORD (Lab),skipped,skipped,skipped,skipped,3,6
1676,Benjamin KERR (Con),Corrie MCCHORD (Lab),skipped,skipped,skipped,skipped,3,6
1677,Benjamin KERR (Con),Corrie MCCHORD (Lab),skipped,skipped,skipped,skipped,3,6
1678,Benjamin KERR (Con),Corrie MCCHORD (Lab),skipped,skipped,skipped,skipped,3,6
1679,Benjamin KERR (Con),Corrie MCCHORD (Lab),Ian Alexander BROWN (LD),skipped,skipped,skipped,3,6
1680,Benjamin KERR (Con),Corrie MCCHORD (Lab),Ian Alexander BROWN (LD),skipped,skipped,skipped,3,6
1681,Benjamin KERR (Con),Corrie MCCHORD (Lab),Ian Alexander BROWN (LD),skipped,skipped,skipped,3,6
1682,Benjamin KERR (Con),Corrie MCCHORD (Lab),Ian Alexander BROWN (LD),Steven PATERSON (SNP),Danny GIBSON (Lab),Johannes BUTSCHER (Grn),3,6
1683,Benjamin KERR (Con),Corrie MCCHORD (Lab),Johannes BUTSCHER (Grn),skipped,skipped,skipped,3,6
1684,Benjamin KERR (Con),Corrie MCCHORD (Lab),Johannes BUTSCHER (Grn),skipped,skipped,skipped,3,6
1685,Benjamin KERR (Con),Corrie MCCHORD (Lab),Danny GIBSON (Lab),skipped,skipped,skipped,3,6
1686,Benjamin KERR (Con),Corrie MCCHORD (Lab),Danny GIBSON (Lab),skipped,skipped,skipped,3,6
1687,Benjamin KERR (Con),Corrie MCCHORD (Lab),Danny GIBSON (Lab),skipped,skipped,skipped,3,6
1688,Benjamin KERR (Con),Corrie MCCHORD (Lab),Danny GIBSON (Lab),skipped,skipped,skipped,3,6
1689,Benjamin KERR (Con),Corrie MCCHORD (Lab),Danny GIBSON (Lab),skipped,skipped,skipped,3,6
1690,Benjamin KERR (Con),Corrie MCCHORD (Lab),Danny GIBSON (Lab),skipped,skipped,skipped,3,6
1691,Benjamin KERR (Con),Corrie MCCHORD (Lab),Danny GIBSON (Lab),skipped,skipped,skipped,3,6
1692,Benjamin KERR (Con),Corrie MCCHORD (Lab),Danny GIBSON (Lab),Ian Alexander BROWN (LD),skipped,skipped,3,6
1693,Benjamin KERR (Con),Corrie MCCHORD (Lab),Danny GIBSON (Lab),Johannes BUTSCHER (Grn),skipped,skipped,3,6
1694,Benjamin KERR (Con),Corrie MCCHORD (Lab),Danny GIBSON (Lab),Johannes BUTSCHER (Grn),Ian Alexander BROWN (LD),skipped,3,6
1695,Benjamin KERR (Con),Corrie MCCHORD (Lab),Steven PATERSON (SNP),skipped,skipped,skipped,3,6
1696,Benjamin KERR (Con),Steven PATERSON (SNP),skipped,skipped,skipped,skipped,3,6
1697,Benjamin KERR (Con),Steven PATERSON (SNP),skipped,skipped,skipped,skipped,3,6
1698,Benjamin KERR (Con),Steven PATERSON (SNP),skipped,skipped,skipped,skipped,3,6
1699,Benjamin KERR (Con),Steven PATERSON (SNP),skipped,skipped,skipped,skipped,3,6
1700,Benjamin KERR (Con),Steven PATERSON (SNP),skipped,skipped,skipped,skipped,3,6
1701,Benjamin KERR (Con),Steven PATERSON (SNP),Ian Alexander BROWN (LD),skipped,skipped,skipped,3,6
1702,Benjamin KERR (Con),Steven PATERSON (SNP),Ian Alexander BROWN (LD),skipped,skipped,skipped,3,6
1703,Benjamin KERR (Con),Steven PATERSON (SNP),Ian Alexander BROWN (LD),skipped,skipped,skipped,3,6
1704,Benjamin KERR (Con),Steven PATERSON (SNP),Ian Alexander BROWN (LD),skipped,skipped,skipped,3,6
1705,Benjamin KERR (Con),Steven PATERSON (SNP),Ian Alexander BROWN (LD),skipped,skipped,skipped,3,6
1706,Benjamin KERR (Con),Steven PATERSON (SNP),Ian Alexander BROWN (LD),skipped,skipped,skipped,3,6
1707,Benjamin KERR (Con),Steven PATERSON (SNP),Ian Alexander BROWN (LD),skipped,skipped,skipped,3,6
1708,Benjamin KERR (Con),Steven PATERSON (SNP),Ian Alexander BROWN (LD),skipped,skipped,skipped,3,6
1709,Benjamin KERR (Con),Steven PATERSON (SNP),Ian Alexander BROWN (LD),skipped,skipped,skipped,3,6
1710,Benjamin KERR (Con),Steven PATERSON (SNP),Ian Alexander BROWN (LD),skipped,skipped,skipped,3,6
1711,Benjamin KERR (Con),Steven PATERSON (SNP),Ian Alexander BROWN (LD),Johannes BUTSCHER (Grn),skipped,skipped,3,6
1712,Benjamin KERR (Con),Steven PATERSON (SNP),Ian Alexander BROWN (LD),Johannes BUTSCHER (Grn),Danny GIBSON (Lab),Corrie MCCHORD (Lab),3,6
1713,Benjamin KERR (Con),Steven PATERSON (SNP),Ian Alexander BROWN (LD),Johannes BUTSCHER (Grn),Danny GIBSON (Lab),Corrie MCCHORD (Lab),3,6
1714,Benjamin KERR (Con),Steven PATERSON (SNP),Ian Alexander BROWN (LD),Johannes BUTSCHER (Grn),Corrie MCCHORD (Lab),Danny GIBSON (Lab),3,6
1715,Benjamin KERR (Con),Steven PATERSON (SNP),Johannes BUTSCHER (Grn),skipped,skipped,skipped,3,6
1716,Benjamin KERR (Con),Steven PATERSON (SNP),Johannes BUTSCHER (Grn),Danny GIBSON (Lab),Corrie MCCHORD (Lab),Ian Alexander BROWN (LD),3,6
1717,Benjamin KERR (Con),Steven PATERSON (SNP),Johannes BUTSCHER (Grn),Danny GIBSON (Lab),Corrie MCCHORD (Lab),Ian Alexander BROWN (LD),3,6
1718,Benjamin KERR (Con),Steven PATERSON (SNP),Danny GIBSON (Lab),skipped,skipped,skipped,3,6
1719,Benjamin KERR (Con),Steven PATERSON (SNP),Danny GIBSON (Lab),skipped,skipped,skipped,3,6
1720,Benjamin KERR (Con),Steven PATERSON (SNP),Danny GIBSON (Lab),skipped,skipped,skipped,3,6
1721,Benjamin KERR (Con),Steven PATERSON (SNP),Danny GIBSON (Lab),Corrie MCCHORD (Lab),Ian Alexander BROWN (LD),Johannes BUTSCHER (Grn),3,6
1722,Benjamin KERR (Con),Steven PATERSON (SNP),Danny GIBSON (Lab),Corrie MCCHORD (Lab),Ian Alexander BROWN (LD),Johannes BUTSCHER (Grn),3,6
1723,Benjamin KERR (Con),Steven PATERSON (SNP),Danny GIBSON (Lab),Corrie MCCHORD (Lab),Johannes BUTSCHER (Grn),Ian Alexander BROWN (LD),3,6
1724,Benjamin KERR (Con),Steven PATERSON (SNP),Corrie MCCHORD (Lab),skipped,skipped,skipped,3,6
1725,Benjamin KERR (Con),Steven PATERSON (SNP),Corrie MCCHORD (Lab),skipped,skipped,skipped,3,6
1726,Corrie MCCHORD (Lab),skipped,skipped,skipped,skipped,skipped,3,6
1727,Corrie MCCHORD (Lab),skipped,skipped,skipped,skipped,skipped,3,6
1728,Corrie MCCHORD (Lab),skipped,skipped,skipped,skipped,skipped,3,6
1729,Corrie MCCHORD (Lab),skipped,skipped,skipped,skipped,skipped,3,6
1730,Corrie MCCHORD (Lab),skipped,skipped,skipped,skipped,skipped,3,6
1731,Corrie MCCHORD (Lab),skipped,skipped,skipped,skipped,skipped,3,6
1732,Corrie MCCHORD (Lab),skipped,skipped,skipped,skipped,skipped,3,6
1733,Corrie MCCHORD (Lab),skipped,skipped,skipped,skipped,skipped,3,6
1734,Corrie MCCHORD (Lab),skipped,skipped,skipped,skipped,skipped,3,6
1735,Corrie MCCHORD (Lab),skipped,skipped,skipped,skipped,skipped,3,6
1736,Corrie MCCHORD (Lab),skipped,skipped,skipped,skipped,skipped,3,6
1737,Corrie MCCHORD (Lab),skipped,skipped,skipped,skipped,skipped,3,6
1738,Corrie MCCHORD (Lab),skipped,skipped,skipped,skipped,skipped,3,6
1739,Corrie MCCHORD (Lab),skipped,skipped,skipped,skipped,skipped,3,6
1740,Corrie MCCHORD (Lab),skipped,skipped,skipped,skipped,skipped,3,6
1741,Corrie MCCHORD (Lab),skipped,skipped,skipped,skipped,skipped,3,6
1742,Corrie MCCHORD (Lab),skipped,skipped,skipped,skipped,skipped,3,6
1743,Corrie MCCHORD (Lab),skipped,skipped,skipped,skipped,skipped,3,6
1744,Corrie MCCHORD (Lab),skipped,skipped,skipped,skipped,skipped,3,6
1745,Corrie MCCHORD (Lab),skipped,skipped,skipped,skipped,skipped,3,6
1746,Corrie MCCHORD (Lab),skipped,skipped,skipped,skipped,skipped,3,6
1747,Corrie MCCHORD (Lab),skipped,skipped,skipped,skipped,skipped,3,6
1748,Corrie MCCHORD (Lab),skipped,skipped,skipped,skipped,skipped,3,6
1749,Corrie MCCHORD (Lab),skipped,skipped,skipped,skipped,skipped,3,6
1750,Corrie MCCHORD (Lab),skipped,skipped,skipped,skipped,skipped,3,6
1751,Corrie MCCHORD (Lab),skipped,skipped,skipped,skipped,skipped,3,6
1752,Corrie MCCHORD (Lab),skipped,skipped,skipped,skipped,skipped,3,6
1753,Corrie MCCHORD (Lab),skipped,skipped,skipped,skipped,skipped,3,6
1754,Corrie MCCHORD (Lab),skipped,skipped,skipped,skipped,skipped,3,6
1755,Corrie MCCHORD (Lab),skipped,skipped,skipped,skipped,skipped,3,6
1756,Corrie MCCHORD (Lab),skipped,skipped,skipped,skipped,skipped,3,6
1757,Corrie MCCHORD (Lab),skipped,skipped,skipped,skipped,skipped,3,6
1758,Corrie MCCHORD (Lab),skipped,skipped,skipped,skipped,skipped,3,6
1759,Corrie MCCHORD (Lab),skipped,skipped,skipped,skipped,skipped,3,6
1760,Corrie MCCHORD (Lab),skipped,skipped,skipped,skipped,skipped,3,6
1761,Corrie MCCHORD (Lab),skipped,skipped,skipped,skipped,skipped,3,6
1762,Corrie MCCHORD (Lab),skipped,skipped,skipped,skipped,skipped,3,6
1763,Corrie MCCHORD (Lab),skipped,skipped,skipped,skipped,skipped,3,6
1764,Corrie MCCHORD (Lab),skipped,skipped,skipped,skipped,skipped,3,6
1765,Corrie MCCHORD (Lab),skipped,skipped,skipped,skipped,skipped,3,6
1766,Corrie MCCHORD (Lab),skipped,skipped,skipped,skipped,skipped,3,6
1767,Corrie MCCHORD (Lab),skipped,skipped,skipped,skipped,skipped,3,6
1768,Corrie MCCHORD (Lab),skipped,skipped,skipped,skipped,skipped,3,6
1769,Corrie MCCHORD (Lab),skipped,skipped,skipped,skipped,skipped,3,6
1770,Corrie MCCHORD (Lab),skipped,skipped,skipped,skipped,skipped,3,6
1771,Corrie MCCHORD (Lab),skipped,skipped,skipped,skipped,skipped,3,6
1772,Corrie MCCHORD (Lab),skipped,skipped,skipped,skipped,skipped,3,6
1773,Corrie MCCHORD (Lab),skipped,skipped,skipped,skipped,skipped,3,6
1774,Corrie MCCHORD (Lab),skipped,skipped,skipped,skipped,skipped,3,6
1775,Corrie MCCHORD (Lab),skipped,skipped,skipped,skipped,skipped,3,6
1776,Corrie MCCHORD (Lab),skipped,skipped,skipped,skipped,skipped,3,6
1777,Corrie MCCHORD (Lab),skipped,skipped,skipped,skipped,skipped,3,6
1778,Corrie MCCHORD (Lab),skipped,skipped,skipped,skipped,skipped,3,6
1779,Corrie MCCHORD (Lab),skipped,skipped,skipped,skipped,skipped,3,6
1780,Corrie MCCHORD (Lab),skipped,skipped,skipped,skipped,skipped,3,6
1781,Corrie MCCHORD (Lab),skipped,skipped,skipped,skipped,skipped,3,6
1782,Corrie MCCHORD (Lab),skipped,skipped,skipped,skipped,skipped,3,6
1783,Corrie MCCHORD (Lab),skipped,skipped,skipped,skipped,skipped,3,6
1784,Corrie MCCHORD (Lab),skipped,skipped,skipped,skipped,skipped,3,6
1785,Corrie MCCHORD (Lab),skipped,skipped,skipped,skipped,skipped,3,6
1786,Corrie MCCHORD (Lab),skipped,skipped,skipped,skipped,skipped,3,6
1787,Corrie MCCHORD (Lab),skipped,skipped,skipped,skipped,skipped,3,6
1788,Corrie MCCHORD (Lab),skipped,skipped,skipped,skipped,skipped,3,6
1789,Corrie MCCHORD (Lab),skipped,skipped,skipped,skipped,skipped,3,6
1790,Corrie MCCHORD (Lab),skipped,skipped,skipped,skipped,skipped,3,6
1791,Corrie MCCHORD (Lab),skipped,skipped,skipped,skipped,skipped,3,6
1792,Corrie MCCHORD (Lab),skipped,skipped,skipped,skipped,skipped,3,6
1793,Corrie MCCHORD (Lab),skipped,skipped,skipped,skipped,skipped,3,6
1794,Corrie MCCHORD (Lab),skipped,skipped,skipped,skipped,skipped,3,6
1795,Corrie MCCHORD (Lab),skipped,skipped,skipped,skipped,skipped,3,6
1796,Corrie MCCHORD (Lab),skipped,skipped,skipped,skipped,skipped,3,6
1797,Corrie MCCHORD (Lab),skipped,skipped,skipped,skipped,skipped,3,6
1798,Corrie MCCHORD (Lab),skipped,skipped,skipped,skipped,skipped,3,6
1799,Corrie MCCHORD (Lab),skipped,skipped,skipped,skipped,skipped,3,6
1800,Corrie MCCHORD (Lab),skipped,skipped,skipped,skipped,skipped,3,6
1801,Corrie MCCHORD (Lab),skipped,skipped,skipped,skipped,skipped,3,6
1802,Corrie MCCHORD (Lab),skipped,skipped,skipped,skipped,skipped,3,6
1803,Corrie MCCHORD (Lab),skipped,skipped,skipped,skipped,skipped,3,6
1804,Corrie MCCHORD (Lab),skipped,skipped,skipped,skipped,skipped,3,6
1805,Corrie MCCHORD (Lab),skipped,skipped,skipped,skipped,skipped,3,6
1806,Corrie MCCHORD (Lab),skipped,skipped,skipped,skipped,skipped,3,6
1807,Corrie MCCHORD (Lab),Ian Alexander BROWN (LD),skipped,skipped,skipped,skipped,3,6
1808,Corrie MCCHORD (Lab),Ian Alexander BROWN (LD),Johannes BUTSCHER (Grn),skipped,skipped,skipped,3,6
1809,Corrie MCCHORD (Lab),Ian Alexander BROWN (LD),Johannes BUTSCHER (Grn),skipped,skipped,skipped,3,6
1810,Corrie MCCHORD (Lab),Ian Alexander BROWN (LD),Johannes BUTSCHER (Grn),Danny GIBSON (Lab),skipped,skipped,3,6
1811,Corrie MCCHORD (Lab),Ian Alexander BROWN (LD),Danny GIBSON (Lab),skipped,skipped,skipped,3,6
1812,Corrie MCCHORD (Lab),Ian Alexander BROWN (LD),Danny GIBSON (Lab),skipped,skipped,skipped,3,6
1813,Corrie MCCHORD (Lab),Ian Alexander BROWN (LD),Danny GIBSON (Lab),Johannes BUTSCHER (Grn),Benjamin KERR (Con),Steven PATERSON (SNP),3,6
1814,Corrie MCCHORD (Lab),Ian Alexander BROWN (LD),Danny GIBSON (Lab),Benjamin KERR (Con),skipped,skipped,3,6
1815,Corrie MCCHORD (Lab),Ian Alexander BROWN (LD),Danny GIBSON (Lab),Steven PATERSON (SNP),skipped,skipped,3,6
1816,Corrie MCCHORD (Lab),Ian Alexander BROWN (LD),Benjamin KERR (Con),skipped,skipped,skipped,3,6
1817,Corrie MCCHORD (Lab),Ian Alexander BROWN (LD),Steven PATERSON (SNP),skipped,skipped,skipped,3,6
1818,Corrie MCCHORD (Lab),Ian Alexander BROWN (LD),Steven PATERSON (SNP),skipped,skipped,skipped,3,6
1819,Corrie MCCHORD (Lab),Ian Alexander BROWN (LD),Steven PATERSON (SNP),skipped,skipped,skipped,3,6
1820,Corrie MCCHORD (Lab),Ian Alexander BROWN (LD),Steven PATERSON (SNP),Danny GIBSON (Lab),Benjamin KERR (Con),Johannes BUTSCHER (Grn),3,6
1821,Corrie MCCHORD (Lab),Johannes BUTSCHER (Grn),skipped,skipped,skipped,skipped,3,6
1822,Corrie MCCHORD (Lab),Johannes BUTSCHER (Grn),skipped,skipped,skipped,skipped,3,6
1823,Corrie MCCHORD (Lab),Johannes BUTSCHER (Grn),Danny GIBSON (Lab),skipped,skipped,skipped,3,6
1824,Corrie MCCHORD (Lab),Johannes BUTSCHER (Grn),Danny GIBSON (Lab),skipped,skipped,skipped,3,6
1825,Corrie MCCHORD (Lab),Johannes BUTSCHER (Grn),Danny GIBSON (Lab),Ian Alexander BROWN (LD),Benjamin KERR (Con),Steven PATERSON (SNP),3,6
1826,Corrie MCCHORD (Lab),Johannes BUTSCHER (Grn),Danny GIBSON (Lab),Benjamin KERR (Con),Ian Alexander BROWN (LD),Steven PATERSON (SNP),3,6
1827,Corrie MCCHORD (Lab),Johannes BUTSCHER (Grn),Danny GIBSON (Lab),Steven PATERSON (SNP),Ian Alexander BROWN (LD),Benjamin KERR (Con),3,6
1828,Corrie MCCHORD (Lab),Johannes BUTSCHER (Grn),Danny GIBSON (Lab),Steven PATERSON (SNP),Benjamin KERR (Con),Ian Alexander BROWN (LD),3,6
1829,Corrie MCCHORD (Lab),Johannes BUTSCHER (Grn),Benjamin KERR (Con),skipped,skipped,skipped,3,6
1830,Corrie MCCHORD (Lab),Johannes BUTSCHER (Grn),Steven PATERSON (SNP),skipped,skipped,skipped,3,6
1831,Corrie MCCHORD (Lab),Johannes BUTSCHER (Grn),Steven PATERSON (SNP),skipped,skipped,skipped,3,6
1832,Corrie MCCHORD (Lab),Johannes BUTSCHER (Grn),Steven PATERSON (SNP),Ian Alexander BROWN (LD),Danny GIBSON (Lab),Benjamin KERR (Con),3,6
1833,Corrie MCCHORD (Lab),Johannes BUTSCHER (Grn),Steven PATERSON (SNP),Danny GIBSON (Lab),skipped,skipped,3,6
1834,Corrie MCCHORD (Lab),Danny GIBSON (Lab),skipped,skipped,skipped,skipped,3,6
1835,Corrie MCCHORD (Lab),Danny GIBSON (Lab),skipped,skipped,skipped,skipped,3,6
1836,Corrie MCCHORD (Lab),Danny GIBSON (Lab),skipped,skipped,skipped,skipped,3,6
1837,Corrie MCCHORD (Lab),Danny GIBSON (Lab),skipped,skipped,skipped,skipped,3,6
1838,Corrie MCCHORD (Lab),Danny GIBSON (Lab),skipped,skipped,skipped,skipped,3,6
1839,Corrie MCCHORD (Lab),Danny GIBSON (Lab),skipped,skipped,skipped,skipped,3,6
1840,Corrie MCCHORD (Lab),Danny GIBSON (Lab),skipped,skipped,skipped,skipped,3,6
1841,Corrie MCCHORD (Lab),Danny GIBSON (Lab),skipped,skipped,skipped,skipped,3,6
1842,Corrie MCCHORD (Lab),Danny GIBSON (Lab),skipped,skipped,skipped,skipped,3,6
1843,Corrie MCCHORD (Lab),Danny GIBSON (Lab),skipped,skipped,skipped,skipped,3,6
1844,Corrie MCCHORD (Lab),Danny GIBSON (Lab),skipped,skipped,skipped,skipped,3,6
1845,Corrie MCCHORD (Lab),Danny GIBSON (Lab),skipped,skipped,skipped,skipped,3,6
1846,Corrie MCCHORD (Lab),Danny GIBSON (Lab),skipped,skipped,skipped,skipped,3,6
1847,Corrie MCCHORD (Lab),Danny GIBSON (Lab),skipped,skipped,skipped,skipped,3,6
1848,Corrie MCCHORD (Lab),Danny GIBSON (Lab),skipped,skipped,skipped,skipped,3,6
1849,Corrie MCCHORD (Lab),Danny GIBSON (Lab),skipped,skipped,skipped,skipped,3,6
1850,Corrie MCCHORD (Lab),Danny GIBSON (Lab),skipped,skipped,skipped,skipped,3,6
1851,Corrie MCCHORD (Lab),Danny GIBSON (Lab),skipped,skipped,skipped,skipped,3,6
1852,Corrie MCCHORD (Lab),Danny GIBSON (Lab),skipped,skipped,skipped,skipped,3,6
1853,Corrie MCCHORD (Lab),Danny GIBSON (Lab),skipped,skipped,skipped,skipped,3,6
1854,Corrie MCCHORD (Lab),Danny GIBSON (Lab),skipped,skipped,skipped,skipped,3,6
1855,Corrie MCCHORD (Lab),Danny GIBSON (Lab),skipped,skipped,skipped,skipped,3,6
1856,Corrie MCCHORD (Lab),Danny GIBSON (Lab),skipped,skipped,skipped,skipped,3,6
1857,Corrie MCCHORD (Lab),Danny GIBSON (Lab),skipped,skipped,skipped,skipped,3,6
1858,Corrie MCCHORD (Lab),Danny GIBSON (Lab),skipped,skipped,skipped,skipped,3,6
1859,Corrie MCCHORD (Lab),Danny GIBSON (Lab),skipped,skipped,skipped,skipped,3,6
1860,Corrie MCCHORD (Lab),Danny GIBSON (Lab),skipped,skipped,skipped,skipped,3,6
1861,Corrie MCCHORD (Lab),Danny GIBSON (Lab),skipped,skipped,skipped,skipped,3,6
1862,Corrie MCCHORD (Lab),Danny GIBSON (Lab),skipped,skipped,skipped,skipped,3,6
1863,Corrie MCCHORD (Lab),Danny GIBSON (Lab),skipped,skipped,skipped,skipped,3,6
1864,Corrie MCCHORD (Lab),Danny GIBSON (Lab),skipped,skipped,skipped,skipped,3,6
1865,Corrie MCCHORD (Lab),Danny GIBSON (Lab),skipped,skipped,skipped,skipped,3,6
1866,Corrie MCCHORD (Lab),Danny GIBSON (Lab),skipped,skipped,skipped,skipped,3,6
1867,Corrie MCCHORD (Lab),Danny GIBSON (Lab),skipped,skipped,skipped,skipped,3,6
1868,Corrie MCCHORD (Lab),Danny GIBSON (Lab),skipped,skipped,skipped,skipped,3,6
1869,Corrie MCCHORD (Lab),Danny GIBSON (Lab),skipped,skipped,skipped,skipped,3,6
1870,Corrie MCCHORD (Lab),Danny GIBSON (Lab),skipped,skipped,skipped,skipped,3,6
1871,Corrie MCCHORD (Lab),Danny GIBSON (Lab),skipped,skipped,skipped,skipped,3,6
1872,Corrie MCCHORD (Lab),Danny GIBSON (Lab),skipped,skipped,skipped,skipped,3,6
1873,Corrie MCCHORD (Lab),Danny GIBSON (Lab),skipped,skipped,skipped,skipped,3,6
1874,Corrie MCCHORD (Lab),Danny GIBSON (Lab),skipped,skipped,skipped,skipped,3,6
1875,Corrie MCCHORD (Lab),Danny GIBSON (Lab),skipped,skipped,skipped,skipped,3,6
1876,Corrie MCCHORD (Lab),Danny GIBSON (Lab),skipped,skipped,skipped,skipped,3,6
1877,Corrie MCCHORD (Lab),Danny GIBSON (Lab),skipped,skipped,skipped,skipped,3,6
1878,Corrie MCCHORD (Lab),Danny GIBSON (Lab),skipped,skipped,skipped,skipped,3,6
1879,Corrie MCCHORD (Lab),Danny GIBSON (Lab),skipped,skipped,skipped,skipped,3,6
1880,Corrie MCCHORD (Lab),Danny GIBSON (Lab),skipped,skipped,skipped,skipped,3,6
1881,Corrie MCCHORD (Lab),Danny GIBSON (Lab),skipped,skipped,skipped,skipped,3,6
1882,Corrie MCCHORD (Lab),Danny GIBSON (Lab),skipped,skipped,skipped,skipped,3,6
1883,Corrie MCCHORD (Lab),Danny GIBSON (Lab),skipped,skipped,skipped,skipped,3,6
1884,Corrie MCCHORD (Lab),Danny GIBSON (Lab),skipped,skipped,skipped,skipped,3,6
1885,Corrie MCCHORD (Lab),Danny GIBSON (Lab),skipped,skipped,skipped,skipped,3,6
1886,Corrie MCCHORD (Lab),Danny GIBSON (Lab),skipped,skipped,skipped,skipped,3,6
1887,Corrie MCCHORD (Lab),Danny GIBSON (Lab),skipped,skipped,skipped,skipped,3,6
1888,Corrie MCCHORD (Lab),Danny GIBSON (Lab),skipped,skipped,skipped,skipped,3,6
1889,Corrie MCCHORD (Lab),Danny GIBSON (Lab),skipped,skipped,skipped,skipped,3,6
1890,Corrie MCCHORD (Lab),Danny GIBSON (Lab),skipped,skipped,skipped,skipped,3,6
1891,Corrie MCCHORD (Lab),Danny GIBSON (Lab),skipped,skipped,skipped,skipped,3,6
1892,Corrie MCCHORD (Lab),Danny GIBSON (Lab),skipped,skipped,skipped,skipped,3,6
1893,Corrie MCCHORD (Lab),Danny GIBSON (Lab),skipped,skipped,skipped,skipped,3,6
1894,Corrie MCCHORD (Lab),Danny GIBSON (Lab),skipped,skipped,skipped,skipped,3,6
1895,Corrie MCCHORD (Lab),Danny GIBSON (Lab),skipped,skipped,skipped,skipped,3,6
1896,Corrie MCCHORD (Lab),Danny GIBSON (Lab),skipped,skipped,skipped,skipped,3,6
1897,Corrie MCCHORD (Lab),Danny GIBSON (Lab),skipped,skipped,skipped,skipped,3,6
1898,Corrie MCCHORD (Lab),Danny GIBSON (Lab),skipped,skipped,skipped,skipped,3,6
1899,Corrie MCCHORD (Lab),Danny GIBSON (Lab),skipped,skipped,skipped,skipped,3,6
1900,Corrie MCCHORD (Lab),Danny GIBSON (Lab),skipped,skipped,skipped,skipped,3,6
1901,Corrie MCCHORD (Lab),Danny GIBSON (Lab),skipped,skipped,skipped,skipped,3,6
1902,Corrie MCCHORD (Lab),Danny GIBSON (Lab),skipped,skipped,skipped,skipped,3,6
1903,Corrie MCCHORD (Lab),Danny GIBSON (Lab),skipped,skipped,skipped,skipped,3,6
1904,Corrie MCCHORD (Lab),Danny GIBSON (Lab),skipped,skipped,skipped,skipped,3,6
1905,Corrie MCCHORD (Lab),Danny GIBSON (Lab),skipped,skipped,skipped,skipped,3,6
1906,Corrie MCCHORD (Lab),Danny GIBSON (Lab),skipped,skipped,skipped,skipped,3,6
1907,Corrie MCCHORD (Lab),Danny GIBSON (Lab),skipped,skipped,skipped,skipped,3,6
1908,Corrie MCCHORD (Lab),Danny GIBSON (Lab),skipped,skipped,skipped,skipped,3,6
1909,Corrie MCCHORD (Lab),Danny GIBSON (Lab),skipped,skipped,skipped,skipped,3,6
1910,Corrie MCCHORD (Lab),Danny GIBSON (Lab),skipped,skipped,skipped,skipped,3,6
1911,Corrie MCCHORD (Lab),Danny GIBSON (Lab),skipped,skipped,skipped,skipped,3,6
1912,Corrie MCCHORD (Lab),Danny GIBSON (Lab),skipped,skipped,skipped,skipped,3,6
1913,Corrie MCCHORD (Lab),Danny GIBSON (Lab),skipped,skipped,skipped,skipped,3,6
1914,Corrie MCCHORD (Lab),Danny GIBSON (Lab),skipped,skipped,skipped,skipped,3,6
1915,Corrie MCCHORD (Lab),Danny GIBSON (Lab),skipped,skipped,skipped,skipped,3,6
1916,Corrie MCCHORD (Lab),Danny GIBSON (Lab),skipped,skipped,skipped,skipped,3,6
1917,Corrie MCCHORD (Lab),Danny GIBSON (Lab),skipped,skipped,skipped,skipped,3,6
1918,Corrie MCCHORD (Lab),Danny GIBSON (Lab),skipped,skipped,skipped,skipped,3,6
1919,Corrie MCCHORD (Lab),Danny GIBSON (Lab),skipped,skipped,skipped,skipped,3,6
1920,Corrie MCCHORD (Lab),Danny GIBSON (Lab),skipped,skipped,skipped,skipped,3,6
1921,Corrie MCCHORD (Lab),Danny GIBSON (Lab),skipped,skipped,skipped,skipped,3,6
1922,Corrie MCCHORD (Lab),Danny GIBSON (Lab),skipped,skipped,skipped,skipped,3,6
1923,Corrie MCCHORD (Lab),Danny GIBSON (Lab),skipped,skipped,skipped,skipped,3,6
1924,Corrie MCCHORD (Lab),Danny GIBSON (Lab),skipped,skipped,skipped,skipped,3,6
1925,Corrie MCCHORD (Lab),Danny GIBSON (Lab),skipped,skipped,skipped,skipped,3,6
1926,Corrie MCCHORD (Lab),Danny GIBSON (Lab),skipped,skipped,skipped,skipped,3,6
1927,Corrie MCCHORD (Lab),Danny GIBSON (Lab),skipped,skipped,skipped,skipped,3,6
1928,Corrie MCCHORD (Lab),Danny GIBSON (Lab),skipped,skipped,skipped,skipped,3,6
1929,Corrie MCCHORD (Lab),Danny GIBSON (Lab),skipped,skipped,skipped,skipped,3,6
1930,Corrie MCCHORD (Lab),Danny GIBSON (Lab),skipped,skipped,skipped,skipped,3,6
1931,Corrie MCCHORD (Lab),Danny GIBSON (Lab),skipped,skipped,skipped,skipped,3,6
1932,Corrie MCCHORD (Lab),Danny GIBSON (Lab),skipped,skipped,skipped,skipped,3,6
1933,Corrie MCCHORD (Lab),Danny GIBSON (Lab),skipped,skipped,skipped,skipped,3,6
1934,Corrie MCCHORD (Lab),Danny GIBSON (Lab),skipped,skipped,skipped,skipped,3,6
1935,Corrie MCCHORD (Lab),Danny GIBSON (Lab),skipped,skipped,skipped,skipped,3,6
1936,Corrie MCCHORD (Lab),Danny GIBSON (Lab),skipped,skipped,skipped,skipped,3,6
1937,Corrie MCCHORD (Lab),Danny GIBSON (Lab),skipped,skipped,skipped,skipped,3,6
1938,Corrie MCCHORD (Lab),Danny GIBSON (Lab),skipped,skipped,skipped,skipped,3,6
1939,Corrie MCCHORD (Lab),Danny GIBSON (Lab),skipped,skipped,skipped,skipped,3,6
1940,Corrie MCCHORD (Lab),Danny GIBSON (Lab),skipped,skipped,skipped,skipped,3,6
1941,Corrie MCCHORD (Lab),Danny GIBSON (Lab),skipped,skipped,skipped,skipped,3,6
1942,Corrie MCCHORD (Lab),Danny GIBSON (Lab),skipped,skipped,skipped,skipped,3,6
1943,Corrie MCCHORD (Lab),Danny GIBSON (Lab),skipped,skipped,skipped,skipped,3,6
1944,Corrie MCCHORD (Lab),Danny GIBSON (Lab),skipped,skipped,skipped,skipped,3,6
1945,Corrie MCCHORD (Lab),Danny GIBSON (Lab),skipped,skipped,skipped,skipped,3,6
1946,Corrie MCCHORD (Lab),Danny GIBSON (Lab),skipped,skipped,skipped,skipped,3,6
1947,Corrie MCCHORD (Lab),Danny GIBSON (Lab),skipped,skipped,skipped,skipped,3,6
1948,Corrie MCCHORD (Lab),Danny GIBSON (Lab),skipped,skipped,skipped,skipped,3,6
1949,Corrie MCCHORD (Lab),Danny GIBSON (Lab),skipped,skipped,skipped,skipped,3,6
1950,Corrie MCCHORD (Lab),Danny GIBSON (Lab),skipped,skipped,skipped,skipped,3,6
1951,Corrie MCCHORD (Lab),Danny GIBSON (Lab),skipped,skipped,skipped,skipped,3,6
1952,Corrie MCCHORD (Lab),Danny GIBSON (Lab),skipped,skipped,skipped,skipped,3,6
1953,Corrie MCCHORD (Lab),Danny GIBSON (Lab),skipped,skipped,skipped,skipped,3,6
1954,Corrie MCCHORD (Lab),Danny GIBSON (Lab),skipped,skipped,skipped,skipped,3,6
1955,Corrie MCCHORD (Lab),Danny GIBSON (Lab),skipped,skipped,skipped,skipped,3,6
1956,Corrie MCCHORD (Lab),Danny GIBSON (Lab),skipped,skipped,skipped,skipped,3,6
1957,Corrie MCCHORD (Lab),Danny GIBSON (Lab),skipped,skipped,skipped,skipped,3,6
1958,Corrie MCCHORD (Lab),Danny GIBSON (Lab),skipped,skipped,skipped,skipped,3,6
1959,Corrie MCCHORD (Lab),Danny GIBSON (Lab),skipped,skipped,skipped,skipped,3,6
1960,Corrie MCCHORD (Lab),Danny GIBSON (Lab),skipped,skipped,skipped,skipped,3,6
1961,Corrie MCCHORD (Lab),Danny GIBSON (Lab),skipped,skipped,skipped,skipped,3,6
1962,Corrie MCCHORD (Lab),Danny GIBSON (Lab),skipped,skipped,skipped,skipped,3,6
1963,Corrie MCCHORD (Lab),Danny GIBSON (Lab),skipped,skipped,skipped,skipped,3,6
1964,Corrie MCCHORD (Lab),Danny GIBSON (Lab),skipped,skipped,skipped,skipped,3,6
1965,Corrie MCCHORD (Lab),Danny GIBSON (Lab),skipped,skipped,skipped,skipped,3,6
1966,Corrie MCCHORD (Lab),Danny GIBSON (Lab),skipped,skipped,skipped,skipped,3,6
1967,Corrie MCCHORD (Lab),Danny GIBSON (Lab),skipped,skipped,skipped,skipped,3,6
1968,Corrie MCCHORD (Lab),Danny GIBSON (Lab),skipped,skipped,skipped,skipped,3,6
1969,Corrie MCCHORD (Lab),Danny GIBSON (Lab),skipped,skipped,skipped,skipped,3,6
1970,Corrie MCCHORD (Lab),Danny GIBSON (Lab),skipped,skipped,skipped,skipped,3,6
1971,Corrie MCCHORD (Lab),Danny GIBSON (Lab),skipped,skipped,skipped,skipped,3,6
1972,Corrie MCCHORD (Lab),Danny GIBSON (Lab),skipped,skipped,skipped,skipped,3,6
1973,Corrie MCCHORD (Lab),Danny GIBSON (Lab),skipped,skipped,skipped,skipped,3,6
1974,Corrie MCCHORD (Lab),Danny GIBSON (Lab),skipped,skipped,skipped,skipped,3,6
1975,Corrie MCCHORD (Lab),Danny GIBSON (Lab),skipped,skipped,skipped,skipped,3,6
1976,Corrie MCCHORD (Lab),Danny GIBSON (Lab),skipped,skipped,skipped,skipped,3,6
1977,Corrie MCCHORD (Lab),Danny GIBSON (Lab),skipped,skipped,skipped,skipped,3,6
1978,Corrie MCCHORD (Lab),Danny GIBSON (Lab),skipped,skipped,skipped,skipped,3,6
1979,Corrie MCCHORD (Lab),Danny GIBSON (Lab),skipped,skipped,skipped,skipped,3,6
1980,Corrie MCCHORD (Lab),Danny GIBSON (Lab),skipped,skipped,skipped,skipped,3,6
1981,Corrie MCCHORD (Lab),Danny GIBSON (Lab),skipped,skipped,skipped,skipped,3,6
1982,Corrie MCCHORD (Lab),Danny GIBSON (Lab),skipped,skipped,skipped,skipped,3,6
1983,Corrie MCCHORD (Lab),Danny GIBSON (Lab),skipped,skipped,skipped,skipped,3,6
1984,Corrie MCCHORD (Lab),Danny GIBSON (Lab),skipped,skipped,skipped,skipped,3,6
1985,Corrie MCCHORD (Lab),Danny GIBSON (Lab),skipped,skipped,skipped,skipped,3,6
1986,Corrie MCCHORD (Lab),Danny GIBSON (Lab),skipped,skipped,skipped,skipped,3,6
1987,Corrie MCCHORD (Lab),Danny GIBSON (Lab),skipped,skipped,skipped,skipped,3,6
1988,Corrie MCCHORD (Lab),Danny GIBSON (Lab),skipped,skipped,skipped,skipped,3,6
1989,Corrie MCCHORD (Lab),Danny GIBSON (Lab),skipped,skipped,skipped,skipped,3,6
1990,Corrie MCCHORD (Lab),Danny GIBSON (Lab),skipped,skipped,skipped,skipped,3,6
1991,Corrie MCCHORD (Lab),Danny GIBSON (Lab),skipped,skipped,skipped,skipped,3,6
1992,Corrie MCCHORD (Lab),Danny GIBSON (Lab),skipped,skipped,skipped,skipped,3,6
1993,Corrie MCCHORD (Lab),Danny GIBSON (Lab),skipped,skipped,skipped,skipped,3,6
1994,Corrie MCCHORD (Lab),Danny GIBSON (Lab),skipped,skipped,skipped,skipped,3,6
1995,Corrie MCCHORD (Lab),Danny GIBSON (Lab),skipped,skipped,skipped,skipped,3,6
1996,Corrie MCCHORD (Lab),Danny GIBSON (Lab),skipped,skipped,skipped,skipped,3,6
1997,Corrie MCCHORD (Lab),Danny GIBSON (Lab),skipped,skipped,skipped,skipped,3,6
1998,Corrie MCCHORD (Lab),Danny GIBSON (Lab),skipped,skipped,skipped,skipped,3,6
1999,Corrie MCCHORD (Lab),Danny GIBSON (Lab),skipped,skipped,skipped,skipped,3,6
2000,Corrie MCCHORD (Lab),Danny GIBSON (Lab),skipped,skipped,skipped,skipped,3,6
2001,Corrie MCCHORD (Lab),Danny GIBSON (Lab),skipped,skipped,skipped,skipped,3,6
2002,Corrie MCCHORD (Lab),Danny GIBSON (Lab),skipped,skipped,skipped,skipped,3,6
2003,Corrie MCCHORD (Lab),Danny GIBSON (Lab),skipped,skipped,skipped,skipped,3,6
2004,Corrie MCCHORD (Lab),Danny GIBSON (Lab),skipped,skipped,skipped,skipped,3,6
2005,Corrie MCCHORD (Lab),Danny GIBSON (Lab),skipped,skipped,skipped,skipped,3,6
2006,Corrie MCCHORD (Lab),Danny GIBSON (Lab),skipped,skipped,skipped,skipped,3,6
2007,Corrie MCCHORD (Lab),Danny GIBSON (Lab),skipped,skipped,skipped,skipped,3,6
2008,Corrie MCCHORD (Lab),Danny GIBSON (Lab),skipped,skipped,skipped,skipped,3,6
2009,Corrie MCCHORD (Lab),Danny GIBSON (Lab),skipped,skipped,skipped,skipped,3,6
2010,Corrie MCCHORD (Lab),Danny GIBSON (Lab),skipped,skipped,skipped,skipped,3,6
2011,Corrie MCCHORD (Lab),Danny GIBSON (Lab),skipped,skipped,skipped,skipped,3,6
2012,Corrie MCCHORD (Lab),Danny GIBSON (Lab),skipped,skipped,skipped,skipped,3,6
2013,Corrie MCCHORD (Lab),Danny GIBSON (Lab),skipped,skipped,skipped,skipped,3,6
2014,Corrie MCCHORD (Lab),Danny GIBSON (Lab),skipped,skipped,skipped,skipped,3,6
2015,Corrie MCCHORD (Lab),Danny GIBSON (Lab),skipped,skipped,skipped,skipped,3,6
2016,Corrie MCCHORD (Lab),Danny GIBSON (Lab),skipped,skipped,skipped,skipped,3,6
2017,Corrie MCCHORD (Lab),Danny GIBSON (Lab),skipped,skipped,skipped,skipped,3,6
2018,Corrie MCCHORD (Lab),Danny GIBSON (Lab),skipped,skipped,skipped,skipped,3,6
2019,Corrie MCCHORD (Lab),Danny GIBSON (Lab),skipped,skipped,skipped,skipped,3,6
2020,Corrie MCCHORD (Lab),Danny GIBSON (Lab),skipped,skipped,skipped,skipped,3,6
2021,Corrie MCCHORD (Lab),Danny GIBSON (Lab),skipped,skipped,skipped,skipped,3,6
2022,Corrie MCCHORD (Lab),Danny GIBSON (Lab),skipped,skipped,skipped,skipped,3,6
2023,Corrie MCCHORD (Lab),Danny GIBSON (Lab),skipped,skipped,skipped,skipped,3,6
2024,Corrie MCCHORD (Lab),Danny GIBSON (Lab),skipped,skipped,skipped,skipped,3,6
2025,Corrie MCCHORD (Lab),Danny GIBSON (Lab),skipped,skipped,skipped,skipped,3,6
2026,Corrie MCCHORD (Lab),Danny GIBSON (Lab),skipped,skipped,skipped,skipped,3,6
2027,Corrie MCCHORD (Lab),Danny GIBSON (Lab),skipped,skipped,skipped,skipped,3,6
2028,Corrie MCCHORD (Lab),Danny GIBSON (Lab),skipped,skipped,skipped,skipped,3,6
2029,Corrie MCCHORD (Lab),Danny GIBSON (Lab),skipped,skipped,skipped,skipped,3,6
2030,Corrie MCCHORD (Lab),Danny GIBSON (Lab),skipped,skipped,skipped,skipped,3,6
2031,Corrie MCCHORD (Lab),Danny GIBSON (Lab),skipped,skipped,skipped,skipped,3,6
2032,Corrie MCCHORD (Lab),Danny GIBSON (Lab),skipped,skipped,skipped,skipped,3,6
2033,Corrie MCCHORD (Lab),Danny GIBSON (Lab),skipped,skipped,skipped,skipped,3,6
2034,Corrie MCCHORD (Lab),Danny GIBSON (Lab),skipped,skipped,skipped,skipped,3,6
2035,Corrie MCCHORD (Lab),Danny GIBSON (Lab),skipped,skipped,skipped,skipped,3,6
2036,Corrie MCCHORD (Lab),Danny GIBSON (Lab),skipped,skipped,skipped,skipped,3,6
2037,Corrie MCCHORD (Lab),Danny GIBSON (Lab),skipped,skipped,skipped,skipped,3,6
2038,Corrie MCCHORD (Lab),Danny GIBSON (Lab),skipped,skipped,skipped,skipped,3,6
2039,Corrie MCCHORD (Lab),Danny GIBSON (Lab),skipped,skipped,skipped,skipped,3,6
2040,Corrie MCCHORD (Lab),Danny GIBSON (Lab),skipped,skipped,skipped,skipped,3,6
2041,Corrie MCCHORD (Lab),Danny GIBSON (Lab),skipped,skipped,skipped,skipped,3,6
2042,Corrie MCCHORD (Lab),Danny GIBSON (Lab),skipped,skipped,skipped,skipped,3,6
2043,Corrie MCCHORD (Lab),Danny GIBSON (Lab),skipped,skipped,skipped,skipped,3,6
2044,Corrie MCCHORD (Lab),Danny GIBSON (Lab),skipped,skipped,skipped,skipped,3,6
2045,Corrie MCCHORD (Lab),Danny GIBSON (Lab),skipped,skipped,skipped,skipped,3,6
2046,Corrie MCCHORD (Lab),Danny GIBSON (Lab),skipped,skipped,skipped,skipped,3,6
2047,Corrie MCCHORD (Lab),Danny GIBSON (Lab),skipped,skipped,skipped,skipped,3,6
2048,Corrie MCCHORD (Lab),Danny GIBSON (Lab),skipped,skipped,skipped,skipped,3,6
2049,Corrie MCCHORD (Lab),Danny GIBSON (Lab),skipped,skipped,skipped,skipped,3,6
2050,Corrie MCCHORD (Lab),Danny GIBSON (Lab),skipped,skipped,skipped,skipped,3,6
2051,Corrie MCCHORD (Lab),Danny GIBSON (Lab),skipped,skipped,skipped,skipped,3,6
2052,Corrie MCCHORD (Lab),Danny GIBSON (Lab),skipped,skipped,skipped,skipped,3,6
2053,Corrie MCCHORD (Lab),Danny GIBSON (Lab),skipped,skipped,skipped,skipped,3,6
2054,Corrie MCCHORD (Lab),Danny GIBSON (Lab),skipped,skipped,skipped,skipped,3,6
2055,Corrie MCCHORD (Lab),Danny GIBSON (Lab),skipped,skipped,skipped,skipped,3,6
2056,Corrie MCCHORD (Lab),Danny GIBSON (Lab),skipped,skipped,skipped,skipped,3,6
2057,Corrie MCCHORD (Lab),Danny GIBSON (Lab),skipped,skipped,skipped,skipped,3,6
2058,Corrie MCCHORD (Lab),Danny GIBSON (Lab),skipped,skipped,skipped,skipped,3,6
2059,Corrie MCCHORD (Lab),Danny GIBSON (Lab),skipped,skipped,skipped,skipped,3,6
2060,Corrie MCCHORD (Lab),Danny GIBSON (Lab),skipped,skipped,skipped,skipped,3,6
2061,Corrie MCCHORD (Lab),Danny GIBSON (Lab),skipped,skipped,skipped,skipped,3,6
2062,Corrie MCCHORD (Lab),Danny GIBSON (Lab),skipped,skipped,skipped,skipped,3,6
2063,Corrie MCCHORD (Lab),Danny GIBSON (Lab),skipped,skipped,skipped,skipped,3,6
2064,Corrie MCCHORD (Lab),Danny GIBSON (Lab),skipped,skipped,skipped,skipped,3,6
2065,Corrie MCCHORD (Lab),Danny GIBSON (Lab),skipped,skipped,skipped,skipped,3,6
2066,Corrie MCCHORD (Lab),Danny GIBSON (Lab),skipped,skipped,skipped,skipped,3,6
2067,Corrie MCCHORD (Lab),Danny GIBSON (Lab),skipped,skipped,skipped,skipped,3,6
2068,Corrie MCCHORD (Lab),Danny GIBSON (Lab),skipped,skipped,skipped,skipped,3,6
2069,Corrie MCCHORD (Lab),Danny GIBSON (Lab),skipped,skipped,skipped,skipped,3,6
2070,Corrie MCCHORD (Lab),Danny GIBSON (Lab),skipped,skipped,skipped,skipped,3,6
2071,Corrie MCCHORD (Lab),Danny GIBSON (Lab),skipped,skipped,skipped,skipped,3,6
2072,Corrie MCCHORD (Lab),Danny GIBSON (Lab),skipped,skipped,skipped,skipped,3,6
2073,Corrie MCCHORD (Lab),Danny GIBSON (Lab),skipped,skipped,skipped,skipped,3,6
2074,Corrie MCCHORD (Lab),Danny GIBSON (Lab),skipped,skipped,skipped,skipped,3,6
2075,Corrie MCCHORD (Lab),Danny GIBSON (Lab),skipped,skipped,skipped,skipped,3,6
2076,Corrie MCCHORD (Lab),Danny GIBSON (Lab),skipped,skipped,skipped,skipped,3,6
2077,Corrie MCCHORD (Lab),Danny GIBSON (Lab),skipped,skipped,skipped,skipped,3,6
2078,Corrie MCCHORD (Lab),Danny GIBSON (Lab),skipped,skipped,skipped,skipped,3,6
2079,Corrie MCCHORD (Lab),Danny GIBSON (Lab),skipped,skipped,skipped,skipped,3,6
2080,Corrie MCCHORD (Lab),Danny GIBSON (Lab),skipped,skipped,skipped,skipped,3,6
2081,Corrie MCCHORD (Lab),Danny GIBSON (Lab),skipped,skipped,skipped,skipped,3,6
2082,Corrie MCCHORD (Lab),Danny GIBSON (Lab),skipped,skipped,skipped,skipped,3,6
2083,Corrie MCCHORD (Lab),Danny GIBSON (Lab),skipped,skipped,skipped,skipped,3,6
2084,Corrie MCCHORD (Lab),Danny GIBSON (Lab),skipped,skipped,skipped,skipped,3,6
2085,Corrie MCCHORD (Lab),Danny GIBSON (Lab),skipped,skipped,skipped,skipped,3,6
2086,Corrie MCCHORD (Lab),Danny GIBSON (Lab),skipped,skipped,skipped,skipped,3,6
2087,Corrie MCCHORD (Lab),Danny GIBSON (Lab),skipped,skipped,skipped,skipped,3,6
2088,Corrie MCCHORD (Lab),Danny GIBSON (Lab),skipped,skipped,skipped,skipped,3,6
2089,Corrie MCCHORD (Lab),Danny GIBSON (Lab),skipped,skipped,skipped,skipped,3,6
2090,Corrie MCCHORD (Lab),Danny GIBSON (Lab),skipped,skipped,skipped,skipped,3,6
2091,Corrie MCCHORD (Lab),Danny GIBSON (Lab),skipped,skipped,skipped,skipped,3,6
2092,Corrie MCCHORD (Lab),Danny GIBSON (Lab),skipped,skipped,skipped,skipped,3,6
2093,Corrie MCCHORD (Lab),Danny GIBSON (Lab),skipped,skipped,skipped,skipped,3,6
2094,Corrie MCCHORD (Lab),Danny GIBSON (Lab),skipped,skipped,skipped,skipped,3,6
2095,Corrie MCCHORD (Lab),Danny GIBSON (Lab),skipped,skipped,skipped,skipped,3,6
2096,Corrie MCCHORD (Lab),Danny GIBSON (Lab),skipped,skipped,skipped,skipped,3,6
2097,Corrie MCCHORD (Lab),Danny GIBSON (Lab),skipped,skipped,skipped,skipped,3,6
2098,Corrie MCCHORD (Lab),Danny GIBSON (Lab),skipped,skipped,skipped,skipped,3,6
2099,Corrie MCCHORD (Lab),Danny GIBSON (Lab),skipped,skipped,skipped,skipped,3,6
2100,Corrie MCCHORD (Lab),Danny GIBSON (Lab),skipped,skipped,skipped,skipped,3,6
2101,Corrie MCCHORD (Lab),Danny GIBSON (Lab),skipped,skipped,skipped,skipped,3,6
2102,Corrie MCCHORD (Lab),Danny GIBSON (Lab),skipped,skipped,skipped,skipped,3,6
2103,Corrie MCCHORD (Lab),Danny GIBSON (Lab),skipped,skipped,skipped,skipped,3,6
2104,Corrie MCCHORD (Lab),Danny GIBSON (Lab),skipped,skipped,skipped,skipped,3,6
2105,Corrie MCCHORD (Lab),Danny GIBSON (Lab),skipped,skipped,skipped,skipped,3,6
2106,Corrie MCCHORD (Lab),Danny GIBSON (Lab),skipped,skipped,skipped,skipped,3,6
2107,Corrie MCCHORD (Lab),Danny GIBSON (Lab),skipped,skipped,skipped,skipped,3,6
2108,Corrie MCCHORD (Lab),Danny GIBSON (Lab),skipped,skipped,skipped,skipped,3,6
2109,Corrie MCCHORD (Lab),Danny GIBSON (Lab),skipped,skipped,skipped,skipped,3,6
2110,Corrie MCCHORD (Lab),Danny GIBSON (Lab),skipped,skipped,skipped,skipped,3,6
2111,Corrie MCCHORD (Lab),Danny GIBSON (Lab),skipped,skipped,skipped,skipped,3,6
2112,Corrie MCCHORD (Lab),Danny GIBSON (Lab),skipped,skipped,skipped,skipped,3,6
2113,Corrie MCCHORD (Lab),Danny GIBSON (Lab),skipped,skipped,skipped,skipped,3,6
2114,Corrie MCCHORD (Lab),Danny GIBSON (Lab),skipped,skipped,skipped,skipped,3,6
2115,Corrie MCCHORD (Lab),Danny GIBSON (Lab),skipped,skipped,skipped,skipped,3,6
2116,Corrie MCCHORD (Lab),Danny GIBSON (Lab),skipped,skipped,skipped,skipped,3,6
2117,Corrie MCCHORD (Lab),Danny GIBSON (Lab),skipped,skipped,skipped,skipped,3,6
2118,Corrie MCCHORD (Lab),Danny GIBSON (Lab),skipped,skipped,skipped,skipped,3,6
2119,Corrie MCCHORD (Lab),Danny GIBSON (Lab),skipped,skipped,skipped,skipped,3,6
2120,Corrie MCCHORD (Lab),Danny GIBSON (Lab),skipped,skipped,skipped,skipped,3,6
2121,Corrie MCCHORD (Lab),Danny GIBSON (Lab),skipped,skipped,skipped,skipped,3,6
2122,Corrie MCCHORD (Lab),Danny GIBSON (Lab),skipped,skipped,skipped,skipped,3,6
2123,Corrie MCCHORD (Lab),Danny GIBSON (Lab),skipped,skipped,skipped,skipped,3,6
2124,Corrie MCCHORD (Lab),Danny GIBSON (Lab),skipped,skipped,skipped,skipped,3,6
2125,Corrie MCCHORD (Lab),Danny GIBSON (Lab),skipped,skipped,skipped,skipped,3,6
2126,Corrie MCCHORD (Lab),Danny GIBSON (Lab),skipped,skipped,skipped,skipped,3,6
2127,Corrie MCCHORD (Lab),Danny GIBSON (Lab),skipped,skipped,skipped,skipped,3,6
2128,Corrie MCCHORD (Lab),Danny GIBSON (Lab),skipped,skipped,skipped,skipped,3,6
2129,Corrie MCCHORD (Lab),Danny GIBSON (Lab),skipped,skipped,skipped,skipped,3,6
2130,Corrie MCCHORD (Lab),Danny GIBSON (Lab),skipped,skipped,skipped,skipped,3,6
2131,Corrie MCCHORD (Lab),Danny GIBSON (Lab),skipped,skipped,skipped,skipped,3,6
2132,Corrie MCCHORD (Lab),Danny GIBSON (Lab),skipped,skipped,skipped,skipped,3,6
2133,Corrie MCCHORD (Lab),Danny GIBSON (Lab),skipped,skipped,skipped,skipped,3,6
2134,Corrie MCCHORD (Lab),Danny GIBSON (Lab),skipped,skipped,skipped,skipped,3,6
2135,Corrie MCCHORD (Lab),Danny GIBSON (Lab),skipped,skipped,skipped,skipped,3,6
2136,Corrie MCCHORD (Lab),Danny GIBSON (Lab),skipped,skipped,skipped,skipped,3,6
2137,Corrie MCCHORD (Lab),Danny GIBSON (Lab),skipped,skipped,skipped,skipped,3,6
2138,Corrie MCCHORD (Lab),Danny GIBSON (Lab),skipped,skipped,skipped,skipped,3,6
2139,Corrie MCCHORD (Lab),Danny GIBSON (Lab),skipped,skipped,skipped,skipped,3,6
2140,Corrie MCCHORD (Lab),Danny GIBSON (Lab),skipped,skipped,skipped,skipped,3,6
2141,Corrie MCCHORD (Lab),Danny GIBSON (Lab),skipped,skipped,skipped,skipped,3,6
2142,Corrie MCCHORD (Lab),Danny GIBSON (Lab),skipped,skipped,skipped,skipped,3,6
2143,Corrie MCCHORD (Lab),Danny GIBSON (Lab),skipped,skipped,skipped,skipped,3,6
2144,Corrie MCCHORD (Lab),Danny GIBSON (Lab),skipped,skipped,skipped,skipped,3,6
2145,Corrie MCCHORD (Lab),Danny GIBSON (Lab),skipped,skipped,skipped,skipped,3,6
2146,Corrie MCCHORD (Lab),Danny GIBSON (Lab),skipped,skipped,skipped,skipped,3,6
2147,Corrie MCCHORD (Lab),Danny GIBSON (Lab),skipped,skipped,skipped,skipped,3,6
2148,Corrie MCCHORD (Lab),Danny GIBSON (Lab),skipped,skipped,skipped,skipped,3,6
2149,Corrie MCCHORD (Lab),Danny GIBSON (Lab),skipped,skipped,skipped,skipped,3,6
2150,Corrie MCCHORD (Lab),Danny GIBSON (Lab),skipped,skipped,skipped,skipped,3,6
2151,Corrie MCCHORD (Lab),Danny GIBSON (Lab),skipped,skipped,skipped,skipped,3,6
2152,Corrie MCCHORD (Lab),Danny GIBSON (Lab),skipped,skipped,skipped,skipped,3,6
2153,Corrie MCCHORD (Lab),Danny GIBSON (Lab),skipped,skipped,skipped,skipped,3,6
2154,Corrie MCCHORD (Lab),Danny GIBSON (Lab),skipped,skipped,skipped,skipped,3,6
2155,Corrie MCCHORD (Lab),Danny GIBSON (Lab),skipped,skipped,skipped,skipped,3,6
2156,Corrie MCCHORD (Lab),Danny GIBSON (Lab),skipped,skipped,skipped,skipped,3,6
2157,Corrie MCCHORD (Lab),Danny GIBSON (Lab),skipped,skipped,skipped,skipped,3,6
2158,Corrie MCCHORD (Lab),Danny GIBSON (Lab),skipped,skipped,skipped,skipped,3,6
2159,Corrie MCCHORD (Lab),Danny GIBSON (Lab),skipped,skipped,skipped,skipped,3,6
2160,Corrie MCCHORD (Lab),Danny GIBSON (Lab),skipped,skipped,skipped,skipped,3,6
2161,Corrie MCCHORD (Lab),Danny GIBSON (Lab),skipped,skipped,skipped,skipped,3,6
2162,Corrie MCCHORD (Lab),Danny GIBSON (Lab),skipped,skipped,skipped,skipped,3,6
2163,Corrie MCCHORD (Lab),Danny GIBSON (Lab),skipped,skipped,skipped,skipped,3,6
2164,Corrie MCCHORD (Lab),Danny GIBSON (Lab),skipped,skipped,skipped,skipped,3,6
2165,Corrie MCCHORD (Lab),Danny GIBSON (Lab),skipped,skipped,skipped,skipped,3,6
2166,Corrie MCCHORD (Lab),Danny GIBSON (Lab),skipped,skipped,skipped,skipped,3,6
2167,Corrie MCCHORD (Lab),Danny GIBSON (Lab),skipped,skipped,skipped,skipped,3,6
2168,Corrie MCCHORD (Lab),Danny GIBSON (Lab),skipped,skipped,skipped,skipped,3,6
2169,Corrie MCCHORD (Lab),Danny GIBSON (Lab),skipped,skipped,skipped,skipped,3,6
2170,Corrie MCCHORD (Lab),Danny GIBSON (Lab),skipped,skipped,skipped,skipped,3,6
2171,Corrie MCCHORD (Lab),Danny GIBSON (Lab),skipped,skipped,skipped,skipped,3,6
2172,Corrie MCCHORD (Lab),Danny GIBSON (Lab),skipped,skipped,skipped,skipped,3,6
2173,Corrie MCCHORD (Lab),Danny GIBSON (Lab),skipped,skipped,skipped,skipped,3,6
2174,Corrie MCCHORD (Lab),Danny GIBSON (Lab),skipped,skipped,skipped,skipped,3,6
2175,Corrie MCCHORD (Lab),Danny GIBSON (Lab),skipped,skipped,skipped,skipped,3,6
2176,Corrie MCCHORD (Lab),Danny GIBSON (Lab),skipped,skipped,skipped,skipped,3,6
2177,Corrie MCCHORD (Lab),Danny GIBSON (Lab),skipped,skipped,skipped,skipped,3,6
2178,Corrie MCCHORD (Lab),Danny GIBSON (Lab),skipped,skipped,skipped,skipped,3,6
2179,Corrie MCCHORD (Lab),Danny GIBSON (Lab),skipped,skipped,skipped,skipped,3,6
2180,Corrie MCCHORD (Lab),Danny GIBSON (Lab),skipped,skipped,skipped,skipped,3,6
2181,Corrie MCCHORD (Lab),Danny GIBSON (Lab),skipped,skipped,skipped,skipped,3,6
2182,Corrie MCCHORD (Lab),Danny GIBSON (Lab),skipped,skipped,skipped,skipped,3,6
2183,Corrie MCCHORD (Lab),Danny GIBSON (Lab),skipped,skipped,skipped,skipped,3,6
2184,Corrie MCCHORD (Lab),Danny GIBSON (Lab),skipped,skipped,skipped,skipped,3,6
2185,Corrie MCCHORD (Lab),Danny GIBSON (Lab),skipped,skipped,skipped,skipped,3,6
2186,Corrie MCCHORD (Lab),Danny GIBSON (Lab),skipped,skipped,skipped,skipped,3,6
2187,Corrie MCCHORD (Lab),Danny GIBSON (Lab),skipped,skipped,skipped,skipped,3,6
2188,Corrie MCCHORD (Lab),Danny GIBSON (Lab),skipped,skipped,skipped,skipped,3,6
2189,Corrie MCCHORD (Lab),Danny GIBSON (Lab),skipped,skipped,skipped,skipped,3,6
2190,Corrie MCCHORD (Lab),Danny GIBSON (Lab),skipped,skipped,skipped,skipped,3,6
2191,Corrie MCCHORD (Lab),Danny GIBSON (Lab),skipped,skipped,skipped,skipped,3,6
2192,Corrie MCCHORD (Lab),Danny GIBSON (Lab),skipped,skipped,skipped,skipped,3,6
2193,Corrie MCCHORD (Lab),Danny GIBSON (Lab),skipped,skipped,skipped,skipped,3,6
2194,Corrie MCCHORD (Lab),Danny GIBSON (Lab),skipped,skipped,skipped,skipped,3,6
2195,Corrie MCCHORD (Lab),Danny GIBSON (Lab),skipped,skipped,skipped,skipped,3,6
2196,Corrie MCCHORD (Lab),Danny GIBSON (Lab),skipped,skipped,skipped,skipped,3,6
2197,Corrie MCCHORD (Lab),Danny GIBSON (Lab),skipped,skipped,skipped,skipped,3,6
2198,Corrie MCCHORD (Lab),Danny GIBSON (Lab),skipped,skipped,skipped,skipped,3,6
2199,Corrie MCCHORD (Lab),Danny GIBSON (Lab),skipped,skipped,skipped,skipped,3,6
2200,Corrie MCCHORD (Lab),Danny GIBSON (Lab),skipped,skipped,skipped,skipped,3,6
2201,Corrie MCCHORD (Lab),Danny GIBSON (Lab),skipped,skipped,skipped,skipped,3,6
2202,Corrie MCCHORD (Lab),Danny GIBSON (Lab),skipped,skipped,skipped,skipped,3,6
2203,Corrie MCCHORD (Lab),Danny GIBSON (Lab),skipped,skipped,skipped,skipped,3,6
2204,Corrie MCCHORD (Lab),Danny GIBSON (Lab),skipped,skipped,skipped,skipped,3,6
2205,Corrie MCCHORD (Lab),Danny GIBSON (Lab),skipped,skipped,skipped,skipped,3,6
2206,Corrie MCCHORD (Lab),Danny GIBSON (Lab),skipped,skipped,skipped,skipped,3,6
2207,Corrie MCCHORD (Lab),Danny GIBSON (Lab),skipped,skipped,skipped,skipped,3,6
2208,Corrie MCCHORD (Lab),Danny GIBSON (Lab),Ian Alexander BROWN (LD),skipped,skipped,skipped,3,6
2209,Corrie MCCHORD (Lab),Danny GIBSON (Lab),Ian Alexander BROWN (LD),skipped,skipped,skipped,3,6
2210,Corrie MCCHORD (Lab),Danny GIBSON (Lab),Ian Alexander BROWN (LD),skipped,skipped,skipped,3,6
2211,Corrie MCCHORD (Lab),Danny GIBSON (Lab),Ian Alexander BROWN (LD),skipped,skipped,skipped,3,6
2212,Corrie MCCHORD (Lab),Danny GIBSON (Lab),Ian Alexander BROWN (LD),skipped,skipped,skipped,3,6
2213,Corrie MCCHORD (Lab),Danny GIBSON (Lab),Ian Alexander BROWN (LD),skipped,skipped,skipped,3,6
2214,Corrie MCCHORD (Lab),Danny GIBSON (Lab),Ian Alexander BROWN (LD),skipped,skipped,skipped,3,6
2215,Corrie MCCHORD (Lab),Danny GIBSON (Lab),Ian Alexander BROWN (LD),skipped,skipped,skipped,3,6
2216,Corrie MCCHORD (Lab),Danny GIBSON (Lab),Ian Alexander BROWN (LD),skipped,skipped,skipped,3,6
2217,Corrie MCCHORD (Lab),Danny GIBSON (Lab),Ian Alexander BROWN (LD),skipped,skipped,skipped,3,6
2218,Corrie MCCHORD (Lab),Danny GIBSON (Lab),Ian Alexander BROWN (LD),skipped,skipped,skipped,3,6
2219,Corrie MCCHORD (Lab),Danny GIBSON (Lab),Ian Alexander BROWN (LD),skipped,skipped,skipped,3,6
2220,Corrie MCCHORD (Lab),Danny GIBSON (Lab),Ian Alexander BROWN (LD),skipped,skipped,skipped,3,6
2221,Corrie MCCHORD (Lab),Danny GIBSON (Lab),Ian Alexander BROWN (LD),skipped,skipped,skipped,3,6
2222,Corrie MCCHORD (Lab),Danny GIBSON (Lab),Ian Alexander BROWN (LD),skipped,skipped,skipped,3,6
2223,Corrie MCCHORD (Lab),Danny GIBSON (Lab),Ian Alexander BROWN (LD),skipped,skipped,skipped,3,6
2224,Corrie MCCHORD (Lab),Danny GIBSON (Lab),Ian Alexander BROWN (LD),skipped,skipped,skipped,3,6
2225,Corrie MCCHORD (Lab),Danny GIBSON (Lab),Ian Alexander BROWN (LD),skipped,skipped,skipped,3,6
2226,Corrie MCCHORD (Lab),Danny GIBSON (Lab),Ian Alexander BROWN (LD),skipped,skipped,skipped,3,6
2227,Corrie MCCHORD (Lab),Danny GIBSON (Lab),Ian Alexander BROWN (LD),skipped,skipped,skipped,3,6
2228,Corrie MCCHORD (Lab),Danny GIBSON (Lab),Ian Alexander BROWN (LD),skipped,skipped,skipped,3,6
2229,Corrie MCCHORD (Lab),Danny GIBSON (Lab),Ian Alexander BROWN (LD),skipped,skipped,skipped,3,6
2230,Corrie MCCHORD (Lab),Danny GIBSON (Lab),Ian Alexander BROWN (LD),skipped,skipped,skipped,3,6
2231,Corrie MCCHORD (Lab),Danny GIBSON (Lab),Ian Alexander BROWN (LD),skipped,skipped,skipped,3,6
2232,Corrie MCCHORD (Lab),Danny GIBSON (Lab),Ian Alexander BROWN (LD),skipped,skipped,skipped,3,6
2233,Corrie MCCHORD (Lab),Danny GIBSON (Lab),Ian Alexander BROWN (LD),skipped,skipped,skipped,3,6
2234,Corrie MCCHORD (Lab),Danny GIBSON (Lab),Ian Alexander BROWN (LD),skipped,skipped,skipped,3,6
2235,Corrie MCCHORD (Lab),Danny GIBSON (Lab),Ian Alexander BROWN (LD),skipped,skipped,skipped,3,6
2236,Corrie MCCHORD (Lab),Danny GIBSON (Lab),Ian Alexander BROWN (LD),skipped,skipped,skipped,3,6
2237,Corrie MCCHORD (Lab),Danny GIBSON (Lab),Ian Alexander BROWN (LD),skipped,skipped,skipped,3,6
2238,Corrie MCCHORD (Lab),Danny GIBSON (Lab),Ian Alexander BROWN (LD),skipped,skipped,skipped,3,6
2239,Corrie MCCHORD (Lab),Danny GIBSON (Lab),Ian Alexander BROWN (LD),skipped,skipped,skipped,3,6
2240,Corrie MCCHORD (Lab),Danny GIBSON (Lab),Ian Alexander BROWN (LD),skipped,skipped,skipped,3,6
2241,Corrie MCCHORD (Lab),Danny GIBSON (Lab),Ian Alexander BROWN (LD),skipped,skipped,skipped,3,6
2242,Corrie MCCHORD (Lab),Danny GIBSON (Lab),Ian Alexander BROWN (LD),skipped,skipped,skipped,3,6
2243,Corrie MCCHORD (Lab),Danny GIBSON (Lab),Ian Alexander BROWN (LD),skipped,skipped,skipped,3,6
2244,Corrie MCCHORD (Lab),Danny GIBSON (Lab),Ian Alexander BROWN (LD),skipped,skipped,skipped,3,6
2245,Corrie MCCHORD (Lab),Danny GIBSON (Lab),Ian Alexander BROWN (LD),skipped,skipped,skipped,3,6
2246,Corrie MCCHORD (Lab),Danny GIBSON (Lab),Ian Alexander BROWN (LD),skipped,skipped,skipped,3,6
2247,Corrie MCCHORD (Lab),Danny GIBSON (Lab),Ian Alexander BROWN (LD),skipped,skipped,skipped,3,6
2248,Corrie MCCHORD (Lab),Danny GIBSON (Lab),Ian Alexander BROWN (LD),skipped,skipped,skipped,3,6
2249,Corrie MCCHORD (Lab),Danny GIBSON (Lab),Ian Alexander BROWN (LD),skipped,skipped,skipped,3,6
2250,Corrie MCCHORD (Lab),Danny GIBSON (Lab),Ian Alexander BROWN (LD),skipped,skipped,skipped,3,6
2251,Corrie MCCHORD (Lab),Danny GIBSON (Lab),Ian Alexander BROWN (LD),skipped,skipped,skipped,3,6
2252,Corrie MCCHORD (Lab),Danny GIBSON (Lab),Ian Alexander BROWN (LD),skipped,skipped,skipped,3,6
2253,Corrie MCCHORD (Lab),Danny GIBSON (Lab),Ian Alexander BROWN (LD),skipped,skipped,skipped,3,6
2254,Corrie MCCHORD (Lab),Danny GIBSON (Lab),Ian Alexander BROWN (LD),skipped,skipped,skipped,3,6
2255,Corrie MCCHORD (Lab),Danny GIBSON (Lab),Ian Alexander BROWN (LD),skipped,skipped,skipped,3,6
2256,Corrie MCCHORD (Lab),Danny GIBSON (Lab),Ian Alexander BROWN (LD),skipped,skipped,skipped,3,6
2257,Corrie MCCHORD (Lab),Danny GIBSON (Lab),Ian Alexander BROWN (LD),skipped,skipped,skipped,3,6
2258,Corrie MCCHORD (Lab),Danny GIBSON (Lab),Ian Alexander BROWN (LD),skipped,skipped,skipped,3,6
2259,Corrie MCCHORD (Lab),Danny GIBSON (Lab),Ian Alexander BROWN (LD),skipped,skipped,skipped,3,6
2260,Corrie MCCHORD (Lab),Danny GIBSON (Lab),Ian Alexander BROWN (LD),skipped,skipped,skipped,3,6
2261,Corrie MCCHORD (Lab),Danny GIBSON (Lab),Ian Alexander BROWN (LD),skipped,skipped,skipped,3,6
2262,Corrie MCCHORD (Lab),Danny GIBSON (Lab),Ian Alexander BROWN (LD),skipped,skipped,skipped,3,6
2263,Corrie MCCHORD (Lab),Danny GIBSON (Lab),Ian Alexander BROWN (LD),skipped,skipped,skipped,3,6
2264,Corrie MCCHORD (Lab),Danny GIBSON (Lab),Ian Alexander BROWN (LD),skipped,skipped,skipped,3,6
2265,Corrie MCCHORD (Lab),Danny GIBSON (Lab),Ian Alexander BROWN (LD),skipped,skipped,skipped,3,6
2266,Corrie MCCHORD (Lab),Danny GIBSON (Lab),Ian Alexander BROWN (LD),skipped,skipped,skipped,3,6
2267,Corrie MCCHORD (Lab),Danny GIBSON (Lab),Ian Alexander BROWN (LD),skipped,skipped,skipped,3,6
2268,Corrie MCCHORD (Lab),Danny GIBSON (Lab),Ian Alexander BROWN (LD),skipped,skipped,skipped,3,6
2269,Corrie MCCHORD (Lab),Danny GIBSON (Lab),Ian Alexander BROWN (LD),skipped,skipped,skipped,3,6
2270,Corrie MCCHORD (Lab),Danny GIBSON (Lab),Ian Alexander BROWN (LD),skipped,skipped,skipped,3,6
2271,Corrie MCCHORD (Lab),Danny GIBSON (Lab),Ian Alexander BROWN (LD),skipped,skipped,skipped,3,6
2272,Corrie MCCHORD (Lab),Danny GIBSON (Lab),Ian Alexander BROWN (LD),Johannes BUTSCHER (Grn),skipped,skipped,3,6
2273,Corrie MCCHORD (Lab),Danny GIBSON (Lab),Ian Alexander BROWN (LD),Johannes BUTSCHER (Grn),skipped,skipped,3,6
2274,Corrie MCCHORD (Lab),Danny GIBSON (Lab),Ian Alexander BROWN (LD),Johannes BUTSCHER (Grn),Benjamin KERR (Con),Steven PATERSON (SNP),3,6
2275,Corrie MCCHORD (Lab),Danny GIBSON (Lab),Ian Alexander BROWN (LD),Johannes BUTSCHER (Grn),Benjamin KERR (Con),Steven PATERSON (SNP),3,6
2276,Corrie MCCHORD (Lab),Danny GIBSON (Lab),Ian Alexander BROWN (LD),Johannes BUTSCHER (Grn),Benjamin KERR (Con),Steven PATERSON (SNP),3,6
2277,Corrie MCCHORD (Lab),Danny GIBSON (Lab),Ian Alexander BROWN (LD),Johannes BUTSCHER (Grn),Benjamin KERR (Con),Steven PATERSON (SNP),3,6
2278,Corrie MCCHORD (Lab),Danny GIBSON (Lab),Ian Alexander BROWN (LD),Johannes BUTSCHER (Grn),Benjamin KERR (Con),Steven PATERSON (SNP),3,6
2279,Corrie MCCHORD (Lab),Danny GIBSON (Lab),Ian Alexander BROWN (LD),Johannes BUTSCHER (Grn),Steven PATERSON (SNP),Benjamin KERR (Con),3,6
2280,Corrie MCCHORD (Lab),Danny GIBSON (Lab),Ian Alexander BROWN (LD),Johannes BUTSCHER (Grn),Steven PATERSON (SNP),Benjamin KERR (Con),3,6
2281,Corrie MCCHORD (Lab),Danny GIBSON (Lab),Ian Alexander BROWN (LD),Johannes BUTSCHER (Grn),Steven PATERSON (SNP),Benjamin KERR (Con),3,6
2282,Corrie MCCHORD (Lab),Danny GIBSON (Lab),Ian Alexander BROWN (LD),Johannes BUTSCHER (Grn),Steven PATERSON (SNP),Benjamin KERR (Con),3,6
2283,Corrie MCCHORD (Lab),Danny GIBSON (Lab),Ian Alexander BROWN (LD),Benjamin KERR (Con),Johannes BUTSCHER (Grn),skipped,3,6
2284,Corrie MCCHORD (Lab),Danny GIBSON (Lab),Ian Alexander BROWN (LD),Benjamin KERR (Con),Johannes BUTSCHER (Grn),skipped,3,6
2285,Corrie MCCHORD (Lab),Danny GIBSON (Lab),Ian Alexander BROWN (LD),Benjamin KERR (Con),Johannes BUTSCHER (Grn),Steven PATERSON (SNP),3,6
2286,Corrie MCCHORD (Lab),Danny GIBSON (Lab),Ian Alexander BROWN (LD),Benjamin KERR (Con),Johannes BUTSCHER (Grn),Steven PATERSON (SNP),3,6
2287,Corrie MCCHORD (Lab),Danny GIBSON (Lab),Ian Alexander BROWN (LD),Benjamin KERR (Con),Johannes BUTSCHER (Grn),Steven PATERSON (SNP),3,6
2288,Corrie MCCHORD (Lab),Danny GIBSON (Lab),Ian Alexander BROWN (LD),Benjamin KERR (Con),Johannes BUTSCHER (Grn),Steven PATERSON (SNP),3,6
2289,Corrie MCCHORD (Lab),Danny GIBSON (Lab),Ian Alexander BROWN (LD),Benjamin KERR (Con),Steven PATERSON (SNP),Johannes BUTSCHER (Grn),3,6
2290,Corrie MCCHORD (Lab),Danny GIBSON (Lab),Ian Alexander BROWN (LD),Benjamin KERR (Con),Steven PATERSON (SNP),Johannes BUTSCHER (Grn),3,6
2291,Corrie MCCHORD (Lab),Danny GIBSON (Lab),Ian Alexander BROWN (LD),Steven PATERSON (SNP),skipped,skipped,3,6
2292,Corrie MCCHORD (Lab),Danny GIBSON (Lab),Ian Alexander BROWN (LD),Steven PATERSON (SNP),skipped,skipped,3,6
2293,Corrie MCCHORD (Lab),Danny GIBSON (Lab),Ian Alexander BROWN (LD),Steven PATERSON (SNP),Johannes BUTSCHER (Grn),Benjamin KERR (Con),3,6
2294,Corrie MCCHORD (Lab),Danny GIBSON (Lab),Ian Alexander BROWN (LD),Steven PATERSON (SNP),Johannes BUTSCHER (Grn),Benjamin KERR (Con),3,6
2295,Corrie MCCHORD (Lab),Danny GIBSON (Lab),Ian Alexander BROWN (LD),Steven PATERSON (SNP),Johannes BUTSCHER (Grn),Benjamin KERR (Con),3,6
2296,Corrie MCCHORD (Lab),Danny GIBSON (Lab),Ian Alexander BROWN (LD),Steven PATERSON (SNP),Johannes BUTSCHER (Grn),Benjamin KERR (Con),3,6
2297,Corrie MCCHORD (Lab),Danny GIBSON (Lab),Ian Alexander BROWN (LD),Steven PATERSON (SNP),Benjamin KERR (Con),Johannes BUTSCHER (Grn),3,6
2298,Corrie MCCHORD (Lab),Danny GIBSON (Lab),Ian Alexander BROWN (LD),Steven PATERSON (SNP),Benjamin KERR (Con),Johannes BUTSCHER (Grn),3,6
2299,Corrie MCCHORD (Lab),Danny GIBSON (Lab),Johannes BUTSCHER (Grn),skipped,skipped,skipped,3,6
2300,Corrie MCCHORD (Lab),Danny GIBSON (Lab),Johannes BUTSCHER (Grn),skipped,skipped,skipped,3,6
2301,Corrie MCCHORD (Lab),Danny GIBSON (Lab),Johannes BUTSCHER (Grn),skipped,skipped,skipped,3,6
2302,Corrie MCCHORD (Lab),Danny GIBSON (Lab),Johannes BUTSCHER (Grn),skipped,skipped,skipped,3,6
2303,Corrie MCCHORD (Lab),Danny GIBSON (Lab),Johannes BUTSCHER (Grn),skipped,skipped,skipped,3,6
2304,Corrie MCCHORD (Lab),Danny GIBSON (Lab),Johannes BUTSCHER (Grn),skipped,skipped,skipped,3,6
2305,Corrie MCCHORD (Lab),Danny GIBSON (Lab),Johannes BUTSCHER (Grn),skipped,skipped,skipped,3,6
2306,Corrie MCCHORD (Lab),Danny GIBSON (Lab),Johannes BUTSCHER (Grn),skipped,skipped,skipped,3,6
2307,Corrie MCCHORD (Lab),Danny GIBSON (Lab),Johannes BUTSCHER (Grn),skipped,skipped,skipped,3,6
2308,Corrie MCCHORD (Lab),Danny GIBSON (Lab),Johannes BUTSCHER (Grn),skipped,skipped,skipped,3,6
2309,Corrie MCCHORD (Lab),Danny GIBSON (Lab),Johannes BUTSCHER (Grn),skipped,skipped,skipped,3,6
2310,Corrie MCCHORD (Lab),Danny GIBSON (Lab),Johannes BUTSCHER (Grn),skipped,skipped,skipped,3,6
2311,Corrie MCCHORD (Lab),Danny GIBSON (Lab),Johannes BUTSCHER (Grn),skipped,skipped,skipped,3,6
2312,Corrie MCCHORD (Lab),Danny GIBSON (Lab),Johannes BUTSCHER (Grn),skipped,skipped,skipped,3,6
2313,Corrie MCCHORD (Lab),Danny GIBSON (Lab),Johannes BUTSCHER (Grn),skipped,skipped,skipped,3,6
2314,Corrie MCCHORD (Lab),Danny GIBSON (Lab),Johannes BUTSCHER (Grn),skipped,skipped,skipped,3,6
2315,Corrie MCCHORD (Lab),Danny GIBSON (Lab),Johannes BUTSCHER (Grn),skipped,skipped,skipped,3,6
2316,Corrie MCCHORD (Lab),Danny GIBSON (Lab),Johannes BUTSCHER (Grn),skipped,skipped,skipped,3,6
2317,Corrie MCCHORD (Lab),Danny GIBSON (Lab),Johannes BUTSCHER (Grn),skipped,skipped,skipped,3,6
2318,Corrie MCCHORD (Lab),Danny GIBSON (Lab),Johannes BUTSCHER (Grn),skipped,skipped,skipped,3,6
2319,Corrie MCCHORD (Lab),Danny GIBSON (Lab),Johannes BUTSCHER (Grn),skipped,skipped,skipped,3,6
2320,Corrie MCCHORD (Lab),Danny GIBSON (Lab),Johannes BUTSCHER (Grn),skipped,skipped,skipped,3,6
2321,Corrie MCCHORD (Lab),Danny GIBSON (Lab),Johannes BUTSCHER (Grn),skipped,skipped,skipped,3,6
2322,Corrie MCCHORD (Lab),Danny GIBSON (Lab),Johannes BUTSCHER (Grn),skipped,skipped,skipped,3,6
2323,Corrie MCCHORD (Lab),Danny GIBSON (Lab),Johannes BUTSCHER (Grn),skipped,skipped,skipped,3,6
2324,Corrie MCCHORD (Lab),Danny GIBSON (Lab),Johannes BUTSCHER (Grn),skipped,skipped,skipped,3,6
2325,Corrie MCCHORD (Lab),Danny GIBSON (Lab),Johannes BUTSCHER (Grn),skipped,skipped,skipped,3,6
2326,Corrie MCCHORD (Lab),Danny GIBSON (Lab),Johannes BUTSCHER (Grn),skipped,skipped,skipped,3,6
2327,Corrie MCCHORD (Lab),Danny GIBSON (Lab),Johannes BUTSCHER (Grn),skipped,skipped,skipped,3,6
2328,Corrie MCCHORD (Lab),Danny GIBSON (Lab),Johannes BUTSCHER (Grn),skipped,skipped,skipped,3,6
2329,Corrie MCCHORD (Lab),Danny GIBSON (Lab),Johannes BUTSCHER (Grn),skipped,skipped,skipped,3,6
2330,Corrie MCCHORD (Lab),Danny GIBSON (Lab),Johannes BUTSCHER (Grn),skipped,skipped,skipped,3,6
2331,Corrie MCCHORD (Lab),Danny GIBSON (Lab),Johannes BUTSCHER (Grn),skipped,skipped,skipped,3,6
2332,Corrie MCCHORD (Lab),Danny GIBSON (Lab),Johannes BUTSCHER (Grn),skipped,skipped,skipped,3,6
2333,Corrie MCCHORD (Lab),Danny GIBSON (Lab),Johannes BUTSCHER (Grn),skipped,skipped,skipped,3,6
2334,Corrie MCCHORD (Lab),Danny GIBSON (Lab),Johannes BUTSCHER (Grn),skipped,skipped,skipped,3,6
2335,Corrie MCCHORD (Lab),Danny GIBSON (Lab),Johannes BUTSCHER (Grn),skipped,skipped,skipped,3,6
2336,Corrie MCCHORD (Lab),Danny GIBSON (Lab),Johannes BUTSCHER (Grn),skipped,skipped,skipped,3,6
2337,Corrie MCCHORD (Lab),Danny GIBSON (Lab),Johannes BUTSCHER (Grn),skipped,skipped,skipped,3,6
2338,Corrie MCCHORD (Lab),Danny GIBSON (Lab),Johannes BUTSCHER (Grn),skipped,skipped,skipped,3,6
2339,Corrie MCCHORD (Lab),Danny GIBSON (Lab),Johannes BUTSCHER (Grn),skipped,skipped,skipped,3,6
2340,Corrie MCCHORD (Lab),Danny GIBSON (Lab),Johannes BUTSCHER (Grn),skipped,skipped,skipped,3,6
2341,Corrie MCCHORD (Lab),Danny GIBSON (Lab),Johannes BUTSCHER (Grn),skipped,skipped,skipped,3,6
2342,Corrie MCCHORD (Lab),Danny GIBSON (Lab),Johannes BUTSCHER (Grn),skipped,skipped,skipped,3,6
2343,Corrie MCCHORD (Lab),Danny GIBSON (Lab),Johannes BUTSCHER (Grn),skipped,skipped,skipped,3,6
2344,Corrie MCCHORD (Lab),Danny GIBSON (Lab),Johannes BUTSCHER (Grn),skipped,skipped,skipped,3,6
2345,Corrie MCCHORD (Lab),Danny GIBSON (Lab),Johannes BUTSCHER (Grn),skipped,skipped,skipped,3,6
2346,Corrie MCCHORD (Lab),Danny GIBSON (Lab),Johannes BUTSCHER (Grn),skipped,skipped,skipped,3,6
2347,Corrie MCCHORD (Lab),Danny GIBSON (Lab),Johannes BUTSCHER (Grn),skipped,skipped,skipped,3,6
2348,Corrie MCCHORD (Lab),Danny GIBSON (Lab),Johannes BUTSCHER (Grn),skipped,skipped,skipped,3,6
2349,Corrie MCCHORD (Lab),Danny GIBSON (Lab),Johannes BUTSCHER (Grn),skipped,skipped,skipped,3,6
2350,Corrie MCCHORD (Lab),Danny GIBSON (Lab),Johannes BUTSCHER (Grn),skipped,skipped,skipped,3,6
2351,Corrie MCCHORD (Lab),Danny GIBSON (Lab),Johannes BUTSCHER (Grn),skipped,skipped,skipped,3,6
2352,Corrie MCCHORD (Lab),Danny GIBSON (Lab),Johannes BUTSCHER (Grn),skipped,skipped,skipped,3,6
2353,Corrie MCCHORD (Lab),Danny GIBSON (Lab),Johannes BUTSCHER (Grn),skipped,skipped,skipped,3,6
2354,Corrie MCCHORD (Lab),Danny GIBSON (Lab),Johannes BUTSCHER (Grn),Ian Alexander BROWN (LD),skipped,skipped,3,6
2355,Corrie MCCHORD (Lab),Danny GIBSON (Lab),Johannes BUTSCHER (Grn),Ian Alexander BROWN (LD),skipped,skipped,3,6
2356,Corrie MCCHORD (Lab),Danny GIBSON (Lab),Johannes BUTSCHER (Grn),Ian Alexander BROWN (LD),Benjamin KERR (Con),Steven PATERSON (SNP),3,6
2357,Corrie MCCHORD (Lab),Danny GIBSON (Lab),Johannes BUTSCHER (Grn),Ian Alexander BROWN (LD),Benjamin KERR (Con),Steven PATERSON (SNP),3,6
2358,Corrie MCCHORD (Lab),Danny GIBSON (Lab),Johannes BUTSCHER (Grn),Ian Alexander BROWN (LD),Benjamin KERR (Con),Steven PATERSON (SNP),3,6
2359,Corrie MCCHORD (Lab),Danny GIBSON (Lab),Johannes BUTSCHER (Grn),Ian Alexander BROWN (LD),Steven PATERSON (SNP),Benjamin KERR (Con),3,6
2360,Corrie MCCHORD (Lab),Danny GIBSON (Lab),Johannes BUTSCHER (Grn),Ian Alexander BROWN (LD),Steven PATERSON (SNP),Benjamin KERR (Con),3,6
2361,Corrie MCCHORD (Lab),Danny GIBSON (Lab),Johannes BUTSCHER (Grn),Ian Alexander BROWN (LD),Steven PATERSON (SNP),Benjamin KERR (Con),3,6
2362,Corrie MCCHORD (Lab),Danny GIBSON (Lab),Johannes BUTSCHER (Grn),Ian Alexander BROWN (LD),Steven PATERSON (SNP),Benjamin KERR (Con),3,6
2363,Corrie MCCHORD (Lab),Danny GIBSON (Lab),Johannes BUTSCHER (Grn),Ian Alexander BROWN (LD),Steven PATERSON (SNP),Benjamin KERR (Con),3,6
2364,Corrie MCCHORD (Lab),Danny GIBSON (Lab),Johannes BUTSCHER (Grn),Ian Alexander BROWN (LD),Steven PATERSON (SNP),Benjamin KERR (Con),3,6
2365,Corrie MCCHORD (Lab),Danny GIBSON (Lab),Johannes BUTSCHER (Grn),Ian Alexander BROWN (LD),Steven PATERSON (SNP),Benjamin KERR (Con),3,6
2366,Corrie MCCHORD (Lab),Danny GIBSON (Lab),Johannes BUTSCHER (Grn),Ian Alexander BROWN (LD),Steven PATERSON (SNP),Benjamin KERR (Con),3,6
2367,Corrie MCCHORD (Lab),Danny GIBSON (Lab),Johannes BUTSCHER (Grn),Ian Alexander BROWN (LD),Steven PATERSON (SNP),Benjamin KERR (Con),3,6
2368,Corrie MCCHORD (Lab),Danny GIBSON (Lab),Johannes BUTSCHER (Grn),Ian Alexander BROWN (LD),Steven PATERSON (SNP),Benjamin KERR (Con),3,6
2369,Corrie MCCHORD (Lab),Danny GIBSON (Lab),Johannes BUTSCHER (Grn),Ian Alexander BROWN (LD),Steven PATERSON (SNP),Benjamin KERR (Con),3,6
2370,Corrie MCCHORD (Lab),Danny GIBSON (Lab),Johannes BUTSCHER (Grn),Benjamin KERR (Con),Ian Alexander BROWN (LD),Steven PATERSON (SNP),3,6
2371,Corrie MCCHORD (Lab),Danny GIBSON (Lab),Johannes BUTSCHER (Grn),Benjamin KERR (Con),Ian Alexander BROWN (LD),Steven PATERSON (SNP),3,6
2372,Corrie MCCHORD (Lab),Danny GIBSON (Lab),Johannes BUTSCHER (Grn),Benjamin KERR (Con),Ian Alexander BROWN (LD),Steven PATERSON (SNP),3,6
2373,Corrie MCCHORD (Lab),Danny GIBSON (Lab),Johannes BUTSCHER (Grn),Steven PATERSON (SNP),skipped,skipped,3,6
2374,Corrie MCCHORD (Lab),Danny GIBSON (Lab),Johannes BUTSCHER (Grn),Steven PATERSON (SNP),skipped,skipped,3,6
2375,Corrie MCCHORD (Lab),Danny GIBSON (Lab),Johannes BUTSCHER (Grn),Steven PATERSON (SNP),skipped,skipped,3,6
2376,Corrie MCCHORD (Lab),Danny GIBSON (Lab),Johannes BUTSCHER (Grn),Steven PATERSON (SNP),Ian Alexander BROWN (LD),Benjamin KERR (Con),3,6
2377,Corrie MCCHORD (Lab),Danny GIBSON (Lab),Johannes BUTSCHER (Grn),Steven PATERSON (SNP),Benjamin KERR (Con),Ian Alexander BROWN (LD),3,6
2378,Corrie MCCHORD (Lab),Danny GIBSON (Lab),Benjamin KERR (Con),skipped,skipped,skipped,3,6
2379,Corrie MCCHORD (Lab),Danny GIBSON (Lab),Benjamin KERR (Con),skipped,skipped,skipped,3,6
2380,Corrie MCCHORD (Lab),Danny GIBSON (Lab),Benjamin KERR (Con),skipped,skipped,skipped,3,6
2381,Corrie MCCHORD (Lab),Danny GIBSON (Lab),Benjamin KERR (Con),skipped,skipped,skipped,3,6
2382,Corrie MCCHORD (Lab),Danny GIBSON (Lab),Benjamin KERR (Con),skipped,skipped,skipped,3,6
2383,Corrie MCCHORD (Lab),Danny GIBSON (Lab),Benjamin KERR (Con),skipped,skipped,skipped,3,6
2384,Corrie MCCHORD (Lab),Danny GIBSON (Lab),Benjamin KERR (Con),skipped,skipped,skipped,3,6
2385,Corrie MCCHORD (Lab),Danny GIBSON (Lab),Benjamin KERR (Con),skipped,skipped,skipped,3,6
2386,Corrie MCCHORD (Lab),Danny GIBSON (Lab),Benjamin KERR (Con),skipped,skipped,skipped,3,6
2387,Corrie MCCHORD (Lab),Danny GIBSON (Lab),Benjamin KERR (Con),skipped,skipped,skipped,3,6
2388,Corrie MCCHORD (Lab),Danny GIBSON (Lab),Benjamin KERR (Con),Ian Alexander BROWN (LD),skipped,skipped,3,6
2389,Corrie MCCHORD (Lab),Danny GIBSON (Lab),Benjamin KERR (Con),Ian Alexander BROWN (LD),skipped,skipped,3,6
2390,Corrie MCCHORD (Lab),Danny GIBSON (Lab),Benjamin KERR (Con),Ian Alexander BROWN (LD),skipped,skipped,3,6
2391,Corrie MCCHORD (Lab),Danny GIBSON (Lab),Benjamin KERR (Con),Ian Alexander BROWN (LD),Johannes BUTSCHER (Grn),skipped,3,6
2392,Corrie MCCHORD (Lab),Danny GIBSON (Lab),Benjamin KERR (Con),Ian Alexander BROWN (LD),Johannes BUTSCHER (Grn),Steven PATERSON (SNP),3,6
2393,Corrie MCCHORD (Lab),Danny GIBSON (Lab),Benjamin KERR (Con),Ian Alexander BROWN (LD),Johannes BUTSCHER (Grn),Steven PATERSON (SNP),3,6
2394,Corrie MCCHORD (Lab),Danny GIBSON (Lab),Benjamin KERR (Con),Ian Alexander BROWN (LD),Johannes BUTSCHER (Grn),Steven PATERSON (SNP),3,6
2395,Corrie MCCHORD (Lab),Danny GIBSON (Lab),Benjamin KERR (Con),Ian Alexander BROWN (LD),Johannes BUTSCHER (Grn),Steven PATERSON (SNP),3,6
2396,Corrie MCCHORD (Lab),Danny GIBSON (Lab),Benjamin KERR (Con),Ian Alexander BROWN (LD),Johannes BUTSCHER (Grn),Steven PATERSON (SNP),3,6
2397,Corrie MCCHORD (Lab),Danny GIBSON (Lab),Benjamin KERR (Con),Ian Alexander BROWN (LD),Johannes BUTSCHER (Grn),Steven PATERSON (SNP),3,6
2398,Corrie MCCHORD (Lab),Danny GIBSON (Lab),Benjamin KERR (Con),Ian Alexander BROWN (LD),Steven PATERSON (SNP),Johannes BUTSCHER (Grn),3,6
2399,Corrie MCCHORD (Lab),Danny GIBSON (Lab),Benjamin KERR (Con),Johannes BUTSCHER (Grn),Ian Alexander BROWN (LD),skipped,3,6
2400,Corrie MCCHORD (Lab),Danny GIBSON (Lab),Benjamin KERR (Con),Johannes BUTSCHER (Grn),Ian Alexander BROWN (LD),Steven PATERSON (SNP),3,6
2401,Corrie MCCHORD (Lab),Danny GIBSON (Lab),Benjamin KERR (Con),Johannes BUTSCHER (Grn),Ian Alexander BROWN (LD),Steven PATERSON (SNP),3,6
2402,Corrie MCCHORD (Lab),Danny GIBSON (Lab),Benjamin KERR (Con),Johannes BUTSCHER (Grn),Ian Alexander BROWN (LD),Steven PATERSON (SNP),3,6
2403,Corrie MCCHORD (Lab),Danny GIBSON (Lab),Benjamin KERR (Con),Johannes BUTSCHER (Grn),Steven PATERSON (SNP),Ian Alexander BROWN (LD),3,6
2404,Corrie MCCHORD (Lab),Danny GIBSON (Lab),Benjamin KERR (Con),Johannes BUTSCHER (Grn),Steven PATERSON (SNP),Ian Alexander BROWN (LD),3,6
2405,Corrie MCCHORD (Lab),Danny GIBSON (Lab),Steven PATERSON (SNP),skipped,skipped,skipped,3,6
2406,Corrie MCCHORD (Lab),Danny GIBSON (Lab),Steven PATERSON (SNP),skipped,skipped,skipped,3,6
2407,Corrie MCCHORD (Lab),Danny GIBSON (Lab),Steven PATERSON (SNP),skipped,skipped,skipped,3,6
2408,Corrie MCCHORD (Lab),Danny GIBSON (Lab),Steven PATERSON (SNP),skipped,skipped,skipped,3,6
2409,Corrie MCCHORD (Lab),Danny GIBSON (Lab),Steven PATERSON (SNP),skipped,skipped,skipped,3,6
2410,Corrie MCCHORD (Lab),Danny GIBSON (Lab),Steven PATERSON (SNP),skipped,skipped,skipped,3,6
2411,Corrie MCCHORD (Lab),Danny GIBSON (Lab),Steven PATERSON (SNP),skipped,skipped,skipped,3,6
2412,Corrie MCCHORD (Lab),Danny GIBSON (Lab),Steven PATERSON (SNP),skipped,skipped,skipped,3,6
2413,Corrie MCCHORD (Lab),Danny GIBSON (Lab),Steven PATERSON (SNP),skipped,skipped,skipped,3,6
2414,Corrie MCCHORD (Lab),Danny GIBSON (Lab),Steven PATERSON (SNP),skipped,skipped,skipped,3,6
2415,Corrie MCCHORD (Lab),Danny GIBSON (Lab),Steven PATERSON (SNP),skipped,skipped,skipped,3,6
2416,Corrie MCCHORD (Lab),Danny GIBSON (Lab),Steven PATERSON (SNP),skipped,skipped,skipped,3,6
2417,Corrie MCCHORD (Lab),Danny GIBSON (Lab),Steven PATERSON (SNP),skipped,skipped,skipped,3,6
2418,Corrie MCCHORD (Lab),Danny GIBSON (Lab),Steven PATERSON (SNP),skipped,skipped,skipped,3,6
2419,Corrie MCCHORD (Lab),Danny GIBSON (Lab),Steven PATERSON (SNP),skipped,skipped,skipped,3,6
2420,Corrie MCCHORD (Lab),Danny GIBSON (Lab),Steven PATERSON (SNP),skipped,skipped,skipped,3,6
2421,Corrie MCCHORD (Lab),Danny GIBSON (Lab),Steven PATERSON (SNP),skipped,skipped,skipped,3,6
2422,Corrie MCCHORD (Lab),Danny GIBSON (Lab),Steven PATERSON (SNP),skipped,skipped,skipped,3,6
2423,Corrie MCCHORD (Lab),Danny GIBSON (Lab),Steven PATERSON (SNP),skipped,skipped,skipped,3,6
2424,Corrie MCCHORD (Lab),Danny GIBSON (Lab),Steven PATERSON (SNP),skipped,skipped,skipped,3,6
2425,Corrie MCCHORD (Lab),Danny GIBSON (Lab),Steven PATERSON (SNP),skipped,skipped,skipped,3,6
2426,Corrie MCCHORD (Lab),Danny GIBSON (Lab),Steven PATERSON (SNP),skipped,skipped,skipped,3,6
2427,Corrie MCCHORD (Lab),Danny GIBSON (Lab),Steven PATERSON (SNP),skipped,skipped,skipped,3,6
2428,Corrie MCCHORD (Lab),Danny GIBSON (Lab),Steven PATERSON (SNP),skipped,skipped,skipped,3,6
2429,Corrie MCCHORD (Lab),Danny GIBSON (Lab),Steven PATERSON (SNP),skipped,skipped,skipped,3,6
2430,Corrie MCCHORD (Lab),Danny GIBSON (Lab),Steven PATERSON (SNP),skipped,skipped,skipped,3,6
2431,Corrie MCCHORD (Lab),Danny GIBSON (Lab),Steven PATERSON (SNP),skipped,skipped,skipped,3,6
2432,Corrie MCCHORD (Lab),Danny GIBSON (Lab),Steven PATERSON (SNP),skipped,skipped,skipped,3,6
2433,Corrie MCCHORD (Lab),Danny GIBSON (Lab),Steven PATERSON (SNP),skipped,skipped,skipped,3,6
2434,Corrie MCCHORD (Lab),Danny GIBSON (Lab),Steven PATERSON (SNP),skipped,skipped,skipped,3,6
2435,Corrie MCCHORD (Lab),Danny GIBSON (Lab),Steven PATERSON (SNP),skipped,skipped,skipped,3,6
2436,Corrie MCCHORD (Lab),Danny GIBSON (Lab),Steven PATERSON (SNP),skipped,skipped,skipped,3,6
2437,Corrie MCCHORD (Lab),Danny GIBSON (Lab),Steven PATERSON (SNP),skipped,skipped,skipped,3,6
2438,Corrie MCCHORD (Lab),Danny GIBSON (Lab),Steven PATERSON (SNP),skipped,skipped,skipped,3,6
2439,Corrie MCCHORD (Lab),Danny GIBSON (Lab),Steven PATERSON (SNP),skipped,skipped,skipped,3,6
2440,Corrie MCCHORD (Lab),Danny GIBSON (Lab),Steven PATERSON (SNP),skipped,skipped,skipped,3,6
2441,Corrie MCCHORD (Lab),Danny GIBSON (Lab),Steven PATERSON (SNP),skipped,skipped,skipped,3,6
2442,Corrie MCCHORD (Lab),Danny GIBSON (Lab),Steven PATERSON (SNP),skipped,skipped,skipped,3,6
2443,Corrie MCCHORD (Lab),Danny GIBSON (Lab),Steven PATERSON (SNP),skipped,skipped,skipped,3,6
2444,Corrie MCCHORD (Lab),Danny GIBSON (Lab),Steven PATERSON (SNP),skipped,skipped,skipped,3,6
2445,Corrie MCCHORD (Lab),Danny GIBSON (Lab),Steven PATERSON (SNP),skipped,skipped,skipped,3,6
2446,Corrie MCCHORD (Lab),Danny GIBSON (Lab),Steven PATERSON (SNP),skipped,skipped,skipped,3,6
2447,Corrie MCCHORD (Lab),Danny GIBSON (Lab),Steven PATERSON (SNP),skipped,skipped,skipped,3,6
2448,Corrie MCCHORD (Lab),Danny GIBSON (Lab),Steven PATERSON (SNP),skipped,skipped,skipped,3,6
2449,Corrie MCCHORD (Lab),Danny GIBSON (Lab),Steven PATERSON (SNP),skipped,skipped,skipped,3,6
2450,Corrie MCCHORD (Lab),Danny GIBSON (Lab),Steven PATERSON (SNP),skipped,skipped,skipped,3,6
2451,Corrie MCCHORD (Lab),Danny GIBSON (Lab),Steven PATERSON (SNP),skipped,skipped,skipped,3,6
2452,Corrie MCCHORD (Lab),Danny GIBSON (Lab),Steven PATERSON (SNP),skipped,skipped,skipped,3,6
2453,Corrie MCCHORD (Lab),Danny GIBSON (Lab),Steven PATERSON (SNP),skipped,skipped,skipped,3,6
2454,Corrie MCCHORD (Lab),Danny GIBSON (Lab),Steven PATERSON (SNP),skipped,skipped,skipped,3,6
2455,Corrie MCCHORD (Lab),Danny GIBSON (Lab),Steven PATERSON (SNP),skipped,skipped,skipped,3,6
2456,Corrie MCCHORD (Lab),Danny GIBSON (Lab),Steven PATERSON (SNP),skipped,skipped,skipped,3,6
2457,Corrie MCCHORD (Lab),Danny GIBSON (Lab),Steven PATERSON (SNP),skipped,skipped,skipped,3,6
2458,Corrie MCCHORD (Lab),Danny GIBSON (Lab),Steven PATERSON (SNP),skipped,skipped,skipped,3,6
2459,Corrie MCCHORD (Lab),Danny GIBSON (Lab),Steven PATERSON (SNP),skipped,skipped,skipped,3,6
2460,Corrie MCCHORD (Lab),Danny GIBSON (Lab),Steven PATERSON (SNP),skipped,skipped,skipped,3,6
2461,Corrie MCCHORD (Lab),Danny GIBSON (Lab),Steven PATERSON (SNP),skipped,skipped,skipped,3,6
2462,Corrie MCCHORD (Lab),Danny GIBSON (Lab),Steven PATERSON (SNP),skipped,skipped,skipped,3,6
2463,Corrie MCCHORD (Lab),Danny GIBSON (Lab),Steven PATERSON (SNP),skipped,skipped,skipped,3,6
2464,Corrie MCCHORD (Lab),Danny GIBSON (Lab),Steven PATERSON (SNP),skipped,skipped,skipped,3,6
2465,Corrie MCCHORD (Lab),Danny GIBSON (Lab),Steven PATERSON (SNP),skipped,skipped,skipped,3,6
2466,Corrie MCCHORD (Lab),Danny GIBSON (Lab),Steven PATERSON (SNP),skipped,skipped,skipped,3,6
2467,Corrie MCCHORD (Lab),Danny GIBSON (Lab),Steven PATERSON (SNP),skipped,skipped,skipped,3,6
2468,Corrie MCCHORD (Lab),Danny GIBSON (Lab),Steven PATERSON (SNP),skipped,skipped,skipped,3,6
2469,Corrie MCCHORD (Lab),Danny GIBSON (Lab),Steven PATERSON (SNP),skipped,skipped,skipped,3,6
2470,Corrie MCCHORD (Lab),Danny GIBSON (Lab),Steven PATERSON (SNP),skipped,skipped,skipped,3,6
2471,Corrie MCCHORD (Lab),Danny GIBSON (Lab),Steven PATERSON (SNP),skipped,skipped,skipped,3,6
2472,Corrie MCCHORD (Lab),Danny GIBSON (Lab),Steven PATERSON (SNP),skipped,skipped,skipped,3,6
2473,Corrie MCCHORD (Lab),Danny GIBSON (Lab),Steven PATERSON (SNP),skipped,skipped,skipped,3,6
2474,Corrie MCCHORD (Lab),Danny GIBSON (Lab),Steven PATERSON (SNP),Ian Alexander BROWN (LD),skipped,skipped,3,6
2475,Corrie MCCHORD (Lab),Danny GIBSON (Lab),Steven PATERSON (SNP),Ian Alexander BROWN (LD),skipped,skipped,3,6
2476,Corrie MCCHORD (Lab),Danny GIBSON (Lab),Steven PATERSON (SNP),Ian Alexander BROWN (LD),skipped,skipped,3,6
2477,Corrie MCCHORD (Lab),Danny GIBSON (Lab),Steven PATERSON (SNP),Ian Alexander BROWN (LD),Johannes BUTSCHER (Grn),skipped,3,6
2478,Corrie MCCHORD (Lab),Danny GIBSON (Lab),Steven PATERSON (SNP),Ian Alexander BROWN (LD),Johannes BUTSCHER (Grn),skipped,3,6
2479,Corrie MCCHORD (Lab),Danny GIBSON (Lab),Steven PATERSON (SNP),Ian Alexander BROWN (LD),Johannes BUTSCHER (Grn),Benjamin KERR (Con),3,6
2480,Corrie MCCHORD (Lab),Danny GIBSON (Lab),Steven PATERSON (SNP),Ian Alexander BROWN (LD),Johannes BUTSCHER (Grn),Benjamin KERR (Con),3,6
2481,Corrie MCCHORD (Lab),Danny GIBSON (Lab),Steven PATERSON (SNP),Ian Alexander BROWN (LD),Johannes BUTSCHER (Grn),Benjamin KERR (Con),3,6
2482,Corrie MCCHORD (Lab),Danny GIBSON (Lab),Steven PATERSON (SNP),Ian Alexander BROWN (LD),Johannes BUTSCHER (Grn),Benjamin KERR (Con),3,6
2483,Corrie MCCHORD (Lab),Danny GIBSON (Lab),Steven PATERSON (SNP),Ian Alexander BROWN (LD),Johannes BUTSCHER (Grn),Benjamin KERR (Con),3,6
2484,Corrie MCCHORD (Lab),Danny GIBSON (Lab),Steven PATERSON (SNP),Ian Alexander BROWN (LD),Johannes BUTSCHER (Grn),Benjamin KERR (Con),3,6
2485,Corrie MCCHORD (Lab),Danny GIBSON (Lab),Steven PATERSON (SNP),Ian Alexander BROWN (LD),Johannes BUTSCHER (Grn),Benjamin KERR (Con),3,6
2486,Corrie MCCHORD (Lab),Danny GIBSON (Lab),Steven PATERSON (SNP),Ian Alexander BROWN (LD),Johannes BUTSCHER (Grn),Benjamin KERR (Con),3,6
2487,Corrie MCCHORD (Lab),Danny GIBSON (Lab),Steven PATERSON (SNP),Ian Alexander BROWN (LD),Johannes BUTSCHER (Grn),Benjamin KERR (Con),3,6
2488,Corrie MCCHORD (Lab),Danny GIBSON (Lab),Steven PATERSON (SNP),Ian Alexander BROWN (LD),Johannes BUTSCHER (Grn),Benjamin KERR (Con),3,6
2489,Corrie MCCHORD (Lab),Danny GIBSON (Lab),Steven PATERSON (SNP),Ian Alexander BROWN (LD),Johannes BUTSCHER (Grn),Benjamin KERR (Con),3,6
2490,Corrie MCCHORD (Lab),Danny GIBSON (Lab),Steven PATERSON (SNP),Ian Alexander BROWN (LD),Benjamin KERR (Con),Johannes BUTSCHER (Grn),3,6
2491,Corrie MCCHORD (Lab),Danny GIBSON (Lab),Steven PATERSON (SNP),Ian Alexander BROWN (LD),Benjamin KERR (Con),Johannes BUTSCHER (Grn),3,6
2492,Corrie MCCHORD (Lab),Danny GIBSON (Lab),Steven PATERSON (SNP),Johannes BUTSCHER (Grn),skipped,skipped,3,6
2493,Corrie MCCHORD (Lab),Danny GIBSON (Lab),Steven PATERSON (SNP),Johannes BUTSCHER (Grn),skipped,skipped,3,6
2494,Corrie MCCHORD (Lab),Danny GIBSON (Lab),Steven PATERSON (SNP),Johannes BUTSCHER (Grn),skipped,skipped,3,6
2495,Corrie MCCHORD (Lab),Danny GIBSON (Lab),Steven PATERSON (SNP),Johannes BUTSCHER (Grn),Ian Alexander BROWN (LD),skipped,3,6
2496,Corrie MCCHORD (Lab),Danny GIBSON (Lab),Steven PATERSON (SNP),Johannes BUTSCHER (Grn),Ian Alexander BROWN (LD),skipped,3,6
2497,Corrie MCCHORD (Lab),Danny GIBSON (Lab),Steven PATERSON (SNP),Johannes BUTSCHER (Grn),Ian Alexander BROWN (LD),Benjamin KERR (Con),3,6
2498,Corrie MCCHORD (Lab),Danny GIBSON (Lab),Steven PATERSON (SNP),Johannes BUTSCHER (Grn),Ian Alexander BROWN (LD),Benjamin KERR (Con),3,6
2499,Corrie MCCHORD (Lab),Danny GIBSON (Lab),Steven PATERSON (SNP),Johannes BUTSCHER (Grn),Ian Alexander BROWN (LD),Benjamin KERR (Con),3,6
2500,Corrie MCCHORD (Lab),Danny GIBSON (Lab),Steven PATERSON (SNP),Johannes BUTSCHER (Grn),Ian Alexander BROWN (LD),Benjamin KERR (Con),3,6
2501,Corrie MCCHORD (Lab),Danny GIBSON (Lab),Steven PATERSON (SNP),Johannes BUTSCHER (Grn),Ian Alexander BROWN (LD),Benjamin KERR (Con),3,6
2502,Corrie MCCHORD (Lab),Danny GIBSON (Lab),Steven PATERSON (SNP),Johannes BUTSCHER (Grn),Ian Alexander BROWN (LD),Benjamin KERR (Con),3,6
2503,Corrie MCCHORD (Lab),Danny GIBSON (Lab),Steven PATERSON (SNP),Johannes BUTSCHER (Grn),Ian Alexander BROWN (LD),Benjamin KERR (Con),3,6
2504,Corrie MCCHORD (Lab),Danny GIBSON (Lab),Steven PATERSON (SNP),Johannes BUTSCHER (Grn),Ian Alexander BROWN (LD),Benjamin KERR (Con),3,6
2505,Corrie MCCHORD (Lab),Danny GIBSON (Lab),Steven PATERSON (SNP),Johannes BUTSCHER (Grn),Ian Alexander BROWN (LD),Benjamin KERR (Con),3,6
2506,Corrie MCCHORD (Lab),Danny GIBSON (Lab),Steven PATERSON (SNP),Johannes BUTSCHER (Grn),Ian Alexander BROWN (LD),Benjamin KERR (Con),3,6
2507,Corrie MCCHORD (Lab),Danny GIBSON (Lab),Steven PATERSON (SNP),Johannes BUTSCHER (Grn),Ian Alexander BROWN (LD),Benjamin KERR (Con),3,6
2508,Corrie MCCHORD (Lab),Danny GIBSON (Lab),Steven PATERSON (SNP),Johannes BUTSCHER (Grn),Ian Alexander BROWN (LD),Benjamin KERR (Con),3,6
2509,Corrie MCCHORD (Lab),Danny GIBSON (Lab),Steven PATERSON (SNP),Johannes BUTSCHER (Grn),Ian Alexander BROWN (LD),Benjamin KERR (Con),3,6
2510,Corrie MCCHORD (Lab),Danny GIBSON (Lab),Steven PATERSON (SNP),Johannes BUTSCHER (Grn),Ian Alexander BROWN (LD),Benjamin KERR (Con),3,6
2511,Corrie MCCHORD (Lab),Danny GIBSON (Lab),Steven PATERSON (SNP),Johannes BUTSCHER (Grn),Ian Alexander BROWN (LD),Benjamin KERR (Con),3,6
2512,Corrie MCCHORD (Lab),Danny GIBSON (Lab),Steven PATERSON (SNP),Johannes BUTSCHER (Grn),Ian Alexander BROWN (LD),Benjamin KERR (Con),3,6
2513,Corrie MCCHORD (Lab),Danny GIBSON (Lab),Steven PATERSON (SNP),Johannes BUTSCHER (Grn),Ian Alexander BROWN (LD),Benjamin KERR (Con),3,6
2514,Corrie MCCHORD (Lab),Danny GIBSON (Lab),Steven PATERSON (SNP),Johannes BUTSCHER (Grn),Ian Alexander BROWN (LD),Benjamin KERR (Con),3,6
2515,Corrie MCCHORD (Lab),Danny GIBSON (Lab),Steven PATERSON (SNP),Johannes BUTSCHER (Grn),Ian Alexander BROWN (LD),Benjamin KERR (Con),3,6
2516,Corrie MCCHORD (Lab),Danny GIBSON (Lab),Steven PATERSON (SNP),Johannes BUTSCHER (Grn),Benjamin KERR (Con),Ian Alexander BROWN (LD),3,6
2517,Corrie MCCHORD (Lab),Danny GIBSON (Lab),Steven PATERSON (SNP),Johannes BUTSCHER (Grn),Benjamin KERR (Con),Ian Alexander BROWN (LD),3,6
2518,Corrie MCCHORD (Lab),Danny GIBSON (Lab),Steven PATERSON (SNP),Johannes BUTSCHER (Grn),Benjamin KERR (Con),Ian Alexander BROWN (LD),3,6
2519,Corrie MCCHORD (Lab),Danny GIBSON (Lab),Steven PATERSON (SNP),Benjamin KERR (Con),Ian Alexander BROWN (LD),Johannes BUTSCHER (Grn),3,6
2520,Corrie MCCHORD (Lab),Danny GIBSON (Lab),Steven PATERSON (SNP),Benjamin KERR (Con),Ian Alexander BROWN (LD),Johannes BUTSCHER (Grn),3,6
2521,Corrie MCCHORD (Lab),Danny GIBSON (Lab),Steven PATERSON (SNP),Benjamin KERR (Con),Ian Alexander BROWN (LD),Johannes BUTSCHER (Grn),3,6
2522,Corrie MCCHORD (Lab),Danny GIBSON (Lab),Steven PATERSON (SNP),Benjamin KERR (Con),Johannes BUTSCHER (Grn),Ian Alexander BROWN (LD),3,6
2523,Corrie MCCHORD (Lab),Danny GIBSON (Lab),Steven PATERSON (SNP),Benjamin KERR (Con),Johannes BUTSCHER (Grn),Ian Alexander BROWN (LD),3,6
2524,Corrie MCCHORD (Lab),Benjamin KERR (Con),skipped,skipped,skipped,skipped,3,6
2525,Corrie MCCHORD (Lab),Benjamin KERR (Con),Johannes BUTSCHER (Grn),Danny GIBSON (Lab),Ian Alexander BROWN (LD),Steven PATERSON (SNP),3,6
2526,Corrie MCCHORD (Lab),Benjamin KERR (Con),Danny GIBSON (Lab),skipped,skipped,skipped,3,6
2527,Corrie MCCHORD (Lab),Benjamin KERR (Con),Danny GIBSON (Lab),Ian Alexander BROWN (LD),skipped,skipped,3,6
2528,Corrie MCCHORD (Lab),Benjamin KERR (Con),Danny GIBSON (Lab),Johannes BUTSCHER (Grn),Ian Alexander BROWN (LD),skipped,3,6
2529,Corrie MCCHORD (Lab),Benjamin KERR (Con),Steven PATERSON (SNP),skipped,skipped,skipped,3,6
2530,Corrie MCCHORD (Lab),Benjamin KERR (Con),Steven PATERSON (SNP),skipped,skipped,skipped,3,6
2531,Corrie MCCHORD (Lab),Steven PATERSON (SNP),skipped,skipped,skipped,skipped,3,6
2532,Corrie MCCHORD (Lab),Steven PATERSON (SNP),skipped,skipped,skipped,skipped,3,6
2533,Corrie MCCHORD (Lab),Steven PATERSON (SNP),skipped,skipped,skipped,skipped,3,6
2534,Corrie MCCHORD (Lab),Steven PATERSON (SNP),skipped,skipped,skipped,skipped,3,6
2535,Corrie MCCHORD (Lab),Steven PATERSON (SNP),skipped,skipped,skipped,skipped,3,6
2536,Corrie MCCHORD (Lab),Steven PATERSON (SNP),skipped,skipped,skipped,skipped,3,6
2537,Corrie MCCHORD (Lab),Steven PATERSON (SNP),skipped,skipped,skipped,skipped,3,6
2538,Corrie MCCHORD (Lab),Steven PATERSON (SNP),skipped,skipped,skipped,skipped,3,6
2539,Corrie MCCHORD (Lab),Steven PATERSON (SNP),skipped,skipped,skipped,skipped,3,6
2540,Corrie MCCHORD (Lab),Steven PATERSON (SNP),skipped,skipped,skipped,skipped,3,6
2541,Corrie MCCHORD (Lab),Steven PATERSON (SNP),Ian Alexander BROWN (LD),skipped,skipped,skipped,3,6
2542,Corrie MCCHORD (Lab),Steven PATERSON (SNP),Ian Alexander BROWN (LD),skipped,skipped,skipped,3,6
2543,Corrie MCCHORD (Lab),Steven PATERSON (SNP),Ian Alexander BROWN (LD),skipped,skipped,skipped,3,6
2544,Corrie MCCHORD (Lab),Steven PATERSON (SNP),Ian Alexander BROWN (LD),Johannes BUTSCHER (Grn),skipped,skipped,3,6
2545,Corrie MCCHORD (Lab),Steven PATERSON (SNP),Johannes BUTSCHER (Grn),skipped,skipped,skipped,3,6
2546,Corrie MCCHORD (Lab),Steven PATERSON (SNP),Johannes BUTSCHER (Grn),skipped,skipped,skipped,3,6
2547,Corrie MCCHORD (Lab),Steven PATERSON (SNP),Johannes BUTSCHER (Grn),skipped,skipped,skipped,3,6
2548,Corrie MCCHORD (Lab),Steven PATERSON (SNP),Johannes BUTSCHER (Grn),Ian Alexander BROWN (LD),skipped,skipped,3,6
2549,Corrie MCCHORD (Lab),Steven PATERSON (SNP),Danny GIBSON (Lab),skipped,skipped,skipped,3,6
2550,Corrie MCCHORD (Lab),Steven PATERSON (SNP),Danny GIBSON (Lab),skipped,skipped,skipped,3,6
2551,Corrie MCCHORD (Lab),Steven PATERSON (SNP),Danny GIBSON (Lab),skipped,skipped,skipped,3,6
2552,Corrie MCCHORD (Lab),Steven PATERSON (SNP),Danny GIBSON (Lab),skipped,skipped,skipped,3,6
2553,Corrie MCCHORD (Lab),Steven PATERSON (SNP),Danny GIBSON (Lab),skipped,skipped,skipped,3,6
2554,Corrie MCCHORD (Lab),Steven PATERSON (SNP),Danny GIBSON (Lab),skipped,skipped,skipped,3,6
2555,Corrie MCCHORD (Lab),Steven PATERSON (SNP),Danny GIBSON (Lab),skipped,skipped,skipped,3,6
2556,Corrie MCCHORD (Lab),Steven PATERSON (SNP),Danny GIBSON (Lab),skipped,skipped,skipped,3,6
2557,Corrie MCCHORD (Lab),Steven PATERSON (SNP),Danny GIBSON (Lab),skipped,skipped,skipped,3,6
2558,Corrie MCCHORD (Lab),Steven PATERSON (SNP),Danny GIBSON (Lab),skipped,skipped,skipped,3,6
2559,Corrie MCCHORD (Lab),Steven PATERSON (SNP),Danny GIBSON (Lab),skipped,skipped,skipped,3,6
2560,Corrie MCCHORD (Lab),Steven PATERSON (SNP),Danny GIBSON (Lab),skipped,skipped,skipped,3,6
2561,Corrie MCCHORD (Lab),Steven PATERSON (SNP),Danny GIBSON (Lab),skipped,skipped,skipped,3,6
2562,Corrie MCCHORD (Lab),Steven PATERSON (SNP),Danny GIBSON (Lab),skipped,skipped,skipped,3,6
2563,Corrie MCCHORD (Lab),Steven PATERSON (SNP),Danny GIBSON (Lab),skipped,skipped,skipped,3,6
2564,Corrie MCCHORD (Lab),Steven PATERSON (SNP),Danny GIBSON (Lab),skipped,skipped,skipped,3,6
2565,Corrie MCCHORD (Lab),Steven PATERSON (SNP),Danny GIBSON (Lab),skipped,skipped,skipped,3,6
2566,Corrie MCCHORD (Lab),Steven PATERSON (SNP),Danny GIBSON (Lab),skipped,skipped,skipped,3,6
2567,Corrie MCCHORD (Lab),Steven PATERSON (SNP),Danny GIBSON (Lab),skipped,skipped,skipped,3,6
2568,Corrie MCCHORD (Lab),Steven PATERSON (SNP),Danny GIBSON (Lab),skipped,skipped,skipped,3,6
2569,Corrie MCCHORD (Lab),Steven PATERSON (SNP),Danny GIBSON (Lab),Ian Alexander BROWN (LD),skipped,skipped,3,6
2570,Corrie MCCHORD (Lab),Steven PATERSON (SNP),Danny GIBSON (Lab),Ian Alexander BROWN (LD),Johannes BUTSCHER (Grn),skipped,3,6
2571,Corrie MCCHORD (Lab),Steven PATERSON (SNP),Danny GIBSON (Lab),Ian Alexander BROWN (LD),Johannes BUTSCHER (Grn),Benjamin KERR (Con),3,6
2572,Corrie MCCHORD (Lab),Steven PATERSON (SNP),Danny GIBSON (Lab),Ian Alexander BROWN (LD),Johannes BUTSCHER (Grn),Benjamin KERR (Con),3,6
2573,Corrie MCCHORD (Lab),Steven PATERSON (SNP),Danny GIBSON (Lab),Ian Alexander BROWN (LD),Johannes BUTSCHER (Grn),Benjamin KERR (Con),3,6
2574,Corrie MCCHORD (Lab),Steven PATERSON (SNP),Danny GIBSON (Lab),Ian Alexander BROWN (LD),Johannes BUTSCHER (Grn),Benjamin KERR (Con),3,6
2575,Corrie MCCHORD (Lab),Steven PATERSON (SNP),Danny GIBSON (Lab),Ian Alexander BROWN (LD),Johannes BUTSCHER (Grn),Benjamin KERR (Con),3,6
2576,Corrie MCCHORD (Lab),Steven PATERSON (SNP),Danny GIBSON (Lab),Johannes BUTSCHER (Grn),skipped,skipped,3,6
2577,Corrie MCCHORD (Lab),Steven PATERSON (SNP),Danny GIBSON (Lab),Johannes BUTSCHER (Grn),skipped,skipped,3,6
2578,Corrie MCCHORD (Lab),Steven PATERSON (SNP),Danny GIBSON (Lab),Johannes BUTSCHER (Grn),Ian Alexander BROWN (LD),Benjamin KERR (Con),3,6
2579,Corrie MCCHORD (Lab),Steven PATERSON (SNP),Danny GIBSON (Lab),Johannes BUTSCHER (Grn),Ian Alexander BROWN (LD),Benjamin KERR (Con),3,6
2580,Corrie MCCHORD (Lab),Steven PATERSON (SNP),Danny GIBSON (Lab),Johannes BUTSCHER (Grn),Ian Alexander BROWN (LD),Benjamin KERR (Con),3,6
2581,Corrie MCCHORD (Lab),Steven PATERSON (SNP),Danny GIBSON (Lab),Johannes BUTSCHER (Grn),Ian Alexander BROWN (LD),Benjamin KERR (Con),3,6
2582,Corrie MCCHORD (Lab),Steven PATERSON (SNP),Danny GIBSON (Lab),Johannes BUTSCHER (Grn),Ian Alexander BROWN (LD),Benjamin KERR (Con),3,6
2583,Corrie MCCHORD (Lab),Steven PATERSON (SNP),Danny GIBSON (Lab),Benjamin KERR (Con),Ian Alexander BROWN (LD),Johannes BUTSCHER (Grn),3,6
2584,Corrie MCCHORD (Lab),Steven PATERSON (SNP),Danny GIBSON (Lab),Benjamin KERR (Con),Johannes BUTSCHER (Grn),Ian Alexander BROWN (LD),3,6
2585,Corrie MCCHORD (Lab),Steven PATERSON (SNP),Benjamin KERR (Con),skipped,skipped,skipped,3,6
2586,Corrie MCCHORD (Lab),Steven PATERSON (SNP),Benjamin KERR (Con),skipped,skipped,skipped,3,6
2587,Corrie MCCHORD (Lab),Steven PATERSON (SNP),Benjamin KERR (Con),Danny GIBSON (Lab),Ian Alexander BROWN (LD),Johannes BUTSCHER (Grn),3,6
2588,Steven PATERSON (SNP),skipped,skipped,skipped,skipped,skipped,3,6
2589,Steven PATERSON (SNP),skipped,skipped,skipped,skipped,skipped,3,6
2590,Steven PATERSON (SNP),skipped,skipped,skipped,skipped,skipped,3,6
2591,Steven PATERSON (SNP),skipped,skipped,skipped,skipped,skipped,3,6
2592,Steven PATERSON (SNP),skipped,skipped,skipped,skipped,skipped,3,6
2593,Steven PATERSON (SNP),skipped,skipped,skipped,skipped,skipped,3,6
2594,Steven PATERSON (SNP),skipped,skipped,skipped,skipped,skipped,3,6
2595,Steven PATERSON (SNP),skipped,skipped,skipped,skipped,skipped,3,6
2596,Steven PATERSON (SNP),skipped,skipped,skipped,skipped,skipped,3,6
2597,Steven PATERSON (SNP),skipped,skipped,skipped,skipped,skipped,3,6
2598,Steven PATERSON (SNP),skipped,skipped,skipped,skipped,skipped,3,6
2599,Steven PATERSON (SNP),skipped,skipped,skipped,skipped,skipped,3,6
2600,Steven PATERSON (SNP),skipped,skipped,skipped,skipped,skipped,3,6
2601,Steven PATERSON (SNP),skipped,skipped,skipped,skipped,skipped,3,6
2602,Steven PATERSON (SNP),skipped,skipped,skipped,skipped,skipped,3,6
2603,Steven PATERSON (SNP),skipped,skipped,skipped,skipped,skipped,3,6
2604,Steven PATERSON (SNP),skipped,skipped,skipped,skipped,skipped,3,6
2605,Steven PATERSON (SNP),skipped,skipped,skipped,skipped,skipped,3,6
2606,Steven PATERSON (SNP),skipped,skipped,skipped,skipped,skipped,3,6
2607,Steven PATERSON (SNP),skipped,skipped,skipped,skipped,skipped,3,6
2608,Steven PATERSON (SNP),skipped,skipped,skipped,skipped,skipped,3,6
2609,Steven PATERSON (SNP),skipped,skipped,skipped,skipped,skipped,3,6
2610,Steven PATERSON (SNP),skipped,skipped,skipped,skipped,skipped,3,6
2611,Steven PATERSON (SNP),skipped,skipped,skipped,skipped,skipped,3,6
2612,Steven PATERSON (SNP),skipped,skipped,skipped,skipped,skipped,3,6
2613,Steven PATERSON (SNP),skipped,skipped,skipped,skipped,skipped,3,6
2614,Steven PATERSON (SNP),skipped,skipped,skipped,skipped,skipped,3,6
2615,Steven PATERSON (SNP),skipped,skipped,skipped,skipped,skipped,3,6
2616,Steven PATERSON (SNP),skipped,skipped,skipped,skipped,skipped,3,6
2617,Steven PATERSON (SNP),skipped,skipped,skipped,skipped,skipped,3,6
2618,Steven PATERSON (SNP),skipped,skipped,skipped,skipped,skipped,3,6
2619,Steven PATERSON (SNP),skipped,skipped,skipped,skipped,skipped,3,6
2620,Steven PATERSON (SNP),skipped,skipped,skipped,skipped,skipped,3,6
2621,Steven PATERSON (SNP),skipped,skipped,skipped,skipped,skipped,3,6
2622,Steven PATERSON (SNP),skipped,skipped,skipped,skipped,skipped,3,6
2623,Steven PATERSON (SNP),skipped,skipped,skipped,skipped,skipped,3,6
2624,Steven PATERSON (SNP),skipped,skipped,skipped,skipped,skipped,3,6
2625,Steven PATERSON (SNP),skipped,skipped,skipped,skipped,skipped,3,6
2626,Steven PATERSON (SNP),skipped,skipped,skipped,skipped,skipped,3,6
2627,Steven PATERSON (SNP),skipped,skipped,skipped,skipped,skipped,3,6
2628,Steven PATERSON (SNP),skipped,skipped,skipped,skipped,skipped,3,6
2629,Steven PATERSON (SNP),skipped,skipped,skipped,skipped,skipped,3,6
2630,Steven PATERSON (SNP),skipped,skipped,skipped,skipped,skipped,3,6
2631,Steven PATERSON (SNP),skipped,skipped,skipped,skipped,skipped,3,6
2632,Steven PATERSON (SNP),skipped,skipped,skipped,skipped,skipped,3,6
2633,Steven PATERSON (SNP),skipped,skipped,skipped,skipped,skipped,3,6
2634,Steven PATERSON (SNP),skipped,skipped,skipped,skipped,skipped,3,6
2635,Steven PATERSON (SNP),skipped,skipped,skipped,skipped,skipped,3,6
2636,Steven PATERSON (SNP),skipped,skipped,skipped,skipped,skipped,3,6
2637,Steven PATERSON (SNP),skipped,skipped,skipped,skipped,skipped,3,6
2638,Steven PATERSON (SNP),skipped,skipped,skipped,skipped,skipped,3,6
2639,Steven PATERSON (SNP),skipped,skipped,skipped,skipped,skipped,3,6
2640,Steven PATERSON (SNP),skipped,skipped,skipped,skipped,skipped,3,6
2641,Steven PATERSON (SNP),skipped,skipped,skipped,skipped,skipped,3,6
2642,Steven PATERSON (SNP),skipped,skipped,skipped,skipped,skipped,3,6
2643,Steven PATERSON (SNP),skipped,skipped,skipped,skipped,skipped,3,6
2644,Steven PATERSON (SNP),skipped,skipped,skipped,skipped,skipped,3,6
2645,Steven PATERSON (SNP),skipped,skipped,skipped,skipped,skipped,3,6
2646,Steven PATERSON (SNP),skipped,skipped,skipped,skipped,skipped,3,6
2647,Steven PATERSON (SNP),skipped,skipped,skipped,skipped,skipped,3,6
2648,Steven PATERSON (SNP),skipped,skipped,skipped,skipped,skipped,3,6
2649,Steven PATERSON (SNP),skipped,skipped,skipped,skipped,skipped,3,6
2650,Steven PATERSON (SNP),skipped,skipped,skipped,skipped,skipped,3,6
2651,Steven PATERSON (SNP),skipped,skipped,skipped,skipped,skipped,3,6
2652,Steven PATERSON (SNP),skipped,skipped,skipped,skipped,skipped,3,6
2653,Steven PATERSON (SNP),skipped,skipped,skipped,skipped,skipped,3,6
2654,Steven PATERSON (SNP),skipped,skipped,skipped,skipped,skipped,3,6
2655,Steven PATERSON (SNP),skipped,skipped,skipped,skipped,skipped,3,6
2656,Steven PATERSON (SNP),skipped,skipped,skipped,skipped,skipped,3,6
2657,Steven PATERSON (SNP),skipped,skipped,skipped,skipped,skipped,3,6
2658,Steven PATERSON (SNP),skipped,skipped,skipped,skipped,skipped,3,6
2659,Steven PATERSON (SNP),skipped,skipped,skipped,skipped,skipped,3,6
2660,Steven PATERSON (SNP),skipped,skipped,skipped,skipped,skipped,3,6
2661,Steven PATERSON (SNP),skipped,skipped,skipped,skipped,skipped,3,6
2662,Steven PATERSON (SNP),skipped,skipped,skipped,skipped,skipped,3,6
2663,Steven PATERSON (SNP),skipped,skipped,skipped,skipped,skipped,3,6
2664,Steven PATERSON (SNP),skipped,skipped,skipped,skipped,skipped,3,6
2665,Steven PATERSON (SNP),skipped,skipped,skipped,skipped,skipped,3,6
2666,Steven PATERSON (SNP),skipped,skipped,skipped,skipped,skipped,3,6
2667,Steven PATERSON (SNP),skipped,skipped,skipped,skipped,skipped,3,6
2668,Steven PATERSON (SNP),skipped,skipped,skipped,skipped,skipped,3,6
2669,Steven PATERSON (SNP),skipped,skipped,skipped,skipped,skipped,3,6
2670,Steven PATERSON (SNP),skipped,skipped,skipped,skipped,skipped,3,6
2671,Steven PATERSON (SNP),skipped,skipped,skipped,skipped,skipped,3,6
2672,Steven PATERSON (SNP),skipped,skipped,skipped,skipped,skipped,3,6
2673,Steven PATERSON (SNP),skipped,skipped,skipped,skipped,skipped,3,6
2674,Steven PATERSON (SNP),skipped,skipped,skipped,skipped,skipped,3,6
2675,Steven PATERSON (SNP),skipped,skipped,skipped,skipped,skipped,3,6
2676,Steven PATERSON (SNP),skipped,skipped,skipped,skipped,skipped,3,6
2677,Steven PATERSON (SNP),skipped,skipped,skipped,skipped,skipped,3,6
2678,Steven PATERSON (SNP),skipped,skipped,skipped,skipped,skipped,3,6
2679,Steven PATERSON (SNP),skipped,skipped,skipped,skipped,skipped,3,6
2680,Steven PATERSON (SNP),skipped,skipped,skipped,skipped,skipped,3,6
2681,Steven PATERSON (SNP),skipped,skipped,skipped,skipped,skipped,3,6
2682,Steven PATERSON (SNP),skipped,skipped,skipped,skipped,skipped,3,6
2683,Steven PATERSON (SNP),skipped,skipped,skipped,skipped,skipped,3,6
2684,Steven PATERSON (SNP),skipped,skipped,skipped,skipped,skipped,3,6
2685,Steven PATERSON (SNP),skipped,skipped,skipped,skipped,skipped,3,6
2686,Steven PATERSON (SNP),skipped,skipped,skipped,skipped,skipped,3,6
2687,Steven PATERSON (SNP),skipped,skipped,skipped,skipped,skipped,3,6
2688,Steven PATERSON (SNP),skipped,skipped,skipped,skipped,skipped,3,6
2689,Steven PATERSON (SNP),skipped,skipped,skipped,skipped,skipped,3,6
2690,Steven PATERSON (SNP),skipped,skipped,skipped,skipped,skipped,3,6
2691,Steven PATERSON (SNP),skipped,skipped,skipped,skipped,skipped,3,6
2692,Steven PATERSON (SNP),skipped,skipped,skipped,skipped,skipped,3,6
2693,Steven PATERSON (SNP),skipped,skipped,skipped,skipped,skipped,3,6
2694,Steven PATERSON (SNP),skipped,skipped,skipped,skipped,skipped,3,6
2695,Steven PATERSON (SNP),skipped,skipped,skipped,skipped,skipped,3,6
2696,Steven PATERSON (SNP),skipped,skipped,skipped,skipped,skipped,3,6
2697,Steven PATERSON (SNP),skipped,skipped,skipped,skipped,skipped,3,6
2698,Steven PATERSON (SNP),skipped,skipped,skipped,skipped,skipped,3,6
2699,Steven PATERSON (SNP),skipped,skipped,skipped,skipped,skipped,3,6
2700,Steven PATERSON (SNP),skipped,skipped,skipped,skipped,skipped,3,6
2701,Steven PATERSON (SNP),skipped,skipped,skipped,skipped,skipped,3,6
2702,Steven PATERSON (SNP),skipped,skipped,skipped,skipped,skipped,3,6
2703,Steven PATERSON (SNP),skipped,skipped,skipped,skipped,skipped,3,6
2704,Steven PATERSON (SNP),skipped,skipped,skipped,skipped,skipped,3,6
2705,Steven PATERSON (SNP),skipped,skipped,skipped,skipped,skipped,3,6
2706,Steven PATERSON (SNP),skipped,skipped,skipped,skipped,skipped,3,6
2707,Steven PATERSON (SNP),skipped,skipped,skipped,skipped,skipped,3,6
2708,Steven PATERSON (SNP),skipped,skipped,skipped,skipped,skipped,3,6
2709,Steven PATERSON (SNP),skipped,skipped,skipped,skipped,skipped,3,6
2710,Steven PATERSON (SNP),skipped,skipped,skipped,skipped,skipped,3,6
2711,Steven PATERSON (SNP),skipped,skipped,skipped,skipped,skipped,3,6
2712,Steven PATERSON (SNP),skipped,skipped,skipped,skipped,skipped,3,6
2713,Steven PATERSON (SNP),skipped,skipped,skipped,skipped,skipped,3,6
2714,Steven PATERSON (SNP),skipped,skipped,skipped,skipped,skipped,3,6
2715,Steven PATERSON (SNP),skipped,skipped,skipped,skipped,skipped,3,6
2716,Steven PATERSON (SNP),skipped,skipped,skipped,skipped,skipped,3,6
2717,Steven PATERSON (SNP),skipped,skipped,skipped,skipped,skipped,3,6
2718,Steven PATERSON (SNP),skipped,skipped,skipped,skipped,skipped,3,6
2719,Steven PATERSON (SNP),skipped,skipped,skipped,skipped,skipped,3,6
2720,Steven PATERSON (SNP),skipped,skipped,skipped,skipped,skipped,3,6
2721,Steven PATERSON (SNP),skipped,skipped,skipped,skipped,skipped,3,6
2722,Steven PATERSON (SNP),skipped,skipped,skipped,skipped,skipped,3,6
2723,Steven PATERSON (SNP),skipped,skipped,skipped,skipped,skipped,3,6
2724,Steven PATERSON (SNP),skipped,skipped,skipped,skipped,skipped,3,6
2725,Steven PATERSON (SNP),skipped,skipped,skipped,skipped,skipped,3,6
2726,Steven PATERSON (SNP),skipped,skipped,skipped,skipped,skipped,3,6
2727,Steven PATERSON (SNP),skipped,skipped,skipped,skipped,skipped,3,6
2728,Steven PATERSON (SNP),skipped,skipped,skipped,skipped,skipped,3,6
2729,Steven PATERSON (SNP),skipped,skipped,skipped,skipped,skipped,3,6
2730,Steven PATERSON (SNP),skipped,skipped,skipped,skipped,skipped,3,6
2731,Steven PATERSON (SNP),skipped,skipped,skipped,skipped,skipped,3,6
2732,Steven PATERSON (SNP),skipped,skipped,skipped,skipped,skipped,3,6
2733,Steven PATERSON (SNP),skipped,skipped,skipped,skipped,skipped,3,6
2734,Steven PATERSON (SNP),skipped,skipped,skipped,skipped,skipped,3,6
2735,Steven PATERSON (SNP),skipped,skipped,skipped,skipped,skipped,3,6
2736,Steven PATERSON (SNP),skipped,skipped,skipped,skipped,skipped,3,6
2737,Steven PATERSON (SNP),skipped,skipped,skipped,skipped,skipped,3,6
2738,Steven PATERSON (SNP),skipped,skipped,skipped,skipped,skipped,3,6
2739,Steven PATERSON (SNP),skipped,skipped,skipped,skipped,skipped,3,6
2740,Steven PATERSON (SNP),skipped,skipped,skipped,skipped,skipped,3,6
2741,Steven PATERSON (SNP),skipped,skipped,skipped,skipped,skipped,3,6
2742,Steven PATERSON (SNP),skipped,skipped,skipped,skipped,skipped,3,6
2743,Steven PATERSON (SNP),skipped,skipped,skipped,skipped,skipped,3,6
2744,Steven PATERSON (SNP),skipped,skipped,skipped,skipped,skipped,3,6
2745,Steven PATERSON (SNP),skipped,skipped,skipped,skipped,skipped,3,6
2746,Steven PATERSON (SNP),skipped,skipped,skipped,skipped,skipped,3,6
2747,Steven PATERSON (SNP),skipped,skipped,skipped,skipped,skipped,3,6
2748,Steven PATERSON (SNP),skipped,skipped,skipped,skipped,skipped,3,6
2749,Steven PATERSON (SNP),skipped,skipped,skipped,skipped,skipped,3,6
2750,Steven PATERSON (SNP),skipped,skipped,skipped,skipped,skipped,3,6
2751,Steven PATERSON (SNP),skipped,skipped,skipped,skipped,skipped,3,6
2752,Steven PATERSON (SNP),skipped,skipped,skipped,skipped,skipped,3,6
2753,Steven PATERSON (SNP),skipped,skipped,skipped,skipped,skipped,3,6
2754,Steven PATERSON (SNP),skipped,skipped,skipped,skipped,skipped,3,6
2755,Steven PATERSON (SNP),skipped,skipped,skipped,skipped,skipped,3,6
2756,Steven PATERSON (SNP),skipped,skipped,skipped,skipped,skipped,3,6
2757,Steven PATERSON (SNP),skipped,skipped,skipped,skipped,skipped,3,6
2758,Steven PATERSON (SNP),skipped,skipped,skipped,skipped,skipped,3,6
2759,Steven PATERSON (SNP),skipped,skipped,skipped,skipped,skipped,3,6
2760,Steven PATERSON (SNP),skipped,skipped,skipped,skipped,skipped,3,6
2761,Steven PATERSON (SNP),skipped,skipped,skipped,skipped,skipped,3,6
2762,Steven PATERSON (SNP),skipped,skipped,skipped,skipped,skipped,3,6
2763,Steven PATERSON (SNP),skipped,skipped,skipped,skipped,skipped,3,6
2764,Steven PATERSON (SNP),skipped,skipped,skipped,skipped,skipped,3,6
2765,Steven PATERSON (SNP),skipped,skipped,skipped,skipped,skipped,3,6
2766,Steven PATERSON (SNP),skipped,skipped,skipped,skipped,skipped,3,6
2767,Steven PATERSON (SNP),skipped,skipped,skipped,skipped,skipped,3,6
2768,Steven PATERSON (SNP),skipped,skipped,skipped,skipped,skipped,3,6
2769,Steven PATERSON (SNP),skipped,skipped,skipped,skipped,skipped,3,6
2770,Steven PATERSON (SNP),skipped,skipped,skipped,skipped,skipped,3,6
2771,Steven PATERSON (SNP),skipped,skipped,skipped,skipped,skipped,3,6
2772,Steven PATERSON (SNP),skipped,skipped,skipped,skipped,skipped,3,6
2773,Steven PATERSON (SNP),skipped,skipped,skipped,skipped,skipped,3,6
2774,Steven PATERSON (SNP),skipped,skipped,skipped,skipped,skipped,3,6
2775,Steven PATERSON (SNP),skipped,skipped,skipped,skipped,skipped,3,6
2776,Steven PATERSON (SNP),skipped,skipped,skipped,skipped,skipped,3,6
2777,Steven PATERSON (SNP),skipped,skipped,skipped,skipped,skipped,3,6
2778,Steven PATERSON (SNP),skipped,skipped,skipped,skipped,skipped,3,6
2779,Steven PATERSON (SNP),skipped,skipped,skipped,skipped,skipped,3,6
2780,Steven PATERSON (SNP),skipped,skipped,skipped,skipped,skipped,3,6
2781,Steven PATERSON (SNP),skipped,skipped,skipped,skipped,skipped,3,6
2782,Steven PATERSON (SNP),skipped,skipped,skipped,skipped,skipped,3,6
2783,Steven PATERSON (SNP),skipped,skipped,skipped,skipped,skipped,3,6
2784,Steven PATERSON (SNP),skipped,skipped,skipped,skipped,skipped,3,6
2785,Steven PATERSON (SNP),skipped,skipped,skipped,skipped,skipped,3,6
2786,Steven PATERSON (SNP),skipped,skipped,skipped,skipped,skipped,3,6
2787,Steven PATERSON (SNP),skipped,skipped,skipped,skipped,skipped,3,6
2788,Steven PATERSON (SNP),skipped,skipped,skipped,skipped,skipped,3,6
2789,Steven PATERSON (SNP),skipped,skipped,skipped,skipped,skipped,3,6
2790,Steven PATERSON (SNP),skipped,skipped,skipped,skipped,skipped,3,6
2791,Steven PATERSON (SNP),skipped,skipped,skipped,skipped,skipped,3,6
2792,Steven PATERSON (SNP),skipped,skipped,skipped,skipped,skipped,3,6
2793,Steven PATERSON (SNP),skipped,skipped,skipped,skipped,skipped,3,6
2794,Steven PATERSON (SNP),skipped,skipped,skipped,skipped,skipped,3,6
2795,Steven PATERSON (SNP),skipped,skipped,skipped,skipped,skipped,3,6
2796,Steven PATERSON (SNP),skipped,skipped,skipped,skipped,skipped,3,6
2797,Steven PATERSON (SNP),skipped,skipped,skipped,skipped,skipped,3,6
2798,Steven PATERSON (SNP),skipped,skipped,skipped,skipped,skipped,3,6
2799,Steven PATERSON (SNP),skipped,skipped,skipped,skipped,skipped,3,6
2800,Steven PATERSON (SNP),skipped,skipped,skipped,skipped,skipped,3,6
2801,Steven PATERSON (SNP),skipped,skipped,skipped,skipped,skipped,3,6
2802,Steven PATERSON (SNP),skipped,skipped,skipped,skipped,skipped,3,6
2803,Steven PATERSON (SNP),skipped,skipped,skipped,skipped,skipped,3,6
2804,Steven PATERSON (SNP),skipped,skipped,skipped,skipped,skipped,3,6
2805,Steven PATERSON (SNP),skipped,skipped,skipped,skipped,skipped,3,6
2806,Steven PATERSON (SNP),skipped,skipped,skipped,skipped,skipped,3,6
2807,Steven PATERSON (SNP),skipped,skipped,skipped,skipped,skipped,3,6
2808,Steven PATERSON (SNP),skipped,skipped,skipped,skipped,skipped,3,6
2809,Steven PATERSON (SNP),skipped,skipped,skipped,skipped,skipped,3,6
2810,Steven PATERSON (SNP),skipped,skipped,skipped,skipped,skipped,3,6
2811,Steven PATERSON (SNP),skipped,skipped,skipped,skipped,skipped,3,6
2812,Steven PATERSON (SNP),skipped,skipped,skipped,skipped,skipped,3,6
2813,Steven PATERSON (SNP),skipped,skipped,skipped,skipped,skipped,3,6
2814,Steven PATERSON (SNP),skipped,skipped,skipped,skipped,skipped,3,6
2815,Steven PATERSON (SNP),skipped,skipped,skipped,skipped,skipped,3,6
2816,Steven PATERSON (SNP),skipped,skipped,skipped,skipped,skipped,3,6
2817,Steven PATERSON (SNP),skipped,skipped,skipped,skipped,skipped,3,6
2818,Steven PATERSON (SNP),skipped,skipped,skipped,skipped,skipped,3,6
2819,Steven PATERSON (SNP),skipped,skipped,skipped,skipped,skipped,3,6
2820,Steven PATERSON (SNP),skipped,skipped,skipped,skipped,skipped,3,6
2821,Steven PATERSON (SNP),skipped,skipped,skipped,skipped,skipped,3,6
2822,Steven PATERSON (SNP),skipped,skipped,skipped,skipped,skipped,3,6
2823,Steven PATERSON (SNP),skipped,skipped,skipped,skipped,skipped,3,6
2824,Steven PATERSON (SNP),skipped,skipped,skipped,skipped,skipped,3,6
2825,Steven PATERSON (SNP),skipped,skipped,skipped,skipped,skipped,3,6
2826,Steven PATERSON (SNP),skipped,skipped,skipped,skipped,skipped,3,6
2827,Steven PATERSON (SNP),skipped,skipped,skipped,skipped,skipped,3,6
2828,Steven PATERSON (SNP),skipped,skipped,skipped,skipped,skipped,3,6
2829,Steven PATERSON (SNP),skipped,skipped,skipped,skipped,skipped,3,6
2830,Steven PATERSON (SNP),skipped,skipped,skipped,skipped,skipped,3,6
2831,Steven PATERSON (SNP),skipped,skipped,skipped,skipped,skipped,3,6
2832,Steven PATERSON (SNP),skipped,skipped,skipped,skipped,skipped,3,6
2833,Steven PATERSON (SNP),skipped,skipped,skipped,skipped,skipped,3,6
2834,Steven PATERSON (SNP),skipped,skipped,skipped,skipped,skipped,3,6
2835,Steven PATERSON (SNP),skipped,skipped,skipped,skipped,skipped,3,6
2836,Steven PATERSON (SNP),skipped,skipped,skipped,skipped,skipped,3,6
2837,Steven PATERSON (SNP),skipped,skipped,skipped,skipped,skipped,3,6
2838,Steven PATERSON (SNP),skipped,skipped,skipped,skipped,skipped,3,6
2839,Steven PATERSON (SNP),skipped,skipped,skipped,skipped,skipped,3,6
2840,Steven PATERSON (SNP),skipped,skipped,skipped,skipped,skipped,3,6
2841,Steven PATERSON (SNP),skipped,skipped,skipped,skipped,skipped,3,6
2842,Steven PATERSON (SNP),skipped,skipped,skipped,skipped,skipped,3,6
2843,Steven PATERSON (SNP),skipped,skipped,skipped,skipped,skipped,3,6
2844,Steven PATERSON (SNP),skipped,skipped,skipped,skipped,skipped,3,6
2845,Steven PATERSON (SNP),skipped,skipped,skipped,skipped,skipped,3,6
2846,Steven PATERSON (SNP),skipped,skipped,skipped,skipped,skipped,3,6
2847,Steven PATERSON (SNP),skipped,skipped,skipped,skipped,skipped,3,6
2848,Steven PATERSON (SNP),skipped,skipped,skipped,skipped,skipped,3,6
2849,Steven PATERSON (SNP),skipped,skipped,skipped,skipped,skipped,3,6
2850,Steven PATERSON (SNP),skipped,skipped,skipped,skipped,skipped,3,6
2851,Steven PATERSON (SNP),skipped,skipped,skipped,skipped,skipped,3,6
2852,Steven PATERSON (SNP),skipped,skipped,skipped,skipped,skipped,3,6
2853,Steven PATERSON (SNP),skipped,skipped,skipped,skipped,skipped,3,6
2854,Steven PATERSON (SNP),skipped,skipped,skipped,skipped,skipped,3,6
2855,Steven PATERSON (SNP),skipped,skipped,skipped,skipped,skipped,3,6
2856,Steven PATERSON (SNP),skipped,skipped,skipped,skipped,skipped,3,6
2857,Steven PATERSON (SNP),skipped,skipped,skipped,skipped,skipped,3,6
2858,Steven PATERSON (SNP),skipped,skipped,skipped,skipped,skipped,3,6
2859,Steven PATERSON (SNP),skipped,skipped,skipped,skipped,skipped,3,6
2860,Steven PATERSON (SNP),skipped,skipped,skipped,skipped,skipped,3,6
2861,Steven PATERSON (SNP),skipped,skipped,skipped,skipped,skipped,3,6
2862,Steven PATERSON (SNP),skipped,skipped,skipped,skipped,skipped,3,6
2863,Steven PATERSON (SNP),skipped,skipped,skipped,skipped,skipped,3,6
2864,Steven PATERSON (SNP),skipped,skipped,skipped,skipped,skipped,3,6
2865,Steven PATERSON (SNP),skipped,skipped,skipped,skipped,skipped,3,6
2866,Steven PATERSON (SNP),skipped,skipped,skipped,skipped,skipped,3,6
2867,Steven PATERSON (SNP),skipped,skipped,skipped,skipped,skipped,3,6
2868,Steven PATERSON (SNP),skipped,skipped,skipped,skipped,skipped,3,6
2869,Steven PATERSON (SNP),skipped,skipped,skipped,skipped,skipped,3,6
2870,Steven PATERSON (SNP),skipped,skipped,skipped,skipped,skipped,3,6
2871,Steven PATERSON (SNP),skipped,skipped,skipped,skipped,skipped,3,6
2872,Steven PATERSON (SNP),skipped,skipped,skipped,skipped,skipped,3,6
2873,Steven PATERSON (SNP),skipped,skipped,skipped,skipped,skipped,3,6
2874,Steven PATERSON (SNP),skipped,skipped,skipped,skipped,skipped,3,6
2875,Steven PATERSON (SNP),skipped,skipped,skipped,skipped,skipped,3,6
2876,Steven PATERSON (SNP),skipped,skipped,skipped,skipped,skipped,3,6
2877,Steven PATERSON (SNP),skipped,skipped,skipped,skipped,skipped,3,6
2878,Steven PATERSON (SNP),skipped,skipped,skipped,skipped,skipped,3,6
2879,Steven PATERSON (SNP),skipped,skipped,skipped,skipped,skipped,3,6
2880,Steven PATERSON (SNP),skipped,skipped,skipped,skipped,skipped,3,6
2881,Steven PATERSON (SNP),skipped,skipped,skipped,skipped,skipped,3,6
2882,Steven PATERSON (SNP),skipped,skipped,skipped,skipped,skipped,3,6
2883,Steven PATERSON (SNP),skipped,skipped,skipped,skipped,skipped,3,6
2884,Steven PATERSON (SNP),skipped,skipped,skipped,skipped,skipped,3,6
2885,Steven PATERSON (SNP),skipped,skipped,skipped,skipped,skipped,3,6
2886,Steven PATERSON (SNP),skipped,skipped,skipped,skipped,skipped,3,6
2887,Steven PATERSON (SNP),skipped,skipped,skipped,skipped,skipped,3,6
2888,Steven PATERSON (SNP),skipped,skipped,skipped,skipped,skipped,3,6
2889,Steven PATERSON (SNP),skipped,skipped,skipped,skipped,skipped,3,6
2890,Steven PATERSON (SNP),skipped,skipped,skipped,skipped,skipped,3,6
2891,Steven PATERSON (SNP),skipped,skipped,skipped,skipped,skipped,3,6
2892,Steven PATERSON (SNP),skipped,skipped,skipped,skipped,skipped,3,6
2893,Steven PATERSON (SNP),skipped,skipped,skipped,skipped,skipped,3,6
2894,Steven PATERSON (SNP),skipped,skipped,skipped,skipped,skipped,3,6
2895,Steven PATERSON (SNP),skipped,skipped,skipped,skipped,skipped,3,6
2896,Steven PATERSON (SNP),skipped,skipped,skipped,skipped,skipped,3,6
2897,Steven PATERSON (SNP),skipped,skipped,skipped,skipped,skipped,3,6
2898,Steven PATERSON (SNP),skipped,skipped,skipped,skipped,skipped,3,6
2899,Steven PATERSON (SNP),skipped,skipped,skipped,skipped,skipped,3,6
2900,Steven PATERSON (SNP),skipped,skipped,skipped,skipped,skipped,3,6
2901,Steven PATERSON (SNP),skipped,skipped,skipped,skipped,skipped,3,6
2902,Steven PATERSON (SNP),skipped,skipped,skipped,skipped,skipped,3,6
2903,Steven PATERSON (SNP),skipped,skipped,skipped,skipped,skipped,3,6
2904,Steven PATERSON (SNP),skipped,skipped,skipped,skipped,skipped,3,6
2905,Steven PATERSON (SNP),skipped,skipped,skipped,skipped,skipped,3,6
2906,Steven PATERSON (SNP),skipped,skipped,skipped,skipped,skipped,3,6
2907,Steven PATERSON (SNP),skipped,skipped,skipped,skipped,skipped,3,6
2908,Steven PATERSON (SNP),skipped,skipped,skipped,skipped,skipped,3,6
2909,Steven PATERSON (SNP),skipped,skipped,skipped,skipped,skipped,3,6
2910,Steven PATERSON (SNP),skipped,skipped,skipped,skipped,skipped,3,6
2911,Steven PATERSON (SNP),skipped,skipped,skipped,skipped,skipped,3,6
2912,Steven PATERSON (SNP),skipped,skipped,skipped,skipped,skipped,3,6
2913,Steven PATERSON (SNP),skipped,skipped,skipped,skipped,skipped,3,6
2914,Steven PATERSON (SNP),skipped,skipped,skipped,skipped,skipped,3,6
2915,Steven PATERSON (SNP),skipped,skipped,skipped,skipped,skipped,3,6
2916,Steven PATERSON (SNP),skipped,skipped,skipped,skipped,skipped,3,6
2917,Steven PATERSON (SNP),skipped,skipped,skipped,skipped,skipped,3,6
2918,Steven PATERSON (SNP),skipped,skipped,skipped,skipped,skipped,3,6
2919,Steven PATERSON (SNP),skipped,skipped,skipped,skipped,skipped,3,6
2920,Steven PATERSON (SNP),skipped,skipped,skipped,skipped,skipped,3,6
2921,Steven PATERSON (SNP),skipped,skipped,skipped,skipped,skipped,3,6
2922,Steven PATERSON (SNP),skipped,skipped,skipped,skipped,skipped,3,6
2923,Steven PATERSON (SNP),skipped,skipped,skipped,skipped,skipped,3,6
2924,Steven PATERSON (SNP),skipped,skipped,skipped,skipped,skipped,3,6
2925,Steven PATERSON (SNP),skipped,skipped,skipped,skipped,skipped,3,6
2926,Steven PATERSON (SNP),skipped,skipped,skipped,skipped,skipped,3,6
2927,Steven PATERSON (SNP),skipped,skipped,skipped,skipped,skipped,3,6
2928,Steven PATERSON (SNP),skipped,skipped,skipped,skipped,skipped,3,6
2929,Steven PATERSON (SNP),skipped,skipped,skipped,skipped,skipped,3,6
2930,Steven PATERSON (SNP),skipped,skipped,skipped,skipped,skipped,3,6
2931,Steven PATERSON (SNP),skipped,skipped,skipped,skipped,skipped,3,6
2932,Steven PATERSON (SNP),skipped,skipped,skipped,skipped,skipped,3,6
2933,Steven PATERSON (SNP),skipped,skipped,skipped,skipped,skipped,3,6
2934,Steven PATERSON (SNP),skipped,skipped,skipped,skipped,skipped,3,6
2935,Steven PATERSON (SNP),skipped,skipped,skipped,skipped,skipped,3,6
2936,Steven PATERSON (SNP),skipped,skipped,skipped,skipped,skipped,3,6
2937,Steven PATERSON (SNP),skipped,skipped,skipped,skipped,skipped,3,6
2938,Steven PATERSON (SNP),skipped,skipped,skipped,skipped,skipped,3,6
2939,Steven PATERSON (SNP),skipped,skipped,skipped,skipped,skipped,3,6
2940,Steven PATERSON (SNP),skipped,skipped,skipped,skipped,skipped,3,6
2941,Steven PATERSON (SNP),skipped,skipped,skipped,skipped,skipped,3,6
2942,Steven PATERSON (SNP),skipped,skipped,skipped,skipped,skipped,3,6
2943,Steven PATERSON (SNP),skipped,skipped,skipped,skipped,skipped,3,6
2944,Steven PATERSON (SNP),skipped,skipped,skipped,skipped,skipped,3,6
2945,Steven PATERSON (SNP),skipped,skipped,skipped,skipped,skipped,3,6
2946,Steven PATERSON (SNP),skipped,skipped,skipped,skipped,skipped,3,6
2947,Steven PATERSON (SNP),skipped,skipped,skipped,skipped,skipped,3,6
2948,Steven PATERSON (SNP),skipped,skipped,skipped,skipped,skipped,3,6
2949,Steven PATERSON (SNP),skipped,skipped,skipped,skipped,skipped,3,6
2950,Steven PATERSON (SNP),skipped,skipped,skipped,skipped,skipped,3,6
2951,Steven PATERSON (SNP),skipped,skipped,skipped,skipped,skipped,3,6
2952,Steven PATERSON (SNP),skipped,skipped,skipped,skipped,skipped,3,6
2953,Steven PATERSON (SNP),skipped,skipped,skipped,skipped,skipped,3,6
2954,Steven PATERSON (SNP),skipped,skipped,skipped,skipped,skipped,3,6
2955,Steven PATERSON (SNP),skipped,skipped,skipped,skipped,skipped,3,6
2956,Steven PATERSON (SNP),skipped,skipped,skipped,skipped,skipped,3,6
2957,Steven PATERSON (SNP),skipped,skipped,skipped,skipped,skipped,3,6
2958,Steven PATERSON (SNP),skipped,skipped,skipped,skipped,skipped,3,6
2959,Steven PATERSON (SNP),skipped,skipped,skipped,skipped,skipped,3,6
2960,Steven PATERSON (SNP),skipped,skipped,skipped,skipped,skipped,3,6
2961,Steven PATERSON (SNP),skipped,skipped,skipped,skipped,skipped,3,6
2962,Steven PATERSON (SNP),skipped,skipped,skipped,skipped,skipped,3,6
2963,Steven PATERSON (SNP),skipped,skipped,skipped,skipped,skipped,3,6
2964,Steven PATERSON (SNP),skipped,skipped,skipped,skipped,skipped,3,6
2965,Steven PATERSON (SNP),skipped,skipped,skipped,skipped,skipped,3,6
2966,Steven PATERSON (SNP),skipped,skipped,skipped,skipped,skipped,3,6
2967,Steven PATERSON (SNP),skipped,skipped,skipped,skipped,skipped,3,6
2968,Steven PATERSON (SNP),skipped,skipped,skipped,skipped,skipped,3,6
2969,Steven PATERSON (SNP),skipped,skipped,skipped,skipped,skipped,3,6
2970,Steven PATERSON (SNP),skipped,skipped,skipped,skipped,skipped,3,6
2971,Steven PATERSON (SNP),skipped,skipped,skipped,skipped,skipped,3,6
2972,Steven PATERSON (SNP),skipped,skipped,skipped,skipped,skipped,3,6
2973,Steven PATERSON (SNP),skipped,skipped,skipped,skipped,skipped,3,6
2974,Steven PATERSON (SNP),skipped,skipped,skipped,skipped,skipped,3,6
2975,Steven PATERSON (SNP),skipped,skipped,skipped,skipped,skipped,3,6
2976,Steven PATERSON (SNP),skipped,skipped,skipped,skipped,skipped,3,6
2977,Steven PATERSON (SNP),skipped,skipped,skipped,skipped,skipped,3,6
2978,Steven PATERSON (SNP),skipped,skipped,skipped,skipped,skipped,3,6
2979,Steven PATERSON (SNP),skipped,skipped,skipped,skipped,skipped,3,6
2980,Steven PATERSON (SNP),skipped,skipped,skipped,skipped,skipped,3,6
2981,Steven PATERSON (SNP),skipped,skipped,skipped,skipped,skipped,3,6
2982,Steven PATERSON (SNP),skipped,skipped,skipped,skipped,skipped,3,6
2983,Steven PATERSON (SNP),skipped,skipped,skipped,skipped,skipped,3,6
2984,Steven PATERSON (SNP),skipped,skipped,skipped,skipped,skipped,3,6
2985,Steven PATERSON (SNP),skipped,skipped,skipped,skipped,skipped,3,6
2986,Steven PATERSON (SNP),skipped,skipped,skipped,skipped,skipped,3,6
2987,Steven PATERSON (SNP),skipped,skipped,skipped,skipped,skipped,3,6
2988,Steven PATERSON (SNP),skipped,skipped,skipped,skipped,skipped,3,6
2989,Steven PATERSON (SNP),skipped,skipped,skipped,skipped,skipped,3,6
2990,Steven PATERSON (SNP),skipped,skipped,skipped,skipped,skipped,3,6
2991,Steven PATERSON (SNP),skipped,skipped,skipped,skipped,skipped,3,6
2992,Steven PATERSON (SNP),skipped,skipped,skipped,skipped,skipped,3,6
2993,Steven PATERSON (SNP),skipped,skipped,skipped,skipped,skipped,3,6
2994,Steven PATERSON (SNP),skipped,skipped,skipped,skipped,skipped,3,6
2995,Steven PATERSON (SNP),skipped,skipped,skipped,skipped,skipped,3,6
2996,Steven PATERSON (SNP),Ian Alexander BROWN (LD),skipped,skipped,skipped,skipped,3,6
2997,Steven PATERSON (SNP),Ian Alexander BROWN (LD),skipped,skipped,skipped,skipped,3,6
2998,Steven PATERSON (SNP),Ian Alexander BROWN (LD),skipped,skipped,skipped,skipped,3,6
2999,Steven PATERSON (SNP),Ian Alexander BROWN (LD),skipped,skipped,skipped,skipped,3,6
3000,Steven PATERSON (SNP),Ian Alexander BROWN (LD),skipped,skipped,skipped,skipped,3,6
3001,Steven PATERSON (SNP),Ian Alexander BROWN (LD),skipped,skipped,skipped,skipped,3,6
3002,Steven PATERSON (SNP),Ian Alexander BROWN (LD),skipped,skipped,skipped,skipped,3,6
3003,Steven PATERSON (SNP),Ian Alexander BROWN (LD),skipped,skipped,skipped,skipped,3,6
3004,Steven PATERSON (SNP),Ian Alexander BROWN (LD),skipped,skipped,skipped,skipped,3,6
3005,Steven PATERSON (SNP),Ian Alexander BROWN (LD),skipped,skipped,skipped,skipped,3,6
3006,Steven PATERSON (SNP),Ian Alexander BROWN (LD),skipped,skipped,skipped,skipped,3,6
3007,Steven PATERSON (SNP),Ian Alexander BROWN (LD),skipped,skipped,skipped,skipped,3,6
3008,Steven PATERSON (SNP),Ian Alexander BROWN (LD),skipped,skipped,skipped,skipped,3,6
3009,Steven PATERSON (SNP),Ian Alexander BROWN (LD),skipped,skipped,skipped,skipped,3,6
3010,Steven PATERSON (SNP),Ian Alexander BROWN (LD),skipped,skipped,skipped,skipped,3,6
3011,Steven PATERSON (SNP),Ian Alexander BROWN (LD),skipped,skipped,skipped,skipped,3,6
3012,Steven PATERSON (SNP),Ian Alexander BROWN (LD),skipped,skipped,skipped,skipped,3,6
3013,Steven PATERSON (SNP),Ian Alexander BROWN (LD),skipped,skipped,skipped,skipped,3,6
3014,Steven PATERSON (SNP),Ian Alexander BROWN (LD),skipped,skipped,skipped,skipped,3,6
3015,Steven PATERSON (SNP),Ian Alexander BROWN (LD),skipped,skipped,skipped,skipped,3,6
3016,Steven PATERSON (SNP),Ian Alexander BROWN (LD),skipped,skipped,skipped,skipped,3,6
3017,Steven PATERSON (SNP),Ian Alexander BROWN (LD),skipped,skipped,skipped,skipped,3,6
3018,Steven PATERSON (SNP),Ian Alexander BROWN (LD),skipped,skipped,skipped,skipped,3,6
3019,Steven PATERSON (SNP),Ian Alexander BROWN (LD),skipped,skipped,skipped,skipped,3,6
3020,Steven PATERSON (SNP),Ian Alexander BROWN (LD),skipped,skipped,skipped,skipped,3,6
3021,Steven PATERSON (SNP),Ian Alexander BROWN (LD),skipped,skipped,skipped,skipped,3,6
3022,Steven PATERSON (SNP),Ian Alexander BROWN (LD),skipped,skipped,skipped,skipped,3,6
3023,Steven PATERSON (SNP),Ian Alexander BROWN (LD),skipped,skipped,skipped,skipped,3,6
3024,Steven PATERSON (SNP),Ian Alexander BROWN (LD),skipped,skipped,skipped,skipped,3,6
3025,Steven PATERSON (SNP),Ian Alexander BROWN (LD),skipped,skipped,skipped,skipped,3,6
3026,Steven PATERSON (SNP),Ian Alexander BROWN (LD),skipped,skipped,skipped,skipped,3,6
3027,Steven PATERSON (SNP),Ian Alexander BROWN (LD),skipped,skipped,skipped,skipped,3,6
3028,Steven PATERSON (SNP),Ian Alexander BROWN (LD),skipped,skipped,skipped,skipped,3,6
3029,Steven PATERSON (SNP),Ian Alexander BROWN (LD),Johannes BUTSCHER (Grn),skipped,skipped,skipped,3,6
3030,Steven PATERSON (SNP),Ian Alexander BROWN (LD),Johannes BUTSCHER (Grn),skipped,skipped,skipped,3,6
3031,Steven PATERSON (SNP),Ian Alexander BROWN (LD),Johannes BUTSCHER (Grn),skipped,skipped,skipped,3,6
3032,Steven PATERSON (SNP),Ian Alexander BROWN (LD),Johannes BUTSCHER (Grn),skipped,skipped,skipped,3,6
3033,Steven PATERSON (SNP),Ian Alexander BROWN (LD),Johannes BUTSCHER (Grn),skipped,skipped,skipped,3,6
3034,Steven PATERSON (SNP),Ian Alexander BROWN (LD),Johannes BUTSCHER (Grn),skipped,skipped,skipped,3,6
3035,Steven PATERSON (SNP),Ian Alexander BROWN (LD),Johannes BUTSCHER (Grn),skipped,skipped,skipped,3,6
3036,Steven PATERSON (SNP),Ian Alexander BROWN (LD),Johannes BUTSCHER (Grn),skipped,skipped,skipped,3,6
3037,Steven PATERSON (SNP),Ian Alexander BROWN (LD),Johannes BUTSCHER (Grn),skipped,skipped,skipped,3,6
3038,Steven PATERSON (SNP),Ian Alexander BROWN (LD),Johannes BUTSCHER (Grn),skipped,skipped,skipped,3,6
3039,Steven PATERSON (SNP),Ian Alexander BROWN (LD),Johannes BUTSCHER (Grn),skipped,skipped,skipped,3,6
3040,Steven PATERSON (SNP),Ian Alexander BROWN (LD),Johannes BUTSCHER (Grn),skipped,skipped,skipped,3,6
3041,Steven PATERSON (SNP),Ian Alexander BROWN (LD),Johannes BUTSCHER (Grn),skipped,skipped,skipped,3,6
3042,Steven PATERSON (SNP),Ian Alexander BROWN (LD),Johannes BUTSCHER (Grn),skipped,skipped,skipped,3,6
3043,Steven PATERSON (SNP),Ian Alexander BROWN (LD),Johannes BUTSCHER (Grn),skipped,skipped,skipped,3,6
3044,Steven PATERSON (SNP),Ian Alexander BROWN (LD),Johannes BUTSCHER (Grn),skipped,skipped,skipped,3,6
3045,Steven PATERSON (SNP),Ian Alexander BROWN (LD),Johannes BUTSCHER (Grn),skipped,skipped,skipped,3,6
3046,Steven PATERSON (SNP),Ian Alexander BROWN (LD),Johannes BUTSCHER (Grn),skipped,skipped,skipped,3,6
3047,Steven PATERSON (SNP),Ian Alexander BROWN (LD),Johannes BUTSCHER (Grn),skipped,skipped,skipped,3,6
3048,Steven PATERSON (SNP),Ian Alexander BROWN (LD),Johannes BUTSCHER (Grn),skipped,skipped,skipped,3,6
3049,Steven PATERSON (SNP),Ian Alexander BROWN (LD),Johannes BUTSCHER (Grn),skipped,skipped,skipped,3,6
3050,Steven PATERSON (SNP),Ian Alexander BROWN (LD),Johannes BUTSCHER (Grn),skipped,skipped,skipped,3,6
3051,Steven PATERSON (SNP),Ian Alexander BROWN (LD),Johannes BUTSCHER (Grn),skipped,skipped,skipped,3,6
3052,Steven PATERSON (SNP),Ian Alexander BROWN (LD),Johannes BUTSCHER (Grn),skipped,skipped,skipped,3,6
3053,Steven PATERSON (SNP),Ian Alexander BROWN (LD),Johannes BUTSCHER (Grn),Danny GIBSON (Lab),Benjamin KERR (Con),Corrie MCCHORD (Lab),3,6
3054,Steven PATERSON (SNP),Ian Alexander BROWN (LD),Johannes BUTSCHER (Grn),Danny GIBSON (Lab),Corrie MCCHORD (Lab),Benjamin KERR (Con),3,6
3055,Steven PATERSON (SNP),Ian Alexander BROWN (LD),Johannes BUTSCHER (Grn),Benjamin KERR (Con),skipped,skipped,3,6
3056,Steven PATERSON (SNP),Ian Alexander BROWN (LD),Johannes BUTSCHER (Grn),Benjamin KERR (Con),skipped,skipped,3,6
3057,Steven PATERSON (SNP),Ian Alexander BROWN (LD),Johannes BUTSCHER (Grn),Benjamin KERR (Con),Danny GIBSON (Lab),Corrie MCCHORD (Lab),3,6
3058,Steven PATERSON (SNP),Ian Alexander BROWN (LD),Johannes BUTSCHER (Grn),Benjamin KERR (Con),Corrie MCCHORD (Lab),Danny GIBSON (Lab),3,6
3059,Steven PATERSON (SNP),Ian Alexander BROWN (LD),Johannes BUTSCHER (Grn),Corrie MCCHORD (Lab),Danny GIBSON (Lab),Benjamin KERR (Con),3,6
3060,Steven PATERSON (SNP),Ian Alexander BROWN (LD),Johannes BUTSCHER (Grn),Corrie MCCHORD (Lab),Danny GIBSON (Lab),Benjamin KERR (Con),3,6
3061,Steven PATERSON (SNP),Ian Alexander BROWN (LD),Johannes BUTSCHER (Grn),Corrie MCCHORD (Lab),Danny GIBSON (Lab),Benjamin KERR (Con),3,6
3062,Steven PATERSON (SNP),Ian Alexander BROWN (LD),Johannes BUTSCHER (Grn),Corrie MCCHORD (Lab),Danny GIBSON (Lab),Benjamin KERR (Con),3,6
3063,Steven PATERSON (SNP),Ian Alexander BROWN (LD),Johannes BUTSCHER (Grn),Corrie MCCHORD (Lab),Danny GIBSON (Lab),Benjamin KERR (Con),3,6
3064,Steven PATERSON (SNP),Ian Alexander BROWN (LD),Johannes BUTSCHER (Grn),Corrie MCCHORD (Lab),Danny GIBSON (Lab),Benjamin KERR (Con),3,6
3065,Steven PATERSON (SNP),Ian Alexander BROWN (LD),Johannes BUTSCHER (Grn),Corrie MCCHORD (Lab),Danny GIBSON (Lab),Benjamin KERR (Con),3,6
3066,Steven PATERSON (SNP),Ian Alexander BROWN (LD),Danny GIBSON (Lab),skipped,skipped,skipped,3,6
3067,Steven PATERSON (SNP),Ian Alexander BROWN (LD),Danny GIBSON (Lab),skipped,skipped,skipped,3,6
3068,Steven PATERSON (SNP),Ian Alexander BROWN (LD),Danny GIBSON (Lab),skipped,skipped,skipped,3,6
3069,Steven PATERSON (SNP),Ian Alexander BROWN (LD),Danny GIBSON (Lab),skipped,skipped,skipped,3,6
3070,Steven PATERSON (SNP),Ian Alexander BROWN (LD),Danny GIBSON (Lab),skipped,skipped,skipped,3,6
3071,Steven PATERSON (SNP),Ian Alexander BROWN (LD),Danny GIBSON (Lab),skipped,skipped,skipped,3,6
3072,Steven PATERSON (SNP),Ian Alexander BROWN (LD),Danny GIBSON (Lab),skipped,skipped,skipped,3,6
3073,Steven PATERSON (SNP),Ian Alexander BROWN (LD),Danny GIBSON (Lab),Johannes BUTSCHER (Grn),Benjamin KERR (Con),Corrie MCCHORD (Lab),3,6
3074,Steven PATERSON (SNP),Ian Alexander BROWN (LD),Danny GIBSON (Lab),Johannes BUTSCHER (Grn),Benjamin KERR (Con),Corrie MCCHORD (Lab),3,6
3075,Steven PATERSON (SNP),Ian Alexander BROWN (LD),Danny GIBSON (Lab),Johannes BUTSCHER (Grn),Benjamin KERR (Con),Corrie MCCHORD (Lab),3,6
3076,Steven PATERSON (SNP),Ian Alexander BROWN (LD),Danny GIBSON (Lab),Johannes BUTSCHER (Grn),Corrie MCCHORD (Lab),Benjamin KERR (Con),3,6
3077,Steven PATERSON (SNP),Ian Alexander BROWN (LD),Danny GIBSON (Lab),Benjamin KERR (Con),Johannes BUTSCHER (Grn),Corrie MCCHORD (Lab),3,6
3078,Steven PATERSON (SNP),Ian Alexander BROWN (LD),Danny GIBSON (Lab),Benjamin KERR (Con),Corrie MCCHORD (Lab),Johannes BUTSCHER (Grn),3,6
3079,Steven PATERSON (SNP),Ian Alexander BROWN (LD),Danny GIBSON (Lab),Corrie MCCHORD (Lab),skipped,skipped,3,6
3080,Steven PATERSON (SNP),Ian Alexander BROWN (LD),Danny GIBSON (Lab),Corrie MCCHORD (Lab),Johannes BUTSCHER (Grn),skipped,3,6
3081,Steven PATERSON (SNP),Ian Alexander BROWN (LD),Danny GIBSON (Lab),Corrie MCCHORD (Lab),Johannes BUTSCHER (Grn),Benjamin KERR (Con),3,6
3082,Steven PATERSON (SNP),Ian Alexander BROWN (LD),Danny GIBSON (Lab),Corrie MCCHORD (Lab),Johannes BUTSCHER (Grn),Benjamin KERR (Con),3,6
3083,Steven PATERSON (SNP),Ian Alexander BROWN (LD),Danny GIBSON (Lab),Corrie MCCHORD (Lab),Johannes BUTSCHER (Grn),Benjamin KERR (Con),3,6
3084,Steven PATERSON (SNP),Ian Alexander BROWN (LD),Danny GIBSON (Lab),Corrie MCCHORD (Lab),Benjamin KERR (Con),Johannes BUTSCHER (Grn),3,6
3085,Steven PATERSON (SNP),Ian Alexander BROWN (LD),Benjamin KERR (Con),skipped,skipped,skipped,3,6
3086,Steven PATERSON (SNP),Ian Alexander BROWN (LD),Benjamin KERR (Con),skipped,skipped,skipped,3,6
3087,Steven PATERSON (SNP),Ian Alexander BROWN (LD),Benjamin KERR (Con),skipped,skipped,skipped,3,6
3088,Steven PATERSON (SNP),Ian Alexander BROWN (LD),Benjamin KERR (Con),skipped,skipped,skipped,3,6
3089,Steven PATERSON (SNP),Ian Alexander BROWN (LD),Benjamin KERR (Con),skipped,skipped,skipped,3,6
3090,Steven PATERSON (SNP),Ian Alexander BROWN (LD),Benjamin KERR (Con),skipped,skipped,skipped,3,6
3091,Steven PATERSON (SNP),Ian Alexander BROWN (LD),Benjamin KERR (Con),skipped,skipped,skipped,3,6
3092,Steven PATERSON (SNP),Ian Alexander BROWN (LD),Benjamin KERR (Con),skipped,skipped,skipped,3,6
3093,Steven PATERSON (SNP),Ian Alexander BROWN (LD),Benjamin KERR (Con),skipped,skipped,skipped,3,6
3094,Steven PATERSON (SNP),Ian Alexander BROWN (LD),Benjamin KERR (Con),skipped,skipped,skipped,3,6
3095,Steven PATERSON (SNP),Ian Alexander BROWN (LD),Benjamin KERR (Con),skipped,skipped,skipped,3,6
3096,Steven PATERSON (SNP),Ian Alexander BROWN (LD),Benjamin KERR (Con),skipped,skipped,skipped,3,6
3097,Steven PATERSON (SNP),Ian Alexander BROWN (LD),Benjamin KERR (Con),Johannes BUTSCHER (Grn),skipped,skipped,3,6
3098,Steven PATERSON (SNP),Ian Alexander BROWN (LD),Benjamin KERR (Con),Johannes BUTSCHER (Grn),skipped,skipped,3,6
3099,Steven PATERSON (SNP),Ian Alexander BROWN (LD),Benjamin KERR (Con),Johannes BUTSCHER (Grn),skipped,skipped,3,6
3100,Steven PATERSON (SNP),Ian Alexander BROWN (LD),Benjamin KERR (Con),Johannes BUTSCHER (Grn),skipped,skipped,3,6
3101,Steven PATERSON (SNP),Ian Alexander BROWN (LD),Benjamin KERR (Con),Johannes BUTSCHER (Grn),Danny GIBSON (Lab),Corrie MCCHORD (Lab),3,6
3102,Steven PATERSON (SNP),Ian Alexander BROWN (LD),Benjamin KERR (Con),Johannes BUTSCHER (Grn),Danny GIBSON (Lab),Corrie MCCHORD (Lab),3,6
3103,Steven PATERSON (SNP),Ian Alexander BROWN (LD),Benjamin KERR (Con),Johannes BUTSCHER (Grn),Danny GIBSON (Lab),Corrie MCCHORD (Lab),3,6
3104,Steven PATERSON (SNP),Ian Alexander BROWN (LD),Benjamin KERR (Con),Johannes BUTSCHER (Grn),Danny GIBSON (Lab),Corrie MCCHORD (Lab),3,6
3105,Steven PATERSON (SNP),Ian Alexander BROWN (LD),Benjamin KERR (Con),Danny GIBSON (Lab),Johannes BUTSCHER (Grn),Corrie MCCHORD (Lab),3,6
3106,Steven PATERSON (SNP),Ian Alexander BROWN (LD),Benjamin KERR (Con),Corrie MCCHORD (Lab),Danny GIBSON (Lab),Johannes BUTSCHER (Grn),3,6
3107,Steven PATERSON (SNP),Ian Alexander BROWN (LD),Benjamin KERR (Con),Corrie MCCHORD (Lab),Danny GIBSON (Lab),Johannes BUTSCHER (Grn),3,6
3108,Steven PATERSON (SNP),Ian Alexander BROWN (LD),Corrie MCCHORD (Lab),skipped,skipped,skipped,3,6
3109,Steven PATERSON (SNP),Ian Alexander BROWN (LD),Corrie MCCHORD (Lab),skipped,skipped,skipped,3,6
3110,Steven PATERSON (SNP),Ian Alexander BROWN (LD),Corrie MCCHORD (Lab),skipped,skipped,skipped,3,6
3111,Steven PATERSON (SNP),Ian Alexander BROWN (LD),Corrie MCCHORD (Lab),skipped,skipped,skipped,3,6
3112,Steven PATERSON (SNP),Ian Alexander BROWN (LD),Corrie MCCHORD (Lab),skipped,skipped,skipped,3,6
3113,Steven PATERSON (SNP),Ian Alexander BROWN (LD),Corrie MCCHORD (Lab),skipped,skipped,skipped,3,6
3114,Steven PATERSON (SNP),Ian Alexander BROWN (LD),Corrie MCCHORD (Lab),skipped,skipped,skipped,3,6
3115,Steven PATERSON (SNP),Ian Alexander BROWN (LD),Corrie MCCHORD (Lab),skipped,skipped,skipped,3,6
3116,Steven PATERSON (SNP),Ian Alexander BROWN (LD),Corrie MCCHORD (Lab),skipped,skipped,skipped,3,6
3117,Steven PATERSON (SNP),Ian Alexander BROWN (LD),Corrie MCCHORD (Lab),Johannes BUTSCHER (Grn),skipped,skipped,3,6
3118,Steven PATERSON (SNP),Ian Alexander BROWN (LD),Corrie MCCHORD (Lab),Johannes BUTSCHER (Grn),skipped,skipped,3,6
3119,Steven PATERSON (SNP),Ian Alexander BROWN (LD),Corrie MCCHORD (Lab),Johannes BUTSCHER (Grn),Danny GIBSON (Lab),Benjamin KERR (Con),3,6
3120,Steven PATERSON (SNP),Ian Alexander BROWN (LD),Corrie MCCHORD (Lab),Danny GIBSON (Lab),skipped,skipped,3,6
3121,Steven PATERSON (SNP),Ian Alexander BROWN (LD),Corrie MCCHORD (Lab),Danny GIBSON (Lab),skipped,skipped,3,6
3122,Steven PATERSON (SNP),Ian Alexander BROWN (LD),Corrie MCCHORD (Lab),Danny GIBSON (Lab),skipped,skipped,3,6
3123,Steven PATERSON (SNP),Ian Alexander BROWN (LD),Corrie MCCHORD (Lab),Danny GIBSON (Lab),skipped,skipped,3,6
3124,Steven PATERSON (SNP),Ian Alexander BROWN (LD),Corrie MCCHORD (Lab),Danny GIBSON (Lab),Johannes BUTSCHER (Grn),Benjamin KERR (Con),3,6
3125,Steven PATERSON (SNP),Ian Alexander BROWN (LD),Corrie MCCHORD (Lab),Danny GIBSON (Lab),Johannes BUTSCHER (Grn),Benjamin KERR (Con),3,6
3126,Steven PATERSON (SNP),Ian Alexander BROWN (LD),Corrie MCCHORD (Lab),Danny GIBSON (Lab),Johannes BUTSCHER (Grn),Benjamin KERR (Con),3,6
3127,Steven PATERSON (SNP),Ian Alexander BROWN (LD),Corrie MCCHORD (Lab),Danny GIBSON (Lab),Johannes BUTSCHER (Grn),Benjamin KERR (Con),3,6
3128,Steven PATERSON (SNP),Ian Alexander BROWN (LD),Corrie MCCHORD (Lab),Danny GIBSON (Lab),Johannes BUTSCHER (Grn),Benjamin KERR (Con),3,6
3129,Steven PATERSON (SNP),Ian Alexander BROWN (LD),Corrie MCCHORD (Lab),Danny GIBSON (Lab),Johannes BUTSCHER (Grn),Benjamin KERR (Con),3,6
3130,Steven PATERSON (SNP),Ian Alexander BROWN (LD),Corrie MCCHORD (Lab),Danny GIBSON (Lab),Johannes BUTSCHER (Grn),Benjamin KERR (Con),3,6
3131,Steven PATERSON (SNP),Ian Alexander BROWN (LD),Corrie MCCHORD (Lab),Danny GIBSON (Lab),Benjamin KERR (Con),Johannes BUTSCHER (Grn),3,6
3132,Steven PATERSON (SNP),Ian Alexander BROWN (LD),Corrie MCCHORD (Lab),Danny GIBSON (Lab),Benjamin KERR (Con),Johannes BUTSCHER (Grn),3,6
3133,Steven PATERSON (SNP),Johannes BUTSCHER (Grn),skipped,skipped,skipped,skipped,3,6
3134,Steven PATERSON (SNP),Johannes BUTSCHER (Grn),skipped,skipped,skipped,skipped,3,6
3135,Steven PATERSON (SNP),Johannes BUTSCHER (Grn),skipped,skipped,skipped,skipped,3,6
3136,Steven PATERSON (SNP),Johannes BUTSCHER (Grn),skipped,skipped,skipped,skipped,3,6
3137,Steven PATERSON (SNP),Johannes BUTSCHER (Grn),skipped,skipped,skipped,skipped,3,6
3138,Steven PATERSON (SNP),Johannes BUTSCHER (Grn),skipped,skipped,skipped,skipped,3,6
3139,Steven PATERSON (SNP),Johannes BUTSCHER (Grn),skipped,skipped,skipped,skipped,3,6
3140,Steven PATERSON (SNP),Johannes BUTSCHER (Grn),skipped,skipped,skipped,skipped,3,6
3141,Steven PATERSON (SNP),Johannes BUTSCHER (Grn),skipped,skipped,skipped,skipped,3,6
3142,Steven PATERSON (SNP),Johannes BUTSCHER (Grn),skipped,skipped,skipped,skipped,3,6
3143,Steven PATERSON (SNP),Johannes BUTSCHER (Grn),skipped,skipped,skipped,skipped,3,6
3144,Steven PATERSON (SNP),Johannes BUTSCHER (Grn),skipped,skipped,skipped,skipped,3,6
3145,Steven PATERSON (SNP),Johannes BUTSCHER (Grn),skipped,skipped,skipped,skipped,3,6
3146,Steven PATERSON (SNP),Johannes BUTSCHER (Grn),skipped,skipped,skipped,skipped,3,6
3147,Steven PATERSON (SNP),Johannes BUTSCHER (Grn),skipped,skipped,skipped,skipped,3,6
3148,Steven PATERSON (SNP),Johannes BUTSCHER (Grn),skipped,skipped,skipped,skipped,3,6
3149,Steven PATERSON (SNP),Johannes BUTSCHER (Grn),skipped,skipped,skipped,skipped,3,6
3150,Steven PATERSON (SNP),Johannes BUTSCHER (Grn),skipped,skipped,skipped,skipped,3,6
3151,Steven PATERSON (SNP),Johannes BUTSCHER (Grn),skipped,skipped,skipped,skipped,3,6
3152,Steven PATERSON (SNP),Johannes BUTSCHER (Grn),skipped,skipped,skipped,skipped,3,6
3153,Steven PATERSON (SNP),Johannes BUTSCHER (Grn),skipped,skipped,skipped,skipped,3,6
3154,Steven PATERSON (SNP),Johannes BUTSCHER (Grn),skipped,skipped,skipped,skipped,3,6
3155,Steven PATERSON (SNP),Johannes BUTSCHER (Grn),skipped,skipped,skipped,skipped,3,6
3156,Steven PATERSON (SNP),Johannes BUTSCHER (Grn),skipped,skipped,skipped,skipped,3,6
3157,Steven PATERSON (SNP),Johannes BUTSCHER (Grn),skipped,skipped,skipped,skipped,3,6
3158,Steven PATERSON (SNP),Johannes BUTSCHER (Grn),skipped,skipped,skipped,skipped,3,6
3159,Steven PATERSON (SNP),Johannes BUTSCHER (Grn),skipped,skipped,skipped,skipped,3,6
3160,Steven PATERSON (SNP),Johannes BUTSCHER (Grn),skipped,skipped,skipped,skipped,3,6
3161,Steven PATERSON (SNP),Johannes BUTSCHER (Grn),skipped,skipped,skipped,skipped,3,6
3162,Steven PATERSON (SNP),Johannes BUTSCHER (Grn),skipped,skipped,skipped,skipped,3,6
3163,Steven PATERSON (SNP),Johannes BUTSCHER (Grn),skipped,skipped,skipped,skipped,3,6
3164,Steven PATERSON (SNP),Johannes BUTSCHER (Grn),skipped,skipped,skipped,skipped,3,6
3165,Steven PATERSON (SNP),Johannes BUTSCHER (Grn),skipped,skipped,skipped,skipped,3,6
3166,Steven PATERSON (SNP),Johannes BUTSCHER (Grn),skipped,skipped,skipped,skipped,3,6
3167,Steven PATERSON (SNP),Johannes BUTSCHER (Grn),skipped,skipped,skipped,skipped,3,6
3168,Steven PATERSON (SNP),Johannes BUTSCHER (Grn),skipped,skipped,skipped,skipped,3,6
3169,Steven PATERSON (SNP),Johannes BUTSCHER (Grn),skipped,skipped,skipped,skipped,3,6
3170,Steven PATERSON (SNP),Johannes BUTSCHER (Grn),skipped,skipped,skipped,skipped,3,6
3171,Steven PATERSON (SNP),Johannes BUTSCHER (Grn),skipped,skipped,skipped,skipped,3,6
3172,Steven PATERSON (SNP),Johannes BUTSCHER (Grn),skipped,skipped,skipped,skipped,3,6
3173,Steven PATERSON (SNP),Johannes BUTSCHER (Grn),skipped,skipped,skipped,skipped,3,6
3174,Steven PATERSON (SNP),Johannes BUTSCHER (Grn),skipped,skipped,skipped,skipped,3,6
3175,Steven PATERSON (SNP),Johannes BUTSCHER (Grn),skipped,skipped,skipped,skipped,3,6
3176,Steven PATERSON (SNP),Johannes BUTSCHER (Grn),skipped,skipped,skipped,skipped,3,6
3177,Steven PATERSON (SNP),Johannes BUTSCHER (Grn),skipped,skipped,skipped,skipped,3,6
3178,Steven PATERSON (SNP),Johannes BUTSCHER (Grn),skipped,skipped,skipped,skipped,3,6
3179,Steven PATERSON (SNP),Johannes BUTSCHER (Grn),skipped,skipped,skipped,skipped,3,6
3180,Steven PATERSON (SNP),Johannes BUTSCHER (Grn),skipped,skipped,skipped,skipped,3,6
3181,Steven PATERSON (SNP),Johannes BUTSCHER (Grn),skipped,skipped,skipped,skipped,3,6
3182,Steven PATERSON (SNP),Johannes BUTSCHER (Grn),skipped,skipped,skipped,skipped,3,6
3183,Steven PATERSON (SNP),Johannes BUTSCHER (Grn),skipped,skipped,skipped,skipped,3,6
3184,Steven PATERSON (SNP),Johannes BUTSCHER (Grn),skipped,skipped,skipped,skipped,3,6
3185,Steven PATERSON (SNP),Johannes BUTSCHER (Grn),skipped,skipped,skipped,skipped,3,6
3186,Steven PATERSON (SNP),Johannes BUTSCHER (Grn),skipped,skipped,skipped,skipped,3,6
3187,Steven PATERSON (SNP),Johannes BUTSCHER (Grn),skipped,skipped,skipped,skipped,3,6
3188,Steven PATERSON (SNP),Johannes BUTSCHER (Grn),skipped,skipped,skipped,skipped,3,6
3189,Steven PATERSON (SNP),Johannes BUTSCHER (Grn),skipped,skipped,skipped,skipped,3,6
3190,Steven PATERSON (SNP),Johannes BUTSCHER (Grn),skipped,skipped,skipped,skipped,3,6
3191,Steven PATERSON (SNP),Johannes BUTSCHER (Grn),skipped,skipped,skipped,skipped,3,6
3192,Steven PATERSON (SNP),Johannes BUTSCHER (Grn),skipped,skipped,skipped,skipped,3,6
3193,Steven PATERSON (SNP),Johannes BUTSCHER (Grn),skipped,skipped,skipped,skipped,3,6
3194,Steven PATERSON (SNP),Johannes BUTSCHER (Grn),skipped,skipped,skipped,skipped,3,6
3195,Steven PATERSON (SNP),Johannes BUTSCHER (Grn),skipped,skipped,skipped,skipped,3,6
3196,Steven PATERSON (SNP),Johannes BUTSCHER (Grn),skipped,skipped,skipped,skipped,3,6
3197,Steven PATERSON (SNP),Johannes BUTSCHER (Grn),skipped,skipped,skipped,skipped,3,6
3198,Steven PATERSON (SNP),Johannes BUTSCHER (Grn),skipped,skipped,skipped,skipped,3,6
3199,Steven PATERSON (SNP),Johannes BUTSCHER (Grn),skipped,skipped,skipped,skipped,3,6
3200,Steven PATERSON (SNP),Johannes BUTSCHER (Grn),skipped,skipped,skipped,skipped,3,6
3201,Steven PATERSON (SNP),Johannes BUTSCHER (Grn),skipped,skipped,skipped,skipped,3,6
3202,Steven PATERSON (SNP),Johannes BUTSCHER (Grn),skipped,skipped,skipped,skipped,3,6
3203,Steven PATERSON (SNP),Johannes BUTSCHER (Grn),skipped,skipped,skipped,skipped,3,6
3204,Steven PATERSON (SNP),Johannes BUTSCHER (Grn),skipped,skipped,skipped,skipped,3,6
3205,Steven PATERSON (SNP),Johannes BUTSCHER (Grn),skipped,skipped,skipped,skipped,3,6
3206,Steven PATERSON (SNP),Johannes BUTSCHER (Grn),skipped,skipped,skipped,skipped,3,6
3207,Steven PATERSON (SNP),Johannes BUTSCHER (Grn),skipped,skipped,skipped,skipped,3,6
3208,Steven PATERSON (SNP),Johannes BUTSCHER (Grn),skipped,skipped,skipped,skipped,3,6
3209,Steven PATERSON (SNP),Johannes BUTSCHER (Grn),skipped,skipped,skipped,skipped,3,6
3210,Steven PATERSON (SNP),Johannes BUTSCHER (Grn),skipped,skipped,skipped,skipped,3,6
3211,Steven PATERSON (SNP),Johannes BUTSCHER (Grn),skipped,skipped,skipped,skipped,3,6
3212,Steven PATERSON (SNP),Johannes BUTSCHER (Grn),skipped,skipped,skipped,skipped,3,6
3213,Steven PATERSON (SNP),Johannes BUTSCHER (Grn),skipped,skipped,skipped,skipped,3,6
3214,Steven PATERSON (SNP),Johannes BUTSCHER (Grn),skipped,skipped,skipped,skipped,3,6
3215,Steven PATERSON (SNP),Johannes BUTSCHER (Grn),skipped,skipped,skipped,skipped,3,6
3216,Steven PATERSON (SNP),Johannes BUTSCHER (Grn),skipped,skipped,skipped,skipped,3,6
3217,Steven PATERSON (SNP),Johannes BUTSCHER (Grn),skipped,skipped,skipped,skipped,3,6
3218,Steven PATERSON (SNP),Johannes BUTSCHER (Grn),skipped,skipped,skipped,skipped,3,6
3219,Steven PATERSON (SNP),Johannes BUTSCHER (Grn),skipped,skipped,skipped,skipped,3,6
3220,Steven PATERSON (SNP),Johannes BUTSCHER (Grn),skipped,skipped,skipped,skipped,3,6
3221,Steven PATERSON (SNP),Johannes BUTSCHER (Grn),skipped,skipped,skipped,skipped,3,6
3222,Steven PATERSON (SNP),Johannes BUTSCHER (Grn),skipped,skipped,skipped,skipped,3,6
3223,Steven PATERSON (SNP),Johannes BUTSCHER (Grn),skipped,skipped,skipped,skipped,3,6
3224,Steven PATERSON (SNP),Johannes BUTSCHER (Grn),skipped,skipped,skipped,skipped,3,6
3225,Steven PATERSON (SNP),Johannes BUTSCHER (Grn),skipped,skipped,skipped,skipped,3,6
3226,Steven PATERSON (SNP),Johannes BUTSCHER (Grn),skipped,skipped,skipped,skipped,3,6
3227,Steven PATERSON (SNP),Johannes BUTSCHER (Grn),skipped,skipped,skipped,skipped,3,6
3228,Steven PATERSON (SNP),Johannes BUTSCHER (Grn),skipped,skipped,skipped,skipped,3,6
3229,Steven PATERSON (SNP),Johannes BUTSCHER (Grn),skipped,skipped,skipped,skipped,3,6
3230,Steven PATERSON (SNP),Johannes BUTSCHER (Grn),skipped,skipped,skipped,skipped,3,6
3231,Steven PATERSON (SNP),Johannes BUTSCHER (Grn),skipped,skipped,skipped,skipped,3,6
3232,Steven PATERSON (SNP),Johannes BUTSCHER (Grn),skipped,skipped,skipped,skipped,3,6
3233,Steven PATERSON (SNP),Johannes BUTSCHER (Grn),skipped,skipped,skipped,skipped,3,6
3234,Steven PATERSON (SNP),Johannes BUTSCHER (Grn),skipped,skipped,skipped,skipped,3,6
3235,Steven PATERSON (SNP),Johannes BUTSCHER (Grn),skipped,skipped,skipped,skipped,3,6
3236,Steven PATERSON (SNP),Johannes BUTSCHER (Grn),skipped,skipped,skipped,skipped,3,6
3237,Steven PATERSON (SNP),Johannes BUTSCHER (Grn),skipped,skipped,skipped,skipped,3,6
3238,Steven PATERSON (SNP),Johannes BUTSCHER (Grn),skipped,skipped,skipped,skipped,3,6
3239,Steven PATERSON (SNP),Johannes BUTSCHER (Grn),skipped,skipped,skipped,skipped,3,6
3240,Steven PATERSON (SNP),Johannes BUTSCHER (Grn),skipped,skipped,skipped,skipped,3,6
3241,Steven PATERSON (SNP),Johannes BUTSCHER (Grn),skipped,skipped,skipped,skipped,3,6
3242,Steven PATERSON (SNP),Johannes BUTSCHER (Grn),skipped,skipped,skipped,skipped,3,6
3243,Steven PATERSON (SNP),Johannes BUTSCHER (Grn),skipped,skipped,skipped,skipped,3,6
3244,Steven PATERSON (SNP),Johannes BUTSCHER (Grn),skipped,skipped,skipped,skipped,3,6
3245,Steven PATERSON (SNP),Johannes BUTSCHER (Grn),skipped,skipped,skipped,skipped,3,6
3246,Steven PATERSON (SNP),Johannes BUTSCHER (Grn),skipped,skipped,skipped,skipped,3,6
3247,Steven PATERSON (SNP),Johannes BUTSCHER (Grn),skipped,skipped,skipped,skipped,3,6
3248,Steven PATERSON (SNP),Johannes BUTSCHER (Grn),skipped,skipped,skipped,skipped,3,6
3249,Steven PATERSON (SNP),Johannes BUTSCHER (Grn),skipped,skipped,skipped,skipped,3,6
3250,Steven PATERSON (SNP),Johannes BUTSCHER (Grn),skipped,skipped,skipped,skipped,3,6
3251,Steven PATERSON (SNP),Johannes BUTSCHER (Grn),skipped,skipped,skipped,skipped,3,6
3252,Steven PATERSON (SNP),Johannes BUTSCHER (Grn),skipped,skipped,skipped,skipped,3,6
3253,Steven PATERSON (SNP),Johannes BUTSCHER (Grn),skipped,skipped,skipped,skipped,3,6
3254,Steven PATERSON (SNP),Johannes BUTSCHER (Grn),skipped,skipped,skipped,skipped,3,6
3255,Steven PATERSON (SNP),Johannes BUTSCHER (Grn),skipped,skipped,skipped,skipped,3,6
3256,Steven PATERSON (SNP),Johannes BUTSCHER (Grn),skipped,skipped,skipped,skipped,3,6
3257,Steven PATERSON (SNP),Johannes BUTSCHER (Grn),skipped,skipped,skipped,skipped,3,6
3258,Steven PATERSON (SNP),Johannes BUTSCHER (Grn),skipped,skipped,skipped,skipped,3,6
3259,Steven PATERSON (SNP),Johannes BUTSCHER (Grn),skipped,skipped,skipped,skipped,3,6
3260,Steven PATERSON (SNP),Johannes BUTSCHER (Grn),skipped,skipped,skipped,skipped,3,6
3261,Steven PATERSON (SNP),Johannes BUTSCHER (Grn),skipped,skipped,skipped,skipped,3,6
3262,Steven PATERSON (SNP),Johannes BUTSCHER (Grn),skipped,skipped,skipped,skipped,3,6
3263,Steven PATERSON (SNP),Johannes BUTSCHER (Grn),skipped,skipped,skipped,skipped,3,6
3264,Steven PATERSON (SNP),Johannes BUTSCHER (Grn),skipped,skipped,skipped,skipped,3,6
3265,Steven PATERSON (SNP),Johannes BUTSCHER (Grn),skipped,skipped,skipped,skipped,3,6
3266,Steven PATERSON (SNP),Johannes BUTSCHER (Grn),skipped,skipped,skipped,skipped,3,6
3267,Steven PATERSON (SNP),Johannes BUTSCHER (Grn),skipped,skipped,skipped,skipped,3,6
3268,Steven PATERSON (SNP),Johannes BUTSCHER (Grn),Ian Alexander BROWN (LD),skipped,skipped,skipped,3,6
3269,Steven PATERSON (SNP),Johannes BUTSCHER (Grn),Ian Alexander BROWN (LD),skipped,skipped,skipped,3,6
3270,Steven PATERSON (SNP),Johannes BUTSCHER (Grn),Ian Alexander BROWN (LD),skipped,skipped,skipped,3,6
3271,Steven PATERSON (SNP),Johannes BUTSCHER (Grn),Ian Alexander BROWN (LD),skipped,skipped,skipped,3,6
3272,Steven PATERSON (SNP),Johannes BUTSCHER (Grn),Ian Alexander BROWN (LD),skipped,skipped,skipped,3,6
3273,Steven PATERSON (SNP),Johannes BUTSCHER (Grn),Ian Alexander BROWN (LD),skipped,skipped,skipped,3,6
3274,Steven PATERSON (SNP),Johannes BUTSCHER (Grn),Ian Alexander BROWN (LD),skipped,skipped,skipped,3,6
3275,Steven PATERSON (SNP),Johannes BUTSCHER (Grn),Ian Alexander BROWN (LD),skipped,skipped,skipped,3,6
3276,Steven PATERSON (SNP),Johannes BUTSCHER (Grn),Ian Alexander BROWN (LD),skipped,skipped,skipped,3,6
3277,Steven PATERSON (SNP),Johannes BUTSCHER (Grn),Ian Alexander BROWN (LD),skipped,skipped,skipped,3,6
3278,Steven PATERSON (SNP),Johannes BUTSCHER (Grn),Ian Alexander BROWN (LD),skipped,skipped,skipped,3,6
3279,Steven PATERSON (SNP),Johannes BUTSCHER (Grn),Ian Alexander BROWN (LD),skipped,skipped,skipped,3,6
3280,Steven PATERSON (SNP),Johannes BUTSCHER (Grn),Ian Alexander BROWN (LD),skipped,skipped,skipped,3,6
3281,Steven PATERSON (SNP),Johannes BUTSCHER (Grn),Ian Alexander BROWN (LD),skipped,skipped,skipped,3,6
3282,Steven PATERSON (SNP),Johannes BUTSCHER (Grn),Ian Alexander BROWN (LD),skipped,skipped,skipped,3,6
3283,Steven PATERSON (SNP),Johannes BUTSCHER (Grn),Ian Alexander BROWN (LD),skipped,skipped,skipped,3,6
3284,Steven PATERSON (SNP),Johannes BUTSCHER (Grn),Ian Alexander BROWN (LD),skipped,skipped,skipped,3,6
3285,Steven PATERSON (SNP),Johannes BUTSCHER (Grn),Ian Alexander BROWN (LD),skipped,skipped,skipped,3,6
3286,Steven PATERSON (SNP),Johannes BUTSCHER (Grn),Ian Alexander BROWN (LD),skipped,skipped,skipped,3,6
3287,Steven PATERSON (SNP),Johannes BUTSCHER (Grn),Ian Alexander BROWN (LD),skipped,skipped,skipped,3,6
3288,Steven PATERSON (SNP),Johannes BUTSCHER (Grn),Ian Alexander BROWN (LD),skipped,skipped,skipped,3,6
3289,Steven PATERSON (SNP),Johannes BUTSCHER (Grn),Ian Alexander BROWN (LD),skipped,skipped,skipped,3,6
3290,Steven PATERSON (SNP),Johannes BUTSCHER (Grn),Ian Alexander BROWN (LD),skipped,skipped,skipped,3,6
3291,Steven PATERSON (SNP),Johannes BUTSCHER (Grn),Ian Alexander BROWN (LD),skipped,skipped,skipped,3,6
3292,Steven PATERSON (SNP),Johannes BUTSCHER (Grn),Ian Alexander BROWN (LD),skipped,skipped,skipped,3,6
3293,Steven PATERSON (SNP),Johannes BUTSCHER (Grn),Ian Alexander BROWN (LD),skipped,skipped,skipped,3,6
3294,Steven PATERSON (SNP),Johannes BUTSCHER (Grn),Ian Alexander BROWN (LD),skipped,skipped,skipped,3,6
3295,Steven PATERSON (SNP),Johannes BUTSCHER (Grn),Ian Alexander BROWN (LD),skipped,skipped,skipped,3,6
3296,Steven PATERSON (SNP),Johannes BUTSCHER (Grn),Ian Alexander BROWN (LD),skipped,skipped,skipped,3,6
3297,Steven PATERSON (SNP),Johannes BUTSCHER (Grn),Ian Alexander BROWN (LD),skipped,skipped,skipped,3,6
3298,Steven PATERSON (SNP),Johannes BUTSCHER (Grn),Ian Alexander BROWN (LD),skipped,skipped,skipped,3,6
3299,Steven PATERSON (SNP),Johannes BUTSCHER (Grn),Ian Alexander BROWN (LD),skipped,skipped,skipped,3,6
3300,Steven PATERSON (SNP),Johannes BUTSCHER (Grn),Ian Alexander BROWN (LD),skipped,skipped,skipped,3,6
3301,Steven PATERSON (SNP),Johannes BUTSCHER (Grn),Ian Alexander BROWN (LD),skipped,skipped,skipped,3,6
3302,Steven PATERSON (SNP),Johannes BUTSCHER (Grn),Ian Alexander BROWN (LD),skipped,skipped,skipped,3,6
3303,Steven PATERSON (SNP),Johannes BUTSCHER (Grn),Ian Alexander BROWN (LD),skipped,skipped,skipped,3,6
3304,Steven PATERSON (SNP),Johannes BUTSCHER (Grn),Ian Alexander BROWN (LD),skipped,skipped,skipped,3,6
3305,Steven PATERSON (SNP),Johannes BUTSCHER (Grn),Ian Alexander BROWN (LD),skipped,skipped,skipped,3,6
3306,Steven PATERSON (SNP),Johannes BUTSCHER (Grn),Ian Alexander BROWN (LD),Danny GIBSON (Lab),Corrie MCCHORD (Lab),Benjamin KERR (Con),3,6
3307,Steven PATERSON (SNP),Johannes BUTSCHER (Grn),Ian Alexander BROWN (LD),Danny GIBSON (Lab),Corrie MCCHORD (Lab),Benjamin KERR (Con),3,6
3308,Steven PATERSON (SNP),Johannes BUTSCHER (Grn),Ian Alexander BROWN (LD),Benjamin KERR (Con),skipped,skipped,3,6
3309,Steven PATERSON (SNP),Johannes BUTSCHER (Grn),Ian Alexander BROWN (LD),Benjamin KERR (Con),Danny GIBSON (Lab),Corrie MCCHORD (Lab),3,6
3310,Steven PATERSON (SNP),Johannes BUTSCHER (Grn),Ian Alexander BROWN (LD),Benjamin KERR (Con),Danny GIBSON (Lab),Corrie MCCHORD (Lab),3,6
3311,Steven PATERSON (SNP),Johannes BUTSCHER (Grn),Ian Alexander BROWN (LD),Benjamin KERR (Con),Danny GIBSON (Lab),Corrie MCCHORD (Lab),3,6
3312,Steven PATERSON (SNP),Johannes BUTSCHER (Grn),Ian Alexander BROWN (LD),Corrie MCCHORD (Lab),skipped,skipped,3,6
3313,Steven PATERSON (SNP),Johannes BUTSCHER (Grn),Ian Alexander BROWN (LD),Corrie MCCHORD (Lab),Danny GIBSON (Lab),skipped,3,6
3314,Steven PATERSON (SNP),Johannes BUTSCHER (Grn),Ian Alexander BROWN (LD),Corrie MCCHORD (Lab),Danny GIBSON (Lab),skipped,3,6
3315,Steven PATERSON (SNP),Johannes BUTSCHER (Grn),Ian Alexander BROWN (LD),Corrie MCCHORD (Lab),Danny GIBSON (Lab),Benjamin KERR (Con),3,6
3316,Steven PATERSON (SNP),Johannes BUTSCHER (Grn),Ian Alexander BROWN (LD),Corrie MCCHORD (Lab),Danny GIBSON (Lab),Benjamin KERR (Con),3,6
3317,Steven PATERSON (SNP),Johannes BUTSCHER (Grn),Ian Alexander BROWN (LD),Corrie MCCHORD (Lab),Danny GIBSON (Lab),Benjamin KERR (Con),3,6
3318,Steven PATERSON (SNP),Johannes BUTSCHER (Grn),Ian Alexander BROWN (LD),Corrie MCCHORD (Lab),Danny GIBSON (Lab),Benjamin KERR (Con),3,6
3319,Steven PATERSON (SNP),Johannes BUTSCHER (Grn),Ian Alexander BROWN (LD),Corrie MCCHORD (Lab),Danny GIBSON (Lab),Benjamin KERR (Con),3,6
3320,Steven PATERSON (SNP),Johannes BUTSCHER (Grn),Danny GIBSON (Lab),skipped,skipped,skipped,3,6
3321,Steven PATERSON (SNP),Johannes BUTSCHER (Grn),Danny GIBSON (Lab),skipped,skipped,skipped,3,6
3322,Steven PATERSON (SNP),Johannes BUTSCHER (Grn),Danny GIBSON (Lab),skipped,skipped,skipped,3,6
3323,Steven PATERSON (SNP),Johannes BUTSCHER (Grn),Danny GIBSON (Lab),skipped,skipped,skipped,3,6
3324,Steven PATERSON (SNP),Johannes BUTSCHER (Grn),Danny GIBSON (Lab),skipped,skipped,skipped,3,6
3325,Steven PATERSON (SNP),Johannes BUTSCHER (Grn),Danny GIBSON (Lab),skipped,skipped,skipped,3,6
3326,Steven PATERSON (SNP),Johannes BUTSCHER (Grn),Danny GIBSON (Lab),skipped,skipped,skipped,3,6
3327,Steven PATERSON (SNP),Johannes BUTSCHER (Grn),Danny GIBSON (Lab),skipped,skipped,skipped,3,6
3328,Steven PATERSON (SNP),Johannes BUTSCHER (Grn),Danny GIBSON (Lab),skipped,skipped,skipped,3,6
3329,Steven PATERSON (SNP),Johannes BUTSCHER (Grn),Danny GIBSON (Lab),skipped,skipped,skipped,3,6
3330,Steven PATERSON (SNP),Johannes BUTSCHER (Grn),Danny GIBSON (Lab),skipped,skipped,skipped,3,6
3331,Steven PATERSON (SNP),Johannes BUTSCHER (Grn),Danny GIBSON (Lab),skipped,skipped,skipped,3,6
3332,Steven PATERSON (SNP),Johannes BUTSCHER (Grn),Danny GIBSON (Lab),skipped,skipped,skipped,3,6
3333,Steven PATERSON (SNP),Johannes BUTSCHER (Grn),Danny GIBSON (Lab),skipped,skipped,skipped,3,6
3334,Steven PATERSON (SNP),Johannes BUTSCHER (Grn),Danny GIBSON (Lab),Ian Alexander BROWN (LD),skipped,skipped,3,6
3335,Steven PATERSON (SNP),Johannes BUTSCHER (Grn),Danny GIBSON (Lab),Ian Alexander BROWN (LD),Corrie MCCHORD (Lab),Benjamin KERR (Con),3,6
3336,Steven PATERSON (SNP),Johannes BUTSCHER (Grn),Danny GIBSON (Lab),Benjamin KERR (Con),Corrie MCCHORD (Lab),Ian Alexander BROWN (LD),3,6
3337,Steven PATERSON (SNP),Johannes BUTSCHER (Grn),Danny GIBSON (Lab),Corrie MCCHORD (Lab),skipped,skipped,3,6
3338,Steven PATERSON (SNP),Johannes BUTSCHER (Grn),Danny GIBSON (Lab),Corrie MCCHORD (Lab),skipped,skipped,3,6
3339,Steven PATERSON (SNP),Johannes BUTSCHER (Grn),Danny GIBSON (Lab),Corrie MCCHORD (Lab),skipped,skipped,3,6
3340,Steven PATERSON (SNP),Johannes BUTSCHER (Grn),Danny GIBSON (Lab),Corrie MCCHORD (Lab),skipped,skipped,3,6
3341,Steven PATERSON (SNP),Johannes BUTSCHER (Grn),Danny GIBSON (Lab),Corrie MCCHORD (Lab),skipped,skipped,3,6
3342,Steven PATERSON (SNP),Johannes BUTSCHER (Grn),Danny GIBSON (Lab),Corrie MCCHORD (Lab),skipped,skipped,3,6
3343,Steven PATERSON (SNP),Johannes BUTSCHER (Grn),Danny GIBSON (Lab),Corrie MCCHORD (Lab),skipped,skipped,3,6
3344,Steven PATERSON (SNP),Johannes BUTSCHER (Grn),Danny GIBSON (Lab),Corrie MCCHORD (Lab),skipped,skipped,3,6
3345,Steven PATERSON (SNP),Johannes BUTSCHER (Grn),Danny GIBSON (Lab),Corrie MCCHORD (Lab),Ian Alexander BROWN (LD),Benjamin KERR (Con),3,6
3346,Steven PATERSON (SNP),Johannes BUTSCHER (Grn),Danny GIBSON (Lab),Corrie MCCHORD (Lab),Benjamin KERR (Con),Ian Alexander BROWN (LD),3,6
3347,Steven PATERSON (SNP),Johannes BUTSCHER (Grn),Benjamin KERR (Con),skipped,skipped,skipped,3,6
3348,Steven PATERSON (SNP),Johannes BUTSCHER (Grn),Benjamin KERR (Con),skipped,skipped,skipped,3,6
3349,Steven PATERSON (SNP),Johannes BUTSCHER (Grn),Benjamin KERR (Con),skipped,skipped,skipped,3,6
3350,Steven PATERSON (SNP),Johannes BUTSCHER (Grn),Benjamin KERR (Con),skipped,skipped,skipped,3,6
3351,Steven PATERSON (SNP),Johannes BUTSCHER (Grn),Benjamin KERR (Con),skipped,skipped,skipped,3,6
3352,Steven PATERSON (SNP),Johannes BUTSCHER (Grn),Benjamin KERR (Con),skipped,skipped,skipped,3,6
3353,Steven PATERSON (SNP),Johannes BUTSCHER (Grn),Benjamin KERR (Con),skipped,skipped,skipped,3,6
3354,Steven PATERSON (SNP),Johannes BUTSCHER (Grn),Benjamin KERR (Con),Ian Alexander BROWN (LD),Danny GIBSON (Lab),Corrie MCCHORD (Lab),3,6
3355,Steven PATERSON (SNP),Johannes BUTSCHER (Grn),Benjamin KERR (Con),Ian Alexander BROWN (LD),Corrie MCCHORD (Lab),Danny GIBSON (Lab),3,6
3356,Steven PATERSON (SNP),Johannes BUTSCHER (Grn),Benjamin KERR (Con),Danny GIBSON (Lab),Ian Alexander BROWN (LD),Corrie MCCHORD (Lab),3,6
3357,Steven PATERSON (SNP),Johannes BUTSCHER (Grn),Benjamin KERR (Con),Corrie MCCHORD (Lab),skipped,skipped,3,6
3358,Steven PATERSON (SNP),Johannes BUTSCHER (Grn),Corrie MCCHORD (Lab),skipped,skipped,skipped,3,6
3359,Steven PATERSON (SNP),Johannes BUTSCHER (Grn),Corrie MCCHORD (Lab),skipped,skipped,skipped,3,6
3360,Steven PATERSON (SNP),Johannes BUTSCHER (Grn),Corrie MCCHORD (Lab),skipped,skipped,skipped,3,6
3361,Steven PATERSON (SNP),Johannes BUTSCHER (Grn),Corrie MCCHORD (Lab),skipped,skipped,skipped,3,6
3362,Steven PATERSON (SNP),Johannes BUTSCHER (Grn),Corrie MCCHORD (Lab),skipped,skipped,skipped,3,6
3363,Steven PATERSON (SNP),Johannes BUTSCHER (Grn),Corrie MCCHORD (Lab),skipped,skipped,skipped,3,6
3364,Steven PATERSON (SNP),Johannes BUTSCHER (Grn),Corrie MCCHORD (Lab),skipped,skipped,skipped,3,6
3365,Steven PATERSON (SNP),Johannes BUTSCHER (Grn),Corrie MCCHORD (Lab),skipped,skipped,skipped,3,6
3366,Steven PATERSON (SNP),Johannes BUTSCHER (Grn),Corrie MCCHORD (Lab),skipped,skipped,skipped,3,6
3367,Steven PATERSON (SNP),Johannes BUTSCHER (Grn),Corrie MCCHORD (Lab),skipped,skipped,skipped,3,6
3368,Steven PATERSON (SNP),Johannes BUTSCHER (Grn),Corrie MCCHORD (Lab),skipped,skipped,skipped,3,6
3369,Steven PATERSON (SNP),Johannes BUTSCHER (Grn),Corrie MCCHORD (Lab),skipped,skipped,skipped,3,6
3370,Steven PATERSON (SNP),Johannes BUTSCHER (Grn),Corrie MCCHORD (Lab),skipped,skipped,skipped,3,6
3371,Steven PATERSON (SNP),Johannes BUTSCHER (Grn),Corrie MCCHORD (Lab),skipped,skipped,skipped,3,6
3372,Steven PATERSON (SNP),Johannes BUTSCHER (Grn),Corrie MCCHORD (Lab),skipped,skipped,skipped,3,6
3373,Steven PATERSON (SNP),Johannes BUTSCHER (Grn),Corrie MCCHORD (Lab),skipped,skipped,skipped,3,6
3374,Steven PATERSON (SNP),Johannes BUTSCHER (Grn),Corrie MCCHORD (Lab),Ian Alexander BROWN (LD),Danny GIBSON (Lab),Benjamin KERR (Con),3,6
3375,Steven PATERSON (SNP),Johannes BUTSCHER (Grn),Corrie MCCHORD (Lab),Ian Alexander BROWN (LD),Danny GIBSON (Lab),Benjamin KERR (Con),3,6
3376,Steven PATERSON (SNP),Johannes BUTSCHER (Grn),Corrie MCCHORD (Lab),Danny GIBSON (Lab),skipped,skipped,3,6
3377,Steven PATERSON (SNP),Johannes BUTSCHER (Grn),Corrie MCCHORD (Lab),Danny GIBSON (Lab),skipped,skipped,3,6
3378,Steven PATERSON (SNP),Johannes BUTSCHER (Grn),Corrie MCCHORD (Lab),Danny GIBSON (Lab),skipped,skipped,3,6
3379,Steven PATERSON (SNP),Johannes BUTSCHER (Grn),Corrie MCCHORD (Lab),Danny GIBSON (Lab),Ian Alexander BROWN (LD),skipped,3,6
3380,Steven PATERSON (SNP),Johannes BUTSCHER (Grn),Corrie MCCHORD (Lab),Danny GIBSON (Lab),Ian Alexander BROWN (LD),Benjamin KERR (Con),3,6
3381,Steven PATERSON (SNP),Johannes BUTSCHER (Grn),Corrie MCCHORD (Lab),Danny GIBSON (Lab),Ian Alexander BROWN (LD),Benjamin KERR (Con),3,6
3382,Steven PATERSON (SNP),Johannes BUTSCHER (Grn),Corrie MCCHORD (Lab),Danny GIBSON (Lab),Ian Alexander BROWN (LD),Benjamin KERR (Con),3,6
3383,Steven PATERSON (SNP),Johannes BUTSCHER (Grn),Corrie MCCHORD (Lab),Danny GIBSON (Lab),Ian Alexander BROWN (LD),Benjamin KERR (Con),3,6
3384,Steven PATERSON (SNP),Johannes BUTSCHER (Grn),Corrie MCCHORD (Lab),Danny GIBSON (Lab),Benjamin KERR (Con),Ian Alexander BROWN (LD),3,6
3385,Steven PATERSON (SNP),Johannes BUTSCHER (Grn),Corrie MCCHORD (Lab),Danny GIBSON (Lab),Benjamin KERR (Con),Ian Alexander BROWN (LD),3,6
3386,Steven PATERSON (SNP),Danny GIBSON (Lab),skipped,skipped,skipped,skipped,3,6
3387,Steven PATERSON (SNP),Danny GIBSON (Lab),skipped,skipped,skipped,skipped,3,6
3388,Steven PATERSON (SNP),Danny GIBSON (Lab),skipped,skipped,skipped,skipped,3,6
3389,Steven PATERSON (SNP),Danny GIBSON (Lab),skipped,skipped,skipped,skipped,3,6
3390,Steven PATERSON (SNP),Danny GIBSON (Lab),skipped,skipped,skipped,skipped,3,6
3391,Steven PATERSON (SNP),Danny GIBSON (Lab),skipped,skipped,skipped,skipped,3,6
3392,Steven PATERSON (SNP),Danny GIBSON (Lab),skipped,skipped,skipped,skipped,3,6
3393,Steven PATERSON (SNP),Danny GIBSON (Lab),skipped,skipped,skipped,skipped,3,6
3394,Steven PATERSON (SNP),Danny GIBSON (Lab),skipped,skipped,skipped,skipped,3,6
3395,Steven PATERSON (SNP),Danny GIBSON (Lab),skipped,skipped,skipped,skipped,3,6
3396,Steven PATERSON (SNP),Danny GIBSON (Lab),skipped,skipped,skipped,skipped,3,6
3397,Steven PATERSON (SNP),Danny GIBSON (Lab),skipped,skipped,skipped,skipped,3,6
3398,Steven PATERSON (SNP),Danny GIBSON (Lab),skipped,skipped,skipped,skipped,3,6
3399,Steven PATERSON (SNP),Danny GIBSON (Lab),skipped,skipped,skipped,skipped,3,6
3400,Steven PATERSON (SNP),Danny GIBSON (Lab),skipped,skipped,skipped,skipped,3,6
3401,Steven PATERSON (SNP),Danny GIBSON (Lab),skipped,skipped,skipped,skipped,3,6
3402,Steven PATERSON (SNP),Danny GIBSON (Lab),skipped,skipped,skipped,skipped,3,6
3403,Steven PATERSON (SNP),Danny GIBSON (Lab),skipped,skipped,skipped,skipped,3,6
3404,Steven PATERSON (SNP),Danny GIBSON (Lab),skipped,skipped,skipped,skipped,3,6
3405,Steven PATERSON (SNP),Danny GIBSON (Lab),Ian Alexander BROWN (LD),skipped,skipped,skipped,3,6
3406,Steven PATERSON (SNP),Danny GIBSON (Lab),Ian Alexander BROWN (LD),skipped,skipped,skipped,3,6
3407,Steven PATERSON (SNP),Danny GIBSON (Lab),Ian Alexander BROWN (LD),skipped,skipped,skipped,3,6
3408,Steven PATERSON (SNP),Danny GIBSON (Lab),Ian Alexander BROWN (LD),skipped,skipped,skipped,3,6
3409,Steven PATERSON (SNP),Danny GIBSON (Lab),Ian Alexander BROWN (LD),skipped,skipped,skipped,3,6
3410,Steven PATERSON (SNP),Danny GIBSON (Lab),Ian Alexander BROWN (LD),Johannes BUTSCHER (Grn),Benjamin KERR (Con),Corrie MCCHORD (Lab),3,6
3411,Steven PATERSON (SNP),Danny GIBSON (Lab),Ian Alexander BROWN (LD),Johannes BUTSCHER (Grn),Benjamin KERR (Con),Corrie MCCHORD (Lab),3,6
3412,Steven PATERSON (SNP),Danny GIBSON (Lab),Ian Alexander BROWN (LD),Johannes BUTSCHER (Grn),Corrie MCCHORD (Lab),Benjamin KERR (Con),3,6
3413,Steven PATERSON (SNP),Danny GIBSON (Lab),Ian Alexander BROWN (LD),Corrie MCCHORD (Lab),Johannes BUTSCHER (Grn),skipped,3,6
3414,Steven PATERSON (SNP),Danny GIBSON (Lab),Ian Alexander BROWN (LD),Corrie MCCHORD (Lab),Johannes BUTSCHER (Grn),Benjamin KERR (Con),3,6
3415,Steven PATERSON (SNP),Danny GIBSON (Lab),Ian Alexander BROWN (LD),Corrie MCCHORD (Lab),Benjamin KERR (Con),skipped,3,6
3416,Steven PATERSON (SNP),Danny GIBSON (Lab),Johannes BUTSCHER (Grn),skipped,skipped,skipped,3,6
3417,Steven PATERSON (SNP),Danny GIBSON (Lab),Johannes BUTSCHER (Grn),skipped,skipped,skipped,3,6
3418,Steven PATERSON (SNP),Danny GIBSON (Lab),Johannes BUTSCHER (Grn),skipped,skipped,skipped,3,6
3419,Steven PATERSON (SNP),Danny GIBSON (Lab),Johannes BUTSCHER (Grn),skipped,skipped,skipped,3,6
3420,Steven PATERSON (SNP),Danny GIBSON (Lab),Johannes BUTSCHER (Grn),skipped,skipped,skipped,3,6
3421,Steven PATERSON (SNP),Danny GIBSON (Lab),Johannes BUTSCHER (Grn),skipped,skipped,skipped,3,6
3422,Steven PATERSON (SNP),Danny GIBSON (Lab),Johannes BUTSCHER (Grn),skipped,skipped,skipped,3,6
3423,Steven PATERSON (SNP),Danny GIBSON (Lab),Johannes BUTSCHER (Grn),skipped,skipped,skipped,3,6
3424,Steven PATERSON (SNP),Danny GIBSON (Lab),Johannes BUTSCHER (Grn),Ian Alexander BROWN (LD),skipped,skipped,3,6
3425,Steven PATERSON (SNP),Danny GIBSON (Lab),Johannes BUTSCHER (Grn),Ian Alexander BROWN (LD),Benjamin KERR (Con),Corrie MCCHORD (Lab),3,6
3426,Steven PATERSON (SNP),Danny GIBSON (Lab),Johannes BUTSCHER (Grn),Corrie MCCHORD (Lab),skipped,skipped,3,6
3427,Steven PATERSON (SNP),Danny GIBSON (Lab),Johannes BUTSCHER (Grn),Corrie MCCHORD (Lab),skipped,skipped,3,6
3428,Steven PATERSON (SNP),Danny GIBSON (Lab),Johannes BUTSCHER (Grn),Corrie MCCHORD (Lab),skipped,skipped,3,6
3429,Steven PATERSON (SNP),Danny GIBSON (Lab),Johannes BUTSCHER (Grn),Corrie MCCHORD (Lab),skipped,skipped,3,6
3430,Steven PATERSON (SNP),Danny GIBSON (Lab),Johannes BUTSCHER (Grn),Corrie MCCHORD (Lab),skipped,skipped,3,6
3431,Steven PATERSON (SNP),Danny GIBSON (Lab),Johannes BUTSCHER (Grn),Corrie MCCHORD (Lab),skipped,skipped,3,6
3432,Steven PATERSON (SNP),Danny GIBSON (Lab),Johannes BUTSCHER (Grn),Corrie MCCHORD (Lab),Ian Alexander BROWN (LD),skipped,3,6
3433,Steven PATERSON (SNP),Danny GIBSON (Lab),Johannes BUTSCHER (Grn),Corrie MCCHORD (Lab),Ian Alexander BROWN (LD),Benjamin KERR (Con),3,6
3434,Steven PATERSON (SNP),Danny GIBSON (Lab),Johannes BUTSCHER (Grn),Corrie MCCHORD (Lab),Ian Alexander BROWN (LD),Benjamin KERR (Con),3,6
3435,Steven PATERSON (SNP),Danny GIBSON (Lab),Johannes BUTSCHER (Grn),Corrie MCCHORD (Lab),Ian Alexander BROWN (LD),Benjamin KERR (Con),3,6
3436,Steven PATERSON (SNP),Danny GIBSON (Lab),Benjamin KERR (Con),skipped,skipped,skipped,3,6
3437,Steven PATERSON (SNP),Danny GIBSON (Lab),Benjamin KERR (Con),skipped,skipped,skipped,3,6
3438,Steven PATERSON (SNP),Danny GIBSON (Lab),Benjamin KERR (Con),skipped,skipped,skipped,3,6
3439,Steven PATERSON (SNP),Danny GIBSON (Lab),Benjamin KERR (Con),Ian Alexander BROWN (LD),Corrie MCCHORD (Lab),Johannes BUTSCHER (Grn),3,6
3440,Steven PATERSON (SNP),Danny GIBSON (Lab),Benjamin KERR (Con),Corrie MCCHORD (Lab),Johannes BUTSCHER (Grn),Ian Alexander BROWN (LD),3,6
3441,Steven PATERSON (SNP),Danny GIBSON (Lab),Corrie MCCHORD (Lab),skipped,skipped,skipped,3,6
3442,Steven PATERSON (SNP),Danny GIBSON (Lab),Corrie MCCHORD (Lab),skipped,skipped,skipped,3,6
3443,Steven PATERSON (SNP),Danny GIBSON (Lab),Corrie MCCHORD (Lab),skipped,skipped,skipped,3,6
3444,Steven PATERSON (SNP),Danny GIBSON (Lab),Corrie MCCHORD (Lab),skipped,skipped,skipped,3,6
3445,Steven PATERSON (SNP),Danny GIBSON (Lab),Corrie MCCHORD (Lab),skipped,skipped,skipped,3,6
3446,Steven PATERSON (SNP),Danny GIBSON (Lab),Corrie MCCHORD (Lab),skipped,skipped,skipped,3,6
3447,Steven PATERSON (SNP),Danny GIBSON (Lab),Corrie MCCHORD (Lab),skipped,skipped,skipped,3,6
3448,Steven PATERSON (SNP),Danny GIBSON (Lab),Corrie MCCHORD (Lab),skipped,skipped,skipped,3,6
3449,Steven PATERSON (SNP),Danny GIBSON (Lab),Corrie MCCHORD (Lab),skipped,skipped,skipped,3,6
3450,Steven PATERSON (SNP),Danny GIBSON (Lab),Corrie MCCHORD (Lab),skipped,skipped,skipped,3,6
3451,Steven PATERSON (SNP),Danny GIBSON (Lab),Corrie MCCHORD (Lab),skipped,skipped,skipped,3,6
3452,Steven PATERSON (SNP),Danny GIBSON (Lab),Corrie MCCHORD (Lab),skipped,skipped,skipped,3,6
3453,Steven PATERSON (SNP),Danny GIBSON (Lab),Corrie MCCHORD (Lab),skipped,skipped,skipped,3,6
3454,Steven PATERSON (SNP),Danny GIBSON (Lab),Corrie MCCHORD (Lab),skipped,skipped,skipped,3,6
3455,Steven PATERSON (SNP),Danny GIBSON (Lab),Corrie MCCHORD (Lab),skipped,skipped,skipped,3,6
3456,Steven PATERSON (SNP),Danny GIBSON (Lab),Corrie MCCHORD (Lab),skipped,skipped,skipped,3,6
3457,Steven PATERSON (SNP),Danny GIBSON (Lab),Corrie MCCHORD (Lab),skipped,skipped,skipped,3,6
3458,Steven PATERSON (SNP),Danny GIBSON (Lab),Corrie MCCHORD (Lab),skipped,skipped,skipped,3,6
3459,Steven PATERSON (SNP),Danny GIBSON (Lab),Corrie MCCHORD (Lab),skipped,skipped,skipped,3,6
3460,Steven PATERSON (SNP),Danny GIBSON (Lab),Corrie MCCHORD (Lab),skipped,skipped,skipped,3,6
3461,Steven PATERSON (SNP),Danny GIBSON (Lab),Corrie MCCHORD (Lab),skipped,skipped,skipped,3,6
3462,Steven PATERSON (SNP),Danny GIBSON (Lab),Corrie MCCHORD (Lab),skipped,skipped,skipped,3,6
3463,Steven PATERSON (SNP),Danny GIBSON (Lab),Corrie MCCHORD (Lab),skipped,skipped,skipped,3,6
3464,Steven PATERSON (SNP),Danny GIBSON (Lab),Corrie MCCHORD (Lab),skipped,skipped,skipped,3,6
3465,Steven PATERSON (SNP),Danny GIBSON (Lab),Corrie MCCHORD (Lab),skipped,skipped,skipped,3,6
3466,Steven PATERSON (SNP),Danny GIBSON (Lab),Corrie MCCHORD (Lab),skipped,skipped,skipped,3,6
3467,Steven PATERSON (SNP),Danny GIBSON (Lab),Corrie MCCHORD (Lab),skipped,skipped,skipped,3,6
3468,Steven PATERSON (SNP),Danny GIBSON (Lab),Corrie MCCHORD (Lab),skipped,skipped,skipped,3,6
3469,Steven PATERSON (SNP),Danny GIBSON (Lab),Corrie MCCHORD (Lab),skipped,skipped,skipped,3,6
3470,Steven PATERSON (SNP),Danny GIBSON (Lab),Corrie MCCHORD (Lab),skipped,skipped,skipped,3,6
3471,Steven PATERSON (SNP),Danny GIBSON (Lab),Corrie MCCHORD (Lab),skipped,skipped,skipped,3,6
3472,Steven PATERSON (SNP),Danny GIBSON (Lab),Corrie MCCHORD (Lab),skipped,skipped,skipped,3,6
3473,Steven PATERSON (SNP),Danny GIBSON (Lab),Corrie MCCHORD (Lab),skipped,skipped,skipped,3,6
3474,Steven PATERSON (SNP),Danny GIBSON (Lab),Corrie MCCHORD (Lab),skipped,skipped,skipped,3,6
3475,Steven PATERSON (SNP),Danny GIBSON (Lab),Corrie MCCHORD (Lab),skipped,skipped,skipped,3,6
3476,Steven PATERSON (SNP),Danny GIBSON (Lab),Corrie MCCHORD (Lab),skipped,skipped,skipped,3,6
3477,Steven PATERSON (SNP),Danny GIBSON (Lab),Corrie MCCHORD (Lab),skipped,skipped,skipped,3,6
3478,Steven PATERSON (SNP),Danny GIBSON (Lab),Corrie MCCHORD (Lab),skipped,skipped,skipped,3,6
3479,Steven PATERSON (SNP),Danny GIBSON (Lab),Corrie MCCHORD (Lab),skipped,skipped,skipped,3,6
3480,Steven PATERSON (SNP),Danny GIBSON (Lab),Corrie MCCHORD (Lab),skipped,skipped,skipped,3,6
3481,Steven PATERSON (SNP),Danny GIBSON (Lab),Corrie MCCHORD (Lab),skipped,skipped,skipped,3,6
3482,Steven PATERSON (SNP),Danny GIBSON (Lab),Corrie MCCHORD (Lab),skipped,skipped,skipped,3,6
3483,Steven PATERSON (SNP),Danny GIBSON (Lab),Corrie MCCHORD (Lab),skipped,skipped,skipped,3,6
3484,Steven PATERSON (SNP),Danny GIBSON (Lab),Corrie MCCHORD (Lab),skipped,skipped,skipped,3,6
3485,Steven PATERSON (SNP),Danny GIBSON (Lab),Corrie MCCHORD (Lab),skipped,skipped,skipped,3,6
3486,Steven PATERSON (SNP),Danny GIBSON (Lab),Corrie MCCHORD (Lab),skipped,skipped,skipped,3,6
3487,Steven PATERSON (SNP),Danny GIBSON (Lab),Corrie MCCHORD (Lab),Ian Alexander BROWN (LD),skipped,skipped,3,6
3488,Steven PATERSON (SNP),Danny GIBSON (Lab),Corrie MCCHORD (Lab),Ian Alexander BROWN (LD),Johannes BUTSCHER (Grn),skipped,3,6
3489,Steven PATERSON (SNP),Danny GIBSON (Lab),Corrie MCCHORD (Lab),Ian Alexander BROWN (LD),Johannes BUTSCHER (Grn),Benjamin KERR (Con),3,6
3490,Steven PATERSON (SNP),Danny GIBSON (Lab),Corrie MCCHORD (Lab),Ian Alexander BROWN (LD),Johannes BUTSCHER (Grn),Benjamin KERR (Con),3,6
3491,Steven PATERSON (SNP),Danny GIBSON (Lab),Corrie MCCHORD (Lab),Ian Alexander BROWN (LD),Johannes BUTSCHER (Grn),Benjamin KERR (Con),3,6
3492,Steven PATERSON (SNP),Danny GIBSON (Lab),Corrie MCCHORD (Lab),Ian Alexander BROWN (LD),Johannes BUTSCHER (Grn),Benjamin KERR (Con),3,6
3493,Steven PATERSON (SNP),Danny GIBSON (Lab),Corrie MCCHORD (Lab),Ian Alexander BROWN (LD),Johannes BUTSCHER (Grn),Benjamin KERR (Con),3,6
3494,Steven PATERSON (SNP),Danny GIBSON (Lab),Corrie MCCHORD (Lab),Ian Alexander BROWN (LD),Johannes BUTSCHER (Grn),Benjamin KERR (Con),3,6
3495,Steven PATERSON (SNP),Danny GIBSON (Lab),Corrie MCCHORD (Lab),Ian Alexander BROWN (LD),Benjamin KERR (Con),Johannes BUTSCHER (Grn),3,6
3496,Steven PATERSON (SNP),Danny GIBSON (Lab),Corrie MCCHORD (Lab),Ian Alexander BROWN (LD),Benjamin KERR (Con),Johannes BUTSCHER (Grn),3,6
3497,Steven PATERSON (SNP),Danny GIBSON (Lab),Corrie MCCHORD (Lab),Ian Alexander BROWN (LD),Benjamin KERR (Con),Johannes BUTSCHER (Grn),3,6
3498,Steven PATERSON (SNP),Danny GIBSON (Lab),Corrie MCCHORD (Lab),Ian Alexander BROWN (LD),Benjamin KERR (Con),Johannes BUTSCHER (Grn),3,6
3499,Steven PATERSON (SNP),Danny GIBSON (Lab),Corrie MCCHORD (Lab),Ian Alexander BROWN (LD),Benjamin KERR (Con),Johannes BUTSCHER (Grn),3,6
3500,Steven PATERSON (SNP),Danny GIBSON (Lab),Corrie MCCHORD (Lab),Johannes BUTSCHER (Grn),skipped,skipped,3,6
3501,Steven PATERSON (SNP),Danny GIBSON (Lab),Corrie MCCHORD (Lab),Johannes BUTSCHER (Grn),skipped,skipped,3,6
3502,Steven PATERSON (SNP),Danny GIBSON (Lab),Corrie MCCHORD (Lab),Johannes BUTSCHER (Grn),skipped,skipped,3,6
3503,Steven PATERSON (SNP),Danny GIBSON (Lab),Corrie MCCHORD (Lab),Johannes BUTSCHER (Grn),skipped,skipped,3,6
3504,Steven PATERSON (SNP),Danny GIBSON (Lab),Corrie MCCHORD (Lab),Johannes BUTSCHER (Grn),skipped,skipped,3,6
3505,Steven PATERSON (SNP),Danny GIBSON (Lab),Corrie MCCHORD (Lab),Johannes BUTSCHER (Grn),Ian Alexander BROWN (LD),Benjamin KERR (Con),3,6
3506,Steven PATERSON (SNP),Danny GIBSON (Lab),Corrie MCCHORD (Lab),Johannes BUTSCHER (Grn),Ian Alexander BROWN (LD),Benjamin KERR (Con),3,6
3507,Steven PATERSON (SNP),Danny GIBSON (Lab),Corrie MCCHORD (Lab),Johannes BUTSCHER (Grn),Ian Alexander BROWN (LD),Benjamin KERR (Con),3,6
3508,Steven PATERSON (SNP),Danny GIBSON (Lab),Corrie MCCHORD (Lab),Johannes BUTSCHER (Grn),Ian Alexander BROWN (LD),Benjamin KERR (Con),3,6
3509,Steven PATERSON (SNP),Danny GIBSON (Lab),Corrie MCCHORD (Lab),Johannes BUTSCHER (Grn),Ian Alexander BROWN (LD),Benjamin KERR (Con),3,6
3510,Steven PATERSON (SNP),Danny GIBSON (Lab),Corrie MCCHORD (Lab),Johannes BUTSCHER (Grn),Ian Alexander BROWN (LD),Benjamin KERR (Con),3,6
3511,Steven PATERSON (SNP),Danny GIBSON (Lab),Corrie MCCHORD (Lab),Johannes BUTSCHER (Grn),Ian Alexander BROWN (LD),Benjamin KERR (Con),3,6
3512,Steven PATERSON (SNP),Danny GIBSON (Lab),Corrie MCCHORD (Lab),Johannes BUTSCHER (Grn),Ian Alexander BROWN (LD),Benjamin KERR (Con),3,6
3513,Steven PATERSON (SNP),Danny GIBSON (Lab),Corrie MCCHORD (Lab),Johannes BUTSCHER (Grn),Ian Alexander BROWN (LD),Benjamin KERR (Con),3,6
3514,Steven PATERSON (SNP),Danny GIBSON (Lab),Corrie MCCHORD (Lab),Johannes BUTSCHER (Grn),Ian Alexander BROWN (LD),Benjamin KERR (Con),3,6
3515,Steven PATERSON (SNP),Danny GIBSON (Lab),Corrie MCCHORD (Lab),Johannes BUTSCHER (Grn),Ian Alexander BROWN (LD),Benjamin KERR (Con),3,6
3516,Steven PATERSON (SNP),Danny GIBSON (Lab),Corrie MCCHORD (Lab),Johannes BUTSCHER (Grn),Ian Alexander BROWN (LD),Benjamin KERR (Con),3,6
3517,Steven PATERSON (SNP),Danny GIBSON (Lab),Corrie MCCHORD (Lab),Johannes BUTSCHER (Grn),Ian Alexander BROWN (LD),Benjamin KERR (Con),3,6
3518,Steven PATERSON (SNP),Danny GIBSON (Lab),Corrie MCCHORD (Lab),Johannes BUTSCHER (Grn),Benjamin KERR (Con),Ian Alexander BROWN (LD),3,6
3519,Steven PATERSON (SNP),Danny GIBSON (Lab),Corrie MCCHORD (Lab),Johannes BUTSCHER (Grn),Benjamin KERR (Con),Ian Alexander BROWN (LD),3,6
3520,Steven PATERSON (SNP),Danny GIBSON (Lab),Corrie MCCHORD (Lab),Johannes BUTSCHER (Grn),Benjamin KERR (Con),Ian Alexander BROWN (LD),3,6
3521,Steven PATERSON (SNP),Danny GIBSON (Lab),Corrie MCCHORD (Lab),Johannes BUTSCHER (Grn),Benjamin KERR (Con),Ian Alexander BROWN (LD),3,6
3522,Steven PATERSON (SNP),Danny GIBSON (Lab),Corrie MCCHORD (Lab),Benjamin KERR (Con),skipped,skipped,3,6
3523,Steven PATERSON (SNP),Danny GIBSON (Lab),Corrie MCCHORD (Lab),Benjamin KERR (Con),Ian Alexander BROWN (LD),Johannes BUTSCHER (Grn),3,6
3524,Steven PATERSON (SNP),Danny GIBSON (Lab),Corrie MCCHORD (Lab),Benjamin KERR (Con),Johannes BUTSCHER (Grn),skipped,3,6
3525,Steven PATERSON (SNP),Danny GIBSON (Lab),Corrie MCCHORD (Lab),Benjamin KERR (Con),Johannes BUTSCHER (Grn),Ian Alexander BROWN (LD),3,6
3526,Steven PATERSON (SNP),Danny GIBSON (Lab),Corrie MCCHORD (Lab),Benjamin KERR (Con),Johannes BUTSCHER (Grn),Ian Alexander BROWN (LD),3,6
3527,Steven PATERSON (SNP),Danny GIBSON (Lab),Corrie MCCHORD (Lab),Benjamin KERR (Con),Johannes BUTSCHER (Grn),Ian Alexander BROWN (LD),3,6
3528,Steven PATERSON (SNP),Benjamin KERR (Con),skipped,skipped,skipped,skipped,3,6
3529,Steven PATERSON (SNP),Benjamin KERR (Con),skipped,skipped,skipped,skipped,3,6
3530,Steven PATERSON (SNP),Benjamin KERR (Con),skipped,skipped,skipped,skipped,3,6
3531,Steven PATERSON (SNP),Benjamin KERR (Con),skipped,skipped,skipped,skipped,3,6
3532,Steven PATERSON (SNP),Benjamin KERR (Con),skipped,skipped,skipped,skipped,3,6
3533,Steven PATERSON (SNP),Benjamin KERR (Con),skipped,skipped,skipped,skipped,3,6
3534,Steven PATERSON (SNP),Benjamin KERR (Con),skipped,skipped,skipped,skipped,3,6
3535,Steven PATERSON (SNP),Benjamin KERR (Con),skipped,skipped,skipped,skipped,3,6
3536,Steven PATERSON (SNP),Benjamin KERR (Con),skipped,skipped,skipped,skipped,3,6
3537,Steven PATERSON (SNP),Benjamin KERR (Con),skipped,skipped,skipped,skipped,3,6
3538,Steven PATERSON (SNP),Benjamin KERR (Con),skipped,skipped,skipped,skipped,3,6
3539,Steven PATERSON (SNP),Benjamin KERR (Con),skipped,skipped,skipped,skipped,3,6
3540,Steven PATERSON (SNP),Benjamin KERR (Con),skipped,skipped,skipped,skipped,3,6
3541,Steven PATERSON (SNP),Benjamin KERR (Con),skipped,skipped,skipped,skipped,3,6
3542,Steven PATERSON (SNP),Benjamin KERR (Con),skipped,skipped,skipped,skipped,3,6
3543,Steven PATERSON (SNP),Benjamin KERR (Con),skipped,skipped,skipped,skipped,3,6
3544,Steven PATERSON (SNP),Benjamin KERR (Con),skipped,skipped,skipped,skipped,3,6
3545,Steven PATERSON (SNP),Benjamin KERR (Con),skipped,skipped,skipped,skipped,3,6
3546,Steven PATERSON (SNP),Benjamin KERR (Con),skipped,skipped,skipped,skipped,3,6
3547,Steven PATERSON (SNP),Benjamin KERR (Con),skipped,skipped,skipped,skipped,3,6
3548,Steven PATERSON (SNP),Benjamin KERR (Con),skipped,skipped,skipped,skipped,3,6
3549,Steven PATERSON (SNP),Benjamin KERR (Con),skipped,skipped,skipped,skipped,3,6
3550,Steven PATERSON (SNP),Benjamin KERR (Con),Ian Alexander BROWN (LD),skipped,skipped,skipped,3,6
3551,Steven PATERSON (SNP),Benjamin KERR (Con),Ian Alexander BROWN (LD),skipped,skipped,skipped,3,6
3552,Steven PATERSON (SNP),Benjamin KERR (Con),Ian Alexander BROWN (LD),skipped,skipped,skipped,3,6
3553,Steven PATERSON (SNP),Benjamin KERR (Con),Ian Alexander BROWN (LD),skipped,skipped,skipped,3,6
3554,Steven PATERSON (SNP),Benjamin KERR (Con),Ian Alexander BROWN (LD),skipped,skipped,skipped,3,6
3555,Steven PATERSON (SNP),Benjamin KERR (Con),Ian Alexander BROWN (LD),skipped,skipped,skipped,3,6
3556,Steven PATERSON (SNP),Benjamin KERR (Con),Ian Alexander BROWN (LD),skipped,skipped,skipped,3,6
3557,Steven PATERSON (SNP),Benjamin KERR (Con),Ian Alexander BROWN (LD),skipped,skipped,skipped,3,6
3558,Steven PATERSON (SNP),Benjamin KERR (Con),Ian Alexander BROWN (LD),skipped,skipped,skipped,3,6
3559,Steven PATERSON (SNP),Benjamin KERR (Con),Ian Alexander BROWN (LD),skipped,skipped,skipped,3,6
3560,Steven PATERSON (SNP),Benjamin KERR (Con),Ian Alexander BROWN (LD),skipped,skipped,skipped,3,6
3561,Steven PATERSON (SNP),Benjamin KERR (Con),Ian Alexander BROWN (LD),skipped,skipped,skipped,3,6
3562,Steven PATERSON (SNP),Benjamin KERR (Con),Ian Alexander BROWN (LD),skipped,skipped,skipped,3,6
3563,Steven PATERSON (SNP),Benjamin KERR (Con),Ian Alexander BROWN (LD),skipped,skipped,skipped,3,6
3564,Steven PATERSON (SNP),Benjamin KERR (Con),Ian Alexander BROWN (LD),skipped,skipped,skipped,3,6
3565,Steven PATERSON (SNP),Benjamin KERR (Con),Ian Alexander BROWN (LD),skipped,skipped,skipped,3,6
3566,Steven PATERSON (SNP),Benjamin KERR (Con),Ian Alexander BROWN (LD),Johannes BUTSCHER (Grn),skipped,skipped,3,6
3567,Steven PATERSON (SNP),Benjamin KERR (Con),Ian Alexander BROWN (LD),Johannes BUTSCHER (Grn),skipped,skipped,3,6
3568,Steven PATERSON (SNP),Benjamin KERR (Con),Ian Alexander BROWN (LD),Johannes BUTSCHER (Grn),skipped,skipped,3,6
3569,Steven PATERSON (SNP),Benjamin KERR (Con),Ian Alexander BROWN (LD),Johannes BUTSCHER (Grn),skipped,skipped,3,6
3570,Steven PATERSON (SNP),Benjamin KERR (Con),Ian Alexander BROWN (LD),Johannes BUTSCHER (Grn),Danny GIBSON (Lab),Corrie MCCHORD (Lab),3,6
3571,Steven PATERSON (SNP),Benjamin KERR (Con),Ian Alexander BROWN (LD),Danny GIBSON (Lab),Johannes BUTSCHER (Grn),Corrie MCCHORD (Lab),3,6
3572,Steven PATERSON (SNP),Benjamin KERR (Con),Ian Alexander BROWN (LD),Corrie MCCHORD (Lab),Johannes BUTSCHER (Grn),Danny GIBSON (Lab),3,6
3573,Steven PATERSON (SNP),Benjamin KERR (Con),Ian Alexander BROWN (LD),Corrie MCCHORD (Lab),Danny GIBSON (Lab),Johannes BUTSCHER (Grn),3,6
3574,Steven PATERSON (SNP),Benjamin KERR (Con),Johannes BUTSCHER (Grn),skipped,skipped,skipped,3,6
3575,Steven PATERSON (SNP),Benjamin KERR (Con),Johannes BUTSCHER (Grn),skipped,skipped,skipped,3,6
3576,Steven PATERSON (SNP),Benjamin KERR (Con),Johannes BUTSCHER (Grn),skipped,skipped,skipped,3,6
3577,Steven PATERSON (SNP),Benjamin KERR (Con),Johannes BUTSCHER (Grn),skipped,skipped,skipped,3,6
3578,Steven PATERSON (SNP),Benjamin KERR (Con),Johannes BUTSCHER (Grn),skipped,skipped,skipped,3,6
3579,Steven PATERSON (SNP),Benjamin KERR (Con),Johannes BUTSCHER (Grn),skipped,skipped,skipped,3,6
3580,Steven PATERSON (SNP),Benjamin KERR (Con),Johannes BUTSCHER (Grn),skipped,skipped,skipped,3,6
3581,Steven PATERSON (SNP),Benjamin KERR (Con),Johannes BUTSCHER (Grn),skipped,skipped,skipped,3,6
3582,Steven PATERSON (SNP),Benjamin KERR (Con),Johannes BUTSCHER (Grn),skipped,skipped,skipped,3,6
3583,Steven PATERSON (SNP),Benjamin KERR (Con),Johannes BUTSCHER (Grn),skipped,skipped,skipped,3,6
3584,Steven PATERSON (SNP),Benjamin KERR (Con),Johannes BUTSCHER (Grn),skipped,skipped,skipped,3,6
3585,Steven PATERSON (SNP),Benjamin KERR (Con),Johannes BUTSCHER (Grn),skipped,skipped,skipped,3,6
3586,Steven PATERSON (SNP),Benjamin KERR (Con),Johannes BUTSCHER (Grn),Ian Alexander BROWN (LD),skipped,skipped,3,6
3587,Steven PATERSON (SNP),Benjamin KERR (Con),Johannes BUTSCHER (Grn),Ian Alexander BROWN (LD),Corrie MCCHORD (Lab),Danny GIBSON (Lab),3,6
3588,Steven PATERSON (SNP),Benjamin KERR (Con),Johannes BUTSCHER (Grn),Ian Alexander BROWN (LD),Corrie MCCHORD (Lab),Danny GIBSON (Lab),3,6
3589,Steven PATERSON (SNP),Benjamin KERR (Con),Danny GIBSON (Lab),skipped,skipped,skipped,3,6
3590,Steven PATERSON (SNP),Benjamin KERR (Con),Danny GIBSON (Lab),skipped,skipped,skipped,3,6
3591,Steven PATERSON (SNP),Benjamin KERR (Con),Danny GIBSON (Lab),Corrie MCCHORD (Lab),Ian Alexander BROWN (LD),Johannes BUTSCHER (Grn),3,6
3592,Steven PATERSON (SNP),Benjamin KERR (Con),Danny GIBSON (Lab),Corrie MCCHORD (Lab),Ian Alexander BROWN (LD),Johannes BUTSCHER (Grn),3,6
3593,Steven PATERSON (SNP),Benjamin KERR (Con),Danny GIBSON (Lab),Corrie MCCHORD (Lab),Johannes BUTSCHER (Grn),Ian Alexander BROWN (LD),3,6
3594,Steven PATERSON (SNP),Benjamin KERR (Con),Corrie MCCHORD (Lab),skipped,skipped,skipped,3,6
3595,Steven PATERSON (SNP),Benjamin KERR (Con),Corrie MCCHORD (Lab),skipped,skipped,skipped,3,6
3596,Steven PATERSON (SNP),Benjamin KERR (Con),Corrie MCCHORD (Lab),skipped,skipped,skipped,3,6
3597,Steven PATERSON (SNP),Benjamin KERR (Con),Corrie MCCHORD (Lab),skipped,skipped,skipped,3,6
3598,Steven PATERSON (SNP),Benjamin KERR (Con),Corrie MCCHORD (Lab),skipped,skipped,skipped,3,6
3599,Steven PATERSON (SNP),Benjamin KERR (Con),Corrie MCCHORD (Lab),skipped,skipped,skipped,3,6
3600,Steven PATERSON (SNP),Benjamin KERR (Con),Corrie MCCHORD (Lab),skipped,skipped,skipped,3,6
3601,Steven PATERSON (SNP),Benjamin KERR (Con),Corrie MCCHORD (Lab),Ian Alexander BROWN (LD),Johannes BUTSCHER (Grn),Danny GIBSON (Lab),3,6
3602,Steven PATERSON (SNP),Benjamin KERR (Con),Corrie MCCHORD (Lab),Danny GIBSON (Lab),skipped,skipped,3,6
3603,Steven PATERSON (SNP),Benjamin KERR (Con),Corrie MCCHORD (Lab),Danny GIBSON (Lab),Ian Alexander BROWN (LD),Johannes BUTSCHER (Grn),3,6
3604,Steven PATERSON (SNP),Corrie MCCHORD (Lab),skipped,skipped,skipped,skipped,3,6
3605,Steven PATERSON (SNP),Corrie MCCHORD (Lab),skipped,skipped,skipped,skipped,3,6
3606,Steven PATERSON (SNP),Corrie MCCHORD (Lab),skipped,skipped,skipped,skipped,3,6
3607,Steven PATERSON (SNP),Corrie MCCHORD (Lab),skipped,skipped,skipped,skipped,3,6
3608,Steven PATERSON (SNP),Corrie MCCHORD (Lab),skipped,skipped,skipped,skipped,3,6
3609,Steven PATERSON (SNP),Corrie MCCHORD (Lab),skipped,skipped,skipped,skipped,3,6
3610,Steven PATERSON (SNP),Corrie MCCHORD (Lab),skipped,skipped,skipped,skipped,3,6
3611,Steven PATERSON (SNP),Corrie MCCHORD (Lab),skipped,skipped,skipped,skipped,3,6
3612,Steven PATERSON (SNP),Corrie MCCHORD (Lab),skipped,skipped,skipped,skipped,3,6
3613,Steven PATERSON (SNP),Corrie MCCHORD (Lab),skipped,skipped,skipped,skipped,3,6
3614,Steven PATERSON (SNP),Corrie MCCHORD (Lab),skipped,skipped,skipped,skipped,3,6
3615,Steven PATERSON (SNP),Corrie MCCHORD (Lab),skipped,skipped,skipped,skipped,3,6
3616,Steven PATERSON (SNP),Corrie MCCHORD (Lab),skipped,skipped,skipped,skipped,3,6
3617,Steven PATERSON (SNP),Corrie MCCHORD (Lab),skipped,skipped,skipped,skipped,3,6
3618,Steven PATERSON (SNP),Corrie MCCHORD (Lab),skipped,skipped,skipped,skipped,3,6
3619,Steven PATERSON (SNP),Corrie MCCHORD (Lab),skipped,skipped,skipped,skipped,3,6
3620,Steven PATERSON (SNP),Corrie MCCHORD (Lab),skipped,skipped,skipped,skipped,3,6
3621,Steven PATERSON (SNP),Corrie MCCHORD (Lab),skipped,skipped,skipped,skipped,3,6
3622,Steven PATERSON (SNP),Corrie MCCHORD (Lab),skipped,skipped,skipped,skipped,3,6
3623,Steven PATERSON (SNP),Corrie MCCHORD (Lab),skipped,skipped,skipped,skipped,3,6
3624,Steven PATERSON (SNP),Corrie MCCHORD (Lab),skipped,skipped,skipped,skipped,3,6
3625,Steven PATERSON (SNP),Corrie MCCHORD (Lab),skipped,skipped,skipped,skipped,3,6
3626,Steven PATERSON (SNP),Corrie MCCHORD (Lab),skipped,skipped,skipped,skipped,3,6
3627,Steven PATERSON (SNP),Corrie MCCHORD (Lab),skipped,skipped,skipped,skipped,3,6
3628,Steven PATERSON (SNP),Corrie MCCHORD (Lab),skipped,skipped,skipped,skipped,3,6
3629,Steven PATERSON (SNP),Corrie MCCHORD (Lab),skipped,skipped,skipped,skipped,3,6
3630,Steven PATERSON (SNP),Corrie MCCHORD (Lab),skipped,skipped,skipped,skipped,3,6
3631,Steven PATERSON (SNP),Corrie MCCHORD (Lab),skipped,skipped,skipped,skipped,3,6
3632,Steven PATERSON (SNP),Corrie MCCHORD (Lab),skipped,skipped,skipped,skipped,3,6
3633,Steven PATERSON (SNP),Corrie MCCHORD (Lab),skipped,skipped,skipped,skipped,3,6
3634,Steven PATERSON (SNP),Corrie MCCHORD (Lab),skipped,skipped,skipped,skipped,3,6
3635,Steven PATERSON (SNP),Corrie MCCHORD (Lab),skipped,skipped,skipped,skipped,3,6
3636,Steven PATERSON (SNP),Corrie MCCHORD (Lab),skipped,skipped,skipped,skipped,3,6
3637,Steven PATERSON (SNP),Corrie MCCHORD (Lab),skipped,skipped,skipped,skipped,3,6
3638,Steven PATERSON (SNP),Corrie MCCHORD (Lab),skipped,skipped,skipped,skipped,3,6
3639,Steven PATERSON (SNP),Corrie MCCHORD (Lab),skipped,skipped,skipped,skipped,3,6
3640,Steven PATERSON (SNP),Corrie MCCHORD (Lab),Ian Alexander BROWN (LD),skipped,skipped,skipped,3,6
3641,Steven PATERSON (SNP),Corrie MCCHORD (Lab),Ian Alexander BROWN (LD),skipped,skipped,skipped,3,6
3642,Steven PATERSON (SNP),Corrie MCCHORD (Lab),Ian Alexander BROWN (LD),skipped,skipped,skipped,3,6
3643,Steven PATERSON (SNP),Corrie MCCHORD (Lab),Ian Alexander BROWN (LD),skipped,skipped,skipped,3,6
3644,Steven PATERSON (SNP),Corrie MCCHORD (Lab),Ian Alexander BROWN (LD),skipped,skipped,skipped,3,6
3645,Steven PATERSON (SNP),Corrie MCCHORD (Lab),Ian Alexander BROWN (LD),skipped,skipped,skipped,3,6
3646,Steven PATERSON (SNP),Corrie MCCHORD (Lab),Ian Alexander BROWN (LD),skipped,skipped,skipped,3,6
3647,Steven PATERSON (SNP),Corrie MCCHORD (Lab),Ian Alexander BROWN (LD),skipped,skipped,skipped,3,6
3648,Steven PATERSON (SNP),Corrie MCCHORD (Lab),Ian Alexander BROWN (LD),skipped,skipped,skipped,3,6
3649,Steven PATERSON (SNP),Corrie MCCHORD (Lab),Ian Alexander BROWN (LD),skipped,skipped,skipped,3,6
3650,Steven PATERSON (SNP),Corrie MCCHORD (Lab),Ian Alexander BROWN (LD),skipped,skipped,skipped,3,6
3651,Steven PATERSON (SNP),Corrie MCCHORD (Lab),Ian Alexander BROWN (LD),skipped,skipped,skipped,3,6
3652,Steven PATERSON (SNP),Corrie MCCHORD (Lab),Ian Alexander BROWN (LD),skipped,skipped,skipped,3,6
3653,Steven PATERSON (SNP),Corrie MCCHORD (Lab),Ian Alexander BROWN (LD),skipped,skipped,skipped,3,6
3654,Steven PATERSON (SNP),Corrie MCCHORD (Lab),Ian Alexander BROWN (LD),skipped,skipped,skipped,3,6
3655,Steven PATERSON (SNP),Corrie MCCHORD (Lab),Ian Alexander BROWN (LD),skipped,skipped,skipped,3,6
3656,Steven PATERSON (SNP),Corrie MCCHORD (Lab),Ian Alexander BROWN (LD),skipped,skipped,skipped,3,6
3657,Steven PATERSON (SNP),Corrie MCCHORD (Lab),Ian Alexander BROWN (LD),Johannes BUTSCHER (Grn),Danny GIBSON (Lab),Benjamin KERR (Con),3,6
3658,Steven PATERSON (SNP),Corrie MCCHORD (Lab),Ian Alexander BROWN (LD),Johannes BUTSCHER (Grn),Benjamin KERR (Con),Danny GIBSON (Lab),3,6
3659,Steven PATERSON (SNP),Corrie MCCHORD (Lab),Ian Alexander BROWN (LD),Danny GIBSON (Lab),skipped,skipped,3,6
3660,Steven PATERSON (SNP),Corrie MCCHORD (Lab),Ian Alexander BROWN (LD),Danny GIBSON (Lab),skipped,skipped,3,6
3661,Steven PATERSON (SNP),Corrie MCCHORD (Lab),Ian Alexander BROWN (LD),Danny GIBSON (Lab),skipped,skipped,3,6
3662,Steven PATERSON (SNP),Corrie MCCHORD (Lab),Ian Alexander BROWN (LD),Danny GIBSON (Lab),skipped,skipped,3,6
3663,Steven PATERSON (SNP),Corrie MCCHORD (Lab),Ian Alexander BROWN (LD),Danny GIBSON (Lab),skipped,skipped,3,6
3664,Steven PATERSON (SNP),Corrie MCCHORD (Lab),Ian Alexander BROWN (LD),Danny GIBSON (Lab),skipped,skipped,3,6
3665,Steven PATERSON (SNP),Corrie MCCHORD (Lab),Ian Alexander BROWN (LD),Danny GIBSON (Lab),skipped,skipped,3,6
3666,Steven PATERSON (SNP),Corrie MCCHORD (Lab),Ian Alexander BROWN (LD),Danny GIBSON (Lab),Johannes BUTSCHER (Grn),Benjamin KERR (Con),3,6
3667,Steven PATERSON (SNP),Corrie MCCHORD (Lab),Ian Alexander BROWN (LD),Danny GIBSON (Lab),Johannes BUTSCHER (Grn),Benjamin KERR (Con),3,6
3668,Steven PATERSON (SNP),Corrie MCCHORD (Lab),Ian Alexander BROWN (LD),Danny GIBSON (Lab),Johannes BUTSCHER (Grn),Benjamin KERR (Con),3,6
3669,Steven PATERSON (SNP),Corrie MCCHORD (Lab),Ian Alexander BROWN (LD),Danny GIBSON (Lab),Benjamin KERR (Con),Johannes BUTSCHER (Grn),3,6
3670,Steven PATERSON (SNP),Corrie MCCHORD (Lab),Ian Alexander BROWN (LD),Danny GIBSON (Lab),Benjamin KERR (Con),Johannes BUTSCHER (Grn),3,6
3671,Steven PATERSON (SNP),Corrie MCCHORD (Lab),Ian Alexander BROWN (LD),Benjamin KERR (Con),Danny GIBSON (Lab),Johannes BUTSCHER (Grn),3,6
3672,Steven PATERSON (SNP),Corrie MCCHORD (Lab),Johannes BUTSCHER (Grn),skipped,skipped,skipped,3,6
3673,Steven PATERSON (SNP),Corrie MCCHORD (Lab),Johannes BUTSCHER (Grn),skipped,skipped,skipped,3,6
3674,Steven PATERSON (SNP),Corrie MCCHORD (Lab),Johannes BUTSCHER (Grn),skipped,skipped,skipped,3,6
3675,Steven PATERSON (SNP),Corrie MCCHORD (Lab),Johannes BUTSCHER (Grn),skipped,skipped,skipped,3,6
3676,Steven PATERSON (SNP),Corrie MCCHORD (Lab),Johannes BUTSCHER (Grn),skipped,skipped,skipped,3,6
3677,Steven PATERSON (SNP),Corrie MCCHORD (Lab),Johannes BUTSCHER (Grn),skipped,skipped,skipped,3,6
3678,Steven PATERSON (SNP),Corrie MCCHORD (Lab),Johannes BUTSCHER (Grn),skipped,skipped,skipped,3,6
3679,Steven PATERSON (SNP),Corrie MCCHORD (Lab),Johannes BUTSCHER (Grn),Ian Alexander BROWN (LD),Danny GIBSON (Lab),Benjamin KERR (Con),3,6
3680,Steven PATERSON (SNP),Corrie MCCHORD (Lab),Johannes BUTSCHER (Grn),Ian Alexander BROWN (LD),Danny GIBSON (Lab),Benjamin KERR (Con),3,6
3681,Steven PATERSON (SNP),Corrie MCCHORD (Lab),Johannes BUTSCHER (Grn),Danny GIBSON (Lab),skipped,skipped,3,6
3682,Steven PATERSON (SNP),Corrie MCCHORD (Lab),Johannes BUTSCHER (Grn),Danny GIBSON (Lab),skipped,skipped,3,6
3683,Steven PATERSON (SNP),Corrie MCCHORD (Lab),Johannes BUTSCHER (Grn),Danny GIBSON (Lab),Ian Alexander BROWN (LD),skipped,3,6
3684,Steven PATERSON (SNP),Corrie MCCHORD (Lab),Johannes BUTSCHER (Grn),Danny GIBSON (Lab),Ian Alexander BROWN (LD),Benjamin KERR (Con),3,6
3685,Steven PATERSON (SNP),Corrie MCCHORD (Lab),Johannes BUTSCHER (Grn),Danny GIBSON (Lab),Benjamin KERR (Con),Ian Alexander BROWN (LD),3,6
3686,Steven PATERSON (SNP),Corrie MCCHORD (Lab),Danny GIBSON (Lab),skipped,skipped,skipped,3,6
3687,Steven PATERSON (SNP),Corrie MCCHORD (Lab),Danny GIBSON (Lab),skipped,skipped,skipped,3,6
3688,Steven PATERSON (SNP),Corrie MCCHORD (Lab),Danny GIBSON (Lab),skipped,skipped,skipped,3,6
3689,Steven PATERSON (SNP),Corrie MCCHORD (Lab),Danny GIBSON (Lab),skipped,skipped,skipped,3,6
3690,Steven PATERSON (SNP),Corrie MCCHORD (Lab),Danny GIBSON (Lab),skipped,skipped,skipped,3,6
3691,Steven PATERSON (SNP),Corrie MCCHORD (Lab),Danny GIBSON (Lab),skipped,skipped,skipped,3,6
3692,Steven PATERSON (SNP),Corrie MCCHORD (Lab),Danny GIBSON (Lab),skipped,skipped,skipped,3,6
3693,Steven PATERSON (SNP),Corrie MCCHORD (Lab),Danny GIBSON (Lab),skipped,skipped,skipped,3,6
3694,Steven PATERSON (SNP),Corrie MCCHORD (Lab),Danny GIBSON (Lab),skipped,skipped,skipped,3,6
3695,Steven PATERSON (SNP),Corrie MCCHORD (Lab),Danny GIBSON (Lab),skipped,skipped,skipped,3,6
3696,Steven PATERSON (SNP),Corrie MCCHORD (Lab),Danny GIBSON (Lab),skipped,skipped,skipped,3,6
3697,Steven PATERSON (SNP),Corrie MCCHORD (Lab),Danny GIBSON (Lab),skipped,skipped,skipped,3,6
3698,Steven PATERSON (SNP),Corrie MCCHORD (Lab),Danny GIBSON (Lab),skipped,skipped,skipped,3,6
3699,Steven PATERSON (SNP),Corrie MCCHORD (Lab),Danny GIBSON (Lab),skipped,skipped,skipped,3,6
3700,Steven PATERSON (SNP),Corrie MCCHORD (Lab),Danny GIBSON (Lab),skipped,skipped,skipped,3,6
3701,Steven PATERSON (SNP),Corrie MCCHORD (Lab),Danny GIBSON (Lab),skipped,skipped,skipped,3,6
3702,Steven PATERSON (SNP),Corrie MCCHORD (Lab),Danny GIBSON (Lab),skipped,skipped,skipped,3,6
3703,Steven PATERSON (SNP),Corrie MCCHORD (Lab),Danny GIBSON (Lab),skipped,skipped,skipped,3,6
3704,Steven PATERSON (SNP),Corrie MCCHORD (Lab),Danny GIBSON (Lab),skipped,skipped,skipped,3,6
3705,Steven PATERSON (SNP),Corrie MCCHORD (Lab),Danny GIBSON (Lab),skipped,skipped,skipped,3,6
3706,Steven PATERSON (SNP),Corrie MCCHORD (Lab),Danny GIBSON (Lab),skipped,skipped,skipped,3,6
3707,Steven PATERSON (SNP),Corrie MCCHORD (Lab),Danny GIBSON (Lab),skipped,skipped,skipped,3,6
3708,Steven PATERSON (SNP),Corrie MCCHORD (Lab),Danny GIBSON (Lab),skipped,skipped,skipped,3,6
3709,Steven PATERSON (SNP),Corrie MCCHORD (Lab),Danny GIBSON (Lab),skipped,skipped,skipped,3,6
3710,Steven PATERSON (SNP),Corrie MCCHORD (Lab),Danny GIBSON (Lab),skipped,skipped,skipped,3,6
3711,Steven PATERSON (SNP),Corrie MCCHORD (Lab),Danny GIBSON (Lab),skipped,skipped,skipped,3,6
3712,Steven PATERSON (SNP),Corrie MCCHORD (Lab),Danny GIBSON (Lab),skipped,skipped,skipped,3,6
3713,Steven PATERSON (SNP),Corrie MCCHORD (Lab),Danny GIBSON (Lab),skipped,skipped,skipped,3,6
3714,Steven PATERSON (SNP),Corrie MCCHORD (Lab),Danny GIBSON (Lab),skipped,skipped,skipped,3,6
3715,Steven PATERSON (SNP),Corrie MCCHORD (Lab),Danny GIBSON (Lab),skipped,skipped,skipped,3,6
3716,Steven PATERSON (SNP),Corrie MCCHORD (Lab),Danny GIBSON (Lab),skipped,skipped,skipped,3,6
3717,Steven PATERSON (SNP),Corrie MCCHORD (Lab),Danny GIBSON (Lab),skipped,skipped,skipped,3,6
3718,Steven PATERSON (SNP),Corrie MCCHORD (Lab),Danny GIBSON (Lab),skipped,skipped,skipped,3,6
3719,Steven PATERSON (SNP),Corrie MCCHORD (Lab),Danny GIBSON (Lab),skipped,skipped,skipped,3,6
3720,Steven PATERSON (SNP),Corrie MCCHORD (Lab),Danny GIBSON (Lab),skipped,skipped,skipped,3,6
3721,Steven PATERSON (SNP),Corrie MCCHORD (Lab),Danny GIBSON (Lab),skipped,skipped,skipped,3,6
3722,Steven PATERSON (SNP),Corrie MCCHORD (Lab),Danny GIBSON (Lab),skipped,skipped,skipped,3,6
3723,Steven PATERSON (SNP),Corrie MCCHORD (Lab),Danny GIBSON (Lab),skipped,skipped,skipped,3,6
3724,Steven PATERSON (SNP),Corrie MCCHORD (Lab),Danny GIBSON (Lab),skipped,skipped,skipped,3,6
3725,Steven PATERSON (SNP),Corrie MCCHORD (Lab),Danny GIBSON (Lab),skipped,skipped,skipped,3,6
3726,Steven PATERSON (SNP),Corrie MCCHORD (Lab),Danny GIBSON (Lab),skipped,skipped,skipped,3,6
3727,Steven PATERSON (SNP),Corrie MCCHORD (Lab),Danny GIBSON (Lab),skipped,skipped,skipped,3,6
3728,Steven PATERSON (SNP),Corrie MCCHORD (Lab),Danny GIBSON (Lab),skipped,skipped,skipped,3,6
3729,Steven PATERSON (SNP),Corrie MCCHORD (Lab),Danny GIBSON (Lab),skipped,skipped,skipped,3,6
3730,Steven PATERSON (SNP),Corrie MCCHORD (Lab),Danny GIBSON (Lab),skipped,skipped,skipped,3,6
3731,Steven PATERSON (SNP),Corrie MCCHORD (Lab),Danny GIBSON (Lab),skipped,skipped,skipped,3,6
3732,Steven PATERSON (SNP),Corrie MCCHORD (Lab),Danny GIBSON (Lab),skipped,skipped,skipped,3,6
3733,Steven PATERSON (SNP),Corrie MCCHORD (Lab),Danny GIBSON (Lab),skipped,skipped,skipped,3,6
3734,Steven PATERSON (SNP),Corrie MCCHORD (Lab),Danny GIBSON (Lab),skipped,skipped,skipped,3,6
3735,Steven PATERSON (SNP),Corrie MCCHORD (Lab),Danny GIBSON (Lab),skipped,skipped,skipped,3,6
3736,Steven PATERSON (SNP),Corrie MCCHORD (Lab),Danny GIBSON (Lab),skipped,skipped,skipped,3,6
3737,Steven PATERSON (SNP),Corrie MCCHORD (Lab),Danny GIBSON (Lab),skipped,skipped,skipped,3,6
3738,Steven PATERSON (SNP),Corrie MCCHORD (Lab),Danny GIBSON (Lab),skipped,skipped,skipped,3,6
3739,Steven PATERSON (SNP),Corrie MCCHORD (Lab),Danny GIBSON (Lab),skipped,skipped,skipped,3,6
3740,Steven PATERSON (SNP),Corrie MCCHORD (Lab),Danny GIBSON (Lab),skipped,skipped,skipped,3,6
3741,Steven PATERSON (SNP),Corrie MCCHORD (Lab),Danny GIBSON (Lab),skipped,skipped,skipped,3,6
3742,Steven PATERSON (SNP),Corrie MCCHORD (Lab),Danny GIBSON (Lab),skipped,skipped,skipped,3,6
3743,Steven PATERSON (SNP),Corrie MCCHORD (Lab),Danny GIBSON (Lab),skipped,skipped,skipped,3,6
3744,Steven PATERSON (SNP),Corrie MCCHORD (Lab),Danny GIBSON (Lab),skipped,skipped,skipped,3,6
3745,Steven PATERSON (SNP),Corrie MCCHORD (Lab),Danny GIBSON (Lab),skipped,skipped,skipped,3,6
3746,Steven PATERSON (SNP),Corrie MCCHORD (Lab),Danny GIBSON (Lab),skipped,skipped,skipped,3,6
3747,Steven PATERSON (SNP),Corrie MCCHORD (Lab),Danny GIBSON (Lab),skipped,skipped,skipped,3,6
3748,Steven PATERSON (SNP),Corrie MCCHORD (Lab),Danny GIBSON (Lab),skipped,skipped,skipped,3,6
3749,Steven PATERSON (SNP),Corrie MCCHORD (Lab),Danny GIBSON (Lab),skipped,skipped,skipped,3,6
3750,Steven PATERSON (SNP),Corrie MCCHORD (Lab),Danny GIBSON (Lab),skipped,skipped,skipped,3,6
3751,Steven PATERSON (SNP),Corrie MCCHORD (Lab),Danny GIBSON (Lab),skipped,skipped,skipped,3,6
3752,Steven PATERSON (SNP),Corrie MCCHORD (Lab),Danny GIBSON (Lab),skipped,skipped,skipped,3,6
3753,Steven PATERSON (SNP),Corrie MCCHORD (Lab),Danny GIBSON (Lab),skipped,skipped,skipped,3,6
3754,Steven PATERSON (SNP),Corrie MCCHORD (Lab),Danny GIBSON (Lab),skipped,skipped,skipped,3,6
3755,Steven PATERSON (SNP),Corrie MCCHORD (Lab),Danny GIBSON (Lab),skipped,skipped,skipped,3,6
3756,Steven PATERSON (SNP),Corrie MCCHORD (Lab),Danny GIBSON (Lab),skipped,skipped,skipped,3,6
3757,Steven PATERSON (SNP),Corrie MCCHORD (Lab),Danny GIBSON (Lab),skipped,skipped,skipped,3,6
3758,Steven PATERSON (SNP),Corrie MCCHORD (Lab),Danny GIBSON (Lab),skipped,skipped,skipped,3,6
3759,Steven PATERSON (SNP),Corrie MCCHORD (Lab),Danny GIBSON (Lab),skipped,skipped,skipped,3,6
3760,Steven PATERSON (SNP),Corrie MCCHORD (Lab),Danny GIBSON (Lab),skipped,skipped,skipped,3,6
3761,Steven PATERSON (SNP),Corrie MCCHORD (Lab),Danny GIBSON (Lab),skipped,skipped,skipped,3,6
3762,Steven PATERSON (SNP),Corrie MCCHORD (Lab),Danny GIBSON (Lab),skipped,skipped,skipped,3,6
3763,Steven PATERSON (SNP),Corrie MCCHORD (Lab),Danny GIBSON (Lab),skipped,skipped,skipped,3,6
3764,Steven PATERSON (SNP),Corrie MCCHORD (Lab),Danny GIBSON (Lab),skipped,skipped,skipped,3,6
3765,Steven PATERSON (SNP),Corrie MCCHORD (Lab),Danny GIBSON (Lab),skipped,skipped,skipped,3,6
3766,Steven PATERSON (SNP),Corrie MCCHORD (Lab),Danny GIBSON (Lab),skipped,skipped,skipped,3,6
3767,Steven PATERSON (SNP),Corrie MCCHORD (Lab),Danny GIBSON (Lab),skipped,skipped,skipped,3,6
3768,Steven PATERSON (SNP),Corrie MCCHORD (Lab),Danny GIBSON (Lab),skipped,skipped,skipped,3,6
3769,Steven PATERSON (SNP),Corrie MCCHORD (Lab),Danny GIBSON (Lab),skipped,skipped,skipped,3,6
3770,Steven PATERSON (SNP),Corrie MCCHORD (Lab),Danny GIBSON (Lab),skipped,skipped,skipped,3,6
3771,Steven PATERSON (SNP),Corrie MCCHORD (Lab),Danny GIBSON (Lab),skipped,skipped,skipped,3,6
3772,Steven PATERSON (SNP),Corrie MCCHORD (Lab),Danny GIBSON (Lab),skipped,skipped,skipped,3,6
3773,Steven PATERSON (SNP),Corrie MCCHORD (Lab),Danny GIBSON (Lab),skipped,skipped,skipped,3,6
3774,Steven PATERSON (SNP),Corrie MCCHORD (Lab),Danny GIBSON (Lab),skipped,skipped,skipped,3,6
3775,Steven PATERSON (SNP),Corrie MCCHORD (Lab),Danny GIBSON (Lab),skipped,skipped,skipped,3,6
3776,Steven PATERSON (SNP),Corrie MCCHORD (Lab),Danny GIBSON (Lab),skipped,skipped,skipped,3,6
3777,Steven PATERSON (SNP),Corrie MCCHORD (Lab),Danny GIBSON (Lab),skipped,skipped,skipped,3,6
3778,Steven PATERSON (SNP),Corrie MCCHORD (Lab),Danny GIBSON (Lab),skipped,skipped,skipped,3,6
3779,Steven PATERSON (SNP),Corrie MCCHORD (Lab),Danny GIBSON (Lab),skipped,skipped,skipped,3,6
3780,Steven PATERSON (SNP),Corrie MCCHORD (Lab),Danny GIBSON (Lab),Ian Alexander BROWN (LD),skipped,skipped,3,6
3781,Steven PATERSON (SNP),Corrie MCCHORD (Lab),Danny GIBSON (Lab),Ian Alexander BROWN (LD),skipped,skipped,3,6
3782,Steven PATERSON (SNP),Corrie MCCHORD (Lab),Danny GIBSON (Lab),Ian Alexander BROWN (LD),skipped,skipped,3,6
3783,Steven PATERSON (SNP),Corrie MCCHORD (Lab),Danny GIBSON (Lab),Ian Alexander BROWN (LD),Johannes BUTSCHER (Grn),skipped,3,6
3784,Steven PATERSON (SNP),Corrie MCCHORD (Lab),Danny GIBSON (Lab),Ian Alexander BROWN (LD),Johannes BUTSCHER (Grn),skipped,3,6
3785,Steven PATERSON (SNP),Corrie MCCHORD (Lab),Danny GIBSON (Lab),Ian Alexander BROWN (LD),Johannes BUTSCHER (Grn),skipped,3,6
3786,Steven PATERSON (SNP),Corrie MCCHORD (Lab),Danny GIBSON (Lab),Ian Alexander BROWN (LD),Johannes BUTSCHER (Grn),Benjamin KERR (Con),3,6
3787,Steven PATERSON (SNP),Corrie MCCHORD (Lab),Danny GIBSON (Lab),Ian Alexander BROWN (LD),Johannes BUTSCHER (Grn),Benjamin KERR (Con),3,6
3788,Steven PATERSON (SNP),Corrie MCCHORD (Lab),Danny GIBSON (Lab),Ian Alexander BROWN (LD),Johannes BUTSCHER (Grn),Benjamin KERR (Con),3,6
3789,Steven PATERSON (SNP),Corrie MCCHORD (Lab),Danny GIBSON (Lab),Ian Alexander BROWN (LD),Johannes BUTSCHER (Grn),Benjamin KERR (Con),3,6
3790,Steven PATERSON (SNP),Corrie MCCHORD (Lab),Danny GIBSON (Lab),Ian Alexander BROWN (LD),Johannes BUTSCHER (Grn),Benjamin KERR (Con),3,6
3791,Steven PATERSON (SNP),Corrie MCCHORD (Lab),Danny GIBSON (Lab),Ian Alexander BROWN (LD),Johannes BUTSCHER (Grn),Benjamin KERR (Con),3,6
3792,Steven PATERSON (SNP),Corrie MCCHORD (Lab),Danny GIBSON (Lab),Ian Alexander BROWN (LD),Johannes BUTSCHER (Grn),Benjamin KERR (Con),3,6
3793,Steven PATERSON (SNP),Corrie MCCHORD (Lab),Danny GIBSON (Lab),Ian Alexander BROWN (LD),Johannes BUTSCHER (Grn),Benjamin KERR (Con),3,6
3794,Steven PATERSON (SNP),Corrie MCCHORD (Lab),Danny GIBSON (Lab),Ian Alexander BROWN (LD),Johannes BUTSCHER (Grn),Benjamin KERR (Con),3,6
3795,Steven PATERSON (SNP),Corrie MCCHORD (Lab),Danny GIBSON (Lab),Ian Alexander BROWN (LD),Johannes BUTSCHER (Grn),Benjamin KERR (Con),3,6
3796,Steven PATERSON (SNP),Corrie MCCHORD (Lab),Danny GIBSON (Lab),Ian Alexander BROWN (LD),Johannes BUTSCHER (Grn),Benjamin KERR (Con),3,6
3797,Steven PATERSON (SNP),Corrie MCCHORD (Lab),Danny GIBSON (Lab),Ian Alexander BROWN (LD),Johannes BUTSCHER (Grn),Benjamin KERR (Con),3,6
3798,Steven PATERSON (SNP),Corrie MCCHORD (Lab),Danny GIBSON (Lab),Ian Alexander BROWN (LD),Johannes BUTSCHER (Grn),Benjamin KERR (Con),3,6
3799,Steven PATERSON (SNP),Corrie MCCHORD (Lab),Danny GIBSON (Lab),Ian Alexander BROWN (LD),Johannes BUTSCHER (Grn),Benjamin KERR (Con),3,6
3800,Steven PATERSON (SNP),Corrie MCCHORD (Lab),Danny GIBSON (Lab),Ian Alexander BROWN (LD),Johannes BUTSCHER (Grn),Benjamin KERR (Con),3,6
3801,Steven PATERSON (SNP),Corrie MCCHORD (Lab),Danny GIBSON (Lab),Ian Alexander BROWN (LD),Johannes BUTSCHER (Grn),Benjamin KERR (Con),3,6
3802,Steven PATERSON (SNP),Corrie MCCHORD (Lab),Danny GIBSON (Lab),Ian Alexander BROWN (LD),Johannes BUTSCHER (Grn),Benjamin KERR (Con),3,6
3803,Steven PATERSON (SNP),Corrie MCCHORD (Lab),Danny GIBSON (Lab),Ian Alexander BROWN (LD),Benjamin KERR (Con),skipped,3,6
3804,Steven PATERSON (SNP),Corrie MCCHORD (Lab),Danny GIBSON (Lab),Ian Alexander BROWN (LD),Benjamin KERR (Con),Johannes BUTSCHER (Grn),3,6
3805,Steven PATERSON (SNP),Corrie MCCHORD (Lab),Danny GIBSON (Lab),Johannes BUTSCHER (Grn),skipped,skipped,3,6
3806,Steven PATERSON (SNP),Corrie MCCHORD (Lab),Danny GIBSON (Lab),Johannes BUTSCHER (Grn),skipped,skipped,3,6
3807,Steven PATERSON (SNP),Corrie MCCHORD (Lab),Danny GIBSON (Lab),Johannes BUTSCHER (Grn),skipped,skipped,3,6
3808,Steven PATERSON (SNP),Corrie MCCHORD (Lab),Danny GIBSON (Lab),Johannes BUTSCHER (Grn),skipped,skipped,3,6
3809,Steven PATERSON (SNP),Corrie MCCHORD (Lab),Danny GIBSON (Lab),Johannes BUTSCHER (Grn),skipped,skipped,3,6
3810,Steven PATERSON (SNP),Corrie MCCHORD (Lab),Danny GIBSON (Lab),Johannes BUTSCHER (Grn),skipped,skipped,3,6
3811,Steven PATERSON (SNP),Corrie MCCHORD (Lab),Danny GIBSON (Lab),Johannes BUTSCHER (Grn),skipped,skipped,3,6
3812,Steven PATERSON (SNP),Corrie MCCHORD (Lab),Danny GIBSON (Lab),Johannes BUTSCHER (Grn),skipped,skipped,3,6
3813,Steven PATERSON (SNP),Corrie MCCHORD (Lab),Danny GIBSON (Lab),Johannes BUTSCHER (Grn),skipped,skipped,3,6
3814,Steven PATERSON (SNP),Corrie MCCHORD (Lab),Danny GIBSON (Lab),Johannes BUTSCHER (Grn),skipped,skipped,3,6
3815,Steven PATERSON (SNP),Corrie MCCHORD (Lab),Danny GIBSON (Lab),Johannes BUTSCHER (Grn),skipped,skipped,3,6
3816,Steven PATERSON (SNP),Corrie MCCHORD (Lab),Danny GIBSON (Lab),Johannes BUTSCHER (Grn),Ian Alexander BROWN (LD),skipped,3,6
3817,Steven PATERSON (SNP),Corrie MCCHORD (Lab),Danny GIBSON (Lab),Johannes BUTSCHER (Grn),Ian Alexander BROWN (LD),skipped,3,6
3818,Steven PATERSON (SNP),Corrie MCCHORD (Lab),Danny GIBSON (Lab),Johannes BUTSCHER (Grn),Ian Alexander BROWN (LD),Benjamin KERR (Con),3,6
3819,Steven PATERSON (SNP),Corrie MCCHORD (Lab),Danny GIBSON (Lab),Johannes BUTSCHER (Grn),Ian Alexander BROWN (LD),Benjamin KERR (Con),3,6
3820,Steven PATERSON (SNP),Corrie MCCHORD (Lab),Danny GIBSON (Lab),Johannes BUTSCHER (Grn),Ian Alexander BROWN (LD),Benjamin KERR (Con),3,6
3821,Steven PATERSON (SNP),Corrie MCCHORD (Lab),Danny GIBSON (Lab),Johannes BUTSCHER (Grn),Ian Alexander BROWN (LD),Benjamin KERR (Con),3,6
3822,Steven PATERSON (SNP),Corrie MCCHORD (Lab),Danny GIBSON (Lab),Johannes BUTSCHER (Grn),Ian Alexander BROWN (LD),Benjamin KERR (Con),3,6
3823,Steven PATERSON (SNP),Corrie MCCHORD (Lab),Danny GIBSON (Lab),Johannes BUTSCHER (Grn),Ian Alexander BROWN (LD),Benjamin KERR (Con),3,6
3824,Steven PATERSON (SNP),Corrie MCCHORD (Lab),Danny GIBSON (Lab),Johannes BUTSCHER (Grn),Ian Alexander BROWN (LD),Benjamin KERR (Con),3,6
3825,Steven PATERSON (SNP),Corrie MCCHORD (Lab),Danny GIBSON (Lab),Johannes BUTSCHER (Grn),Ian Alexander BROWN (LD),Benjamin KERR (Con),3,6
3826,Steven PATERSON (SNP),Corrie MCCHORD (Lab),Danny GIBSON (Lab),Johannes BUTSCHER (Grn),Ian Alexander BROWN (LD),Benjamin KERR (Con),3,6
3827,Steven PATERSON (SNP),Corrie MCCHORD (Lab),Danny GIBSON (Lab),Johannes BUTSCHER (Grn),Ian Alexander BROWN (LD),Benjamin KERR (Con),3,6
3828,Steven PATERSON (SNP),Corrie MCCHORD (Lab),Danny GIBSON (Lab),Johannes BUTSCHER (Grn),Ian Alexander BROWN (LD),Benjamin KERR (Con),3,6
3829,Steven PATERSON (SNP),Corrie MCCHORD (Lab),Danny GIBSON (Lab),Johannes BUTSCHER (Grn),Ian Alexander BROWN (LD),Benjamin KERR (Con),3,6
3830,Steven PATERSON (SNP),Corrie MCCHORD (Lab),Danny GIBSON (Lab),Johannes BUTSCHER (Grn),Ian Alexander BROWN (LD),Benjamin KERR (Con),3,6
3831,Steven PATERSON (SNP),Corrie MCCHORD (Lab),Danny GIBSON (Lab),Johannes BUTSCHER (Grn),Ian Alexander BROWN (LD),Benjamin KERR (Con),3,6
3832,Steven PATERSON (SNP),Corrie MCCHORD (Lab),Danny GIBSON (Lab),Johannes BUTSCHER (Grn),Ian Alexander BROWN (LD),Benjamin KERR (Con),3,6
3833,Steven PATERSON (SNP),Corrie MCCHORD (Lab),Danny GIBSON (Lab),Johannes BUTSCHER (Grn),Ian Alexander BROWN (LD),Benjamin KERR (Con),3,6
3834,Steven PATERSON (SNP),Corrie MCCHORD (Lab),Danny GIBSON (Lab),Johannes BUTSCHER (Grn),Ian Alexander BROWN (LD),Benjamin KERR (Con),3,6
3835,Steven PATERSON (SNP),Corrie MCCHORD (Lab),Danny GIBSON (Lab),Johannes BUTSCHER (Grn),Ian Alexander BROWN (LD),Benjamin KERR (Con),3,6
3836,Steven PATERSON (SNP),Corrie MCCHORD (Lab),Danny GIBSON (Lab),Johannes BUTSCHER (Grn),Ian Alexander BROWN (LD),Benjamin KERR (Con),3,6
3837,Steven PATERSON (SNP),Corrie MCCHORD (Lab),Danny GIBSON (Lab),Johannes BUTSCHER (Grn),Ian Alexander BROWN (LD),Benjamin KERR (Con),3,6
3838,Steven PATERSON (SNP),Corrie MCCHORD (Lab),Danny GIBSON (Lab),Johannes BUTSCHER (Grn),Ian Alexander BROWN (LD),Benjamin KERR (Con),3,6
3839,Steven PATERSON (SNP),Corrie MCCHORD (Lab),Danny GIBSON (Lab),Johannes BUTSCHER (Grn),Ian Alexander BROWN (LD),Benjamin KERR (Con),3,6
3840,Steven PATERSON (SNP),Corrie MCCHORD (Lab),Danny GIBSON (Lab),Johannes BUTSCHER (Grn),Ian Alexander BROWN (LD),Benjamin KERR (Con),3,6
3841,Steven PATERSON (SNP),Corrie MCCHORD (Lab),Danny GIBSON (Lab),Johannes BUTSCHER (Grn),Ian Alexander BROWN (LD),Benjamin KERR (Con),3,6
3842,Steven PATERSON (SNP),Corrie MCCHORD (Lab),Danny GIBSON (Lab),Johannes BUTSCHER (Grn),Ian Alexander BROWN (LD),Benjamin KERR (Con),3,6
3843,Steven PATERSON (SNP),Corrie MCCHORD (Lab),Danny GIBSON (Lab),Johannes BUTSCHER (Grn),Ian Alexander BROWN (LD),Benjamin KERR (Con),3,6
3844,Steven PATERSON (SNP),Corrie MCCHORD (Lab),Danny GIBSON (Lab),Johannes BUTSCHER (Grn),Ian Alexander BROWN (LD),Benjamin KERR (Con),3,6
3845,Steven PATERSON (SNP),Corrie MCCHORD (Lab),Danny GIBSON (Lab),Johannes BUTSCHER (Grn),Benjamin KERR (Con),Ian Alexander BROWN (LD),3,6
3846,Steven PATERSON (SNP),Corrie MCCHORD (Lab),Danny GIBSON (Lab),Johannes BUTSCHER (Grn),Benjamin KERR (Con),Ian Alexander BROWN (LD),3,6
3847,Steven PATERSON (SNP),Corrie MCCHORD (Lab),Danny GIBSON (Lab),Johannes BUTSCHER (Grn),Benjamin KERR (Con),Ian Alexander BROWN (LD),3,6
3848,Steven PATERSON (SNP),Corrie MCCHORD (Lab),Danny GIBSON (Lab),Benjamin KERR (Con),skipped,skipped,3,6
3849,Steven PATERSON (SNP),Corrie MCCHORD (Lab),Danny GIBSON (Lab),Benjamin KERR (Con),skipped,skipped,3,6
3850,Steven PATERSON (SNP),Corrie MCCHORD (Lab),Danny GIBSON (Lab),Benjamin KERR (Con),Ian Alexander BROWN (LD),Johannes BUTSCHER (Grn),3,6
3851,Steven PATERSON (SNP),Corrie MCCHORD (Lab),Danny GIBSON (Lab),Benjamin KERR (Con),Ian Alexander BROWN (LD),Johannes BUTSCHER (Grn),3,6
3852,Steven PATERSON (SNP),Corrie MCCHORD (Lab),Danny GIBSON (Lab),Benjamin KERR (Con),Ian Alexander BROWN (LD),Johannes BUTSCHER (Grn),3,6
3853,Steven PATERSON (SNP),Corrie MCCHORD (Lab),Danny GIBSON (Lab),Benjamin KERR (Con),Johannes BUTSCHER (Grn),skipped,3,6
3854,Steven PATERSON (SNP),Corrie MCCHORD (Lab),Danny GIBSON (Lab),Benjamin KERR (Con),Johannes BUTSCHER (Grn),Ian Alexander BROWN (LD),3,6
3855,Steven PATERSON (SNP),Corrie MCCHORD (Lab),Danny GIBSON (Lab),Benjamin KERR (Con),Johannes BUTSCHER (Grn),Ian Alexander BROWN (LD),3,6
3856,Steven PATERSON (SNP),Corrie MCCHORD (Lab),Danny GIBSON (Lab),Benjamin KERR (Con),Johannes BUTSCHER (Grn),Ian Alexander BROWN (LD),3,6
3857,Steven PATERSON (SNP),Corrie MCCHORD (Lab),Benjamin KERR (Con),skipped,skipped,skipped,3,6
3858,Steven PATERSON (SNP),Corrie MCCHORD (Lab),Benjamin KERR (Con),skipped,skipped,skipped,3,6
3859,Steven PATERSON (SNP),Corrie MCCHORD (Lab),Benjamin KERR (Con),skipped,skipped,skipped,3,6
3860,Steven PATERSON (SNP),Corrie MCCHORD (Lab),Benjamin KERR (Con),skipped,skipped,skipped,3,6
3861,Steven PATERSON (SNP),Corrie MCCHORD (Lab),Benjamin KERR (Con),Johannes BUTSCHER (Grn),Danny GIBSON (Lab),Ian Alexander BROWN (LD),3,6
3862,Steven PATERSON (SNP),Corrie MCCHORD (Lab),Benjamin KERR (Con),Danny GIBSON (Lab),Ian Alexander BROWN (LD),Johannes BUTSCHER (Grn),3,6
3863,Steven PATERSON (SNP),Corrie MCCHORD (Lab),Benjamin KERR (Con),Danny GIBSON (Lab),Johannes BUTSCHER (Grn),Ian Alexander BROWN (LD),3,6
3864,Steven PATERSON (SNP),Corrie MCCHORD (Lab),Benjamin KERR (Con),Danny GIBSON (Lab),Johannes BUTSCHER (Grn),Ian Alexander BROWN (LD),3,6
3865,Steven PATERSON (SNP),Corrie MCCHORD (Lab),Benjamin KERR (Con),Danny GIBSON (Lab),Johannes BUTSCHER (Grn),Ian Alexander BROWN (LD),3,6
